symbol, expiry, amount, price, orderType, leverage, strategyTag, orderID, isCancel
btc_pax, None, 0.8, 3567.04, 21, 1, smm_btc, 155019675500, False
btc_pax, None, 0.8, 3571.31, 23, 1, smm_btc, 155019675501, False
btc_pax, None, 0.8, 3571.31, 23, 1, smm_btc, 155019675501, True
btc_pax, None, 0.8, 3571.3, 23, 1, smm_btc, 155019686603, False
btc_pax, None, 0.8, 3567.04, 21, 1, smm_btc, 155019675500, True
btc_pax, None, 0.8, 3558.48, 21, 1, smm_btc, 155019690505, False
btc_pax, None, 0.8, 3571.3, 23, 1, smm_btc, 155019686603, True
btc_pax, None, 0.8, 3558.48, 21, 1, smm_btc, 155019690505, True
btc_pax, None, 0.8, 3567.49, 21, 1, smm_btc, 155019691208, False
btc_pax, None, 0.8, 3567.49, 21, 1, smm_btc, 155019691208, True
btc_pax, None, 0.8, 3567.48, 21, 1, smm_btc, 155019691810, False
btc_pax, None, 0.8, 3571.31, 23, 1, smm_btc, 155019691811, False
btc_pax, None, 0.8, 3571.31, 23, 1, smm_btc, 155019691811, True
btc_pax, None, 0.8, 3571.3, 23, 1, smm_btc, 155019695613, False
btc_pax, None, 0.8, 3571.3, 23, 1, smm_btc, 155019695613, True
btc_pax, None, 0.8, 3571.31, 23, 1, smm_btc, 155019700315, False
btc_pax, None, 0.8, 3567.48, 21, 1, smm_btc, 155019691810, True
btc_pax, None, 0.8, 3567.1, 21, 1, smm_btc, 155019702217, False
btc_pax, None, 0.8, 3567.1, 21, 1, smm_btc, 155019702217, True
btc_pax, None, 0.8, 3571.31, 23, 1, smm_btc, 155019700315, True
btc_pax, None, 0.8, 3558.48, 21, 1, smm_btc, 155019707720, False
btc_pax, None, 0.8, 3575.6, 23, 1, smm_btc, 155019707721, False
btc_pax, None, 0.8, 3558.48, 21, 1, smm_btc, 155019707720, True
btc_pax, None, 0.8, 3567.1, 21, 1, smm_btc, 155019708323, False
btc_pax, None, 0.8, 3575.6, 23, 1, smm_btc, 155019707721, True
btc_pax, None, 0.8, 3571.31, 23, 1, smm_btc, 155019708825, False
btc_pax, None, 0.8, 3567.1, 21, 1, smm_btc, 155019708323, True
btc_pax, None, 0.8, 3567.83, 21, 1, smm_btc, 155019717827, False
btc_pax, None, 0.8, 3571.31, 23, 1, smm_btc, 155019708825, True
btc_pax, None, 0.8, 3572.15, 23, 1, smm_btc, 155019720529, False
btc_pax, None, 0.8, 3572.15, 23, 1, smm_btc, 155019720529, True
btc_pax, None, 0.8, 3572.14, 23, 1, smm_btc, 155019724631, False
btc_pax, None, 0.8, 3572.14, 23, 1, smm_btc, 155019724631, True
btc_pax, None, 0.8, 3572.15, 23, 1, smm_btc, 155019726833, False
btc_pax, None, 0.8, 3572.15, 23, 1, smm_btc, 155019726833, True
btc_pax, None, 0.8, 3572.14, 23, 1, smm_btc, 155019736535, False
btc_pax, None, 0.8, 3572.14, 23, 1, smm_btc, 155019736535, True
btc_pax, None, 0.8, 3571.9, 23, 1, smm_btc, 155019738637, False
btc_pax, None, 0.8, 3567.83, 21, 1, smm_btc, 155019717827, True
btc_pax, None, 0.8, 3568.53, 21, 1, smm_btc, 155019739539, False
btc_pax, None, 0.8, 3571.9, 23, 1, smm_btc, 155019738637, True
btc_pax, None, 0.8, 3570.07, 23, 1, smm_btc, 155019740741, False
btc_pax, None, 0.8, 3570.07, 23, 1, smm_btc, 155019740741, True
btc_pax, None, 0.8, 3568.53, 21, 1, smm_btc, 155019739539, True
btc_pax, None, 0.8, 3571.9, 23, 1, smm_btc, 155019741944, False
btc_pax, None, 0.8, 3568.41, 21, 1, smm_btc, 155019742445, False
btc_pax, None, 0.8, 3571.9, 23, 1, smm_btc, 155019741944, True
btc_pax, None, 0.8, 3571.89, 23, 1, smm_btc, 155019745547, False
btc_pax, None, 0.8, 3568.41, 21, 1, smm_btc, 155019742445, True
btc_pax, None, 0.8, 3568.14, 21, 1, smm_btc, 155019746849, False
btc_pax, None, 0.8, 3568.14, 21, 1, smm_btc, 155019746849, True
btc_pax, None, 0.8, 3571.89, 23, 1, smm_btc, 155019745547, True
btc_pax, None, 0.8, 3568.14, 21, 1, smm_btc, 155019749052, False
btc_pax, None, 0.8, 3571.9, 23, 1, smm_btc, 155019749053, False
btc_pax, None, 0.8, 3571.9, 23, 1, smm_btc, 155019749053, True
btc_pax, None, 0.8, 3571.89, 23, 1, smm_btc, 155019749955, False
btc_pax, None, 0.8, 3571.89, 23, 1, smm_btc, 155019749955, True
btc_pax, None, 0.8, 3572.45, 23, 1, smm_btc, 155019760357, False
btc_pax, None, 0.8, 3572.45, 23, 1, smm_btc, 155019760357, True
btc_pax, None, 0.8, 3572.44, 23, 1, smm_btc, 155019778059, False
btc_pax, None, 0.8, 3572.44, 23, 1, smm_btc, 155019778059, True
btc_pax, None, 0.8, 3572.44, 23, 1, smm_btc, 155019781761, False
btc_pax, None, 0.8, 3568.14, 21, 1, smm_btc, 155019749052, True
btc_pax, None, 0.8, 3572.44, 23, 1, smm_btc, 155019781761, True
btc_pax, None, 0.8, 3568.14, 21, 1, smm_btc, 155019786264, False
btc_pax, None, 0.8, 3572.44, 23, 1, smm_btc, 155019786265, False
btc_pax, None, 0.8, 3568.14, 21, 1, smm_btc, 155019786264, True
btc_pax, None, 0.8, 3572.44, 23, 1, smm_btc, 155019786265, True
btc_pax, None, 0.8, 3568.14, 21, 1, smm_btc, 155019794868, False
btc_pax, None, 0.8, 3572.44, 23, 1, smm_btc, 155019795569, False
btc_pax, None, 0.8, 3568.14, 21, 1, smm_btc, 155019794868, True
btc_pax, None, 0.8, 3568.21, 21, 1, smm_btc, 155019802071, False
btc_pax, None, 0.8, 3568.21, 21, 1, smm_btc, 155019802071, True
btc_pax, None, 0.8, 3568.4, 21, 1, smm_btc, 155019803073, False
btc_pax, None, 0.8, 3568.4, 21, 1, smm_btc, 155019803073, True
btc_pax, None, 0.8, 3568.88, 21, 1, smm_btc, 155019804075, False
btc_pax, None, 0.8, 3568.88, 21, 1, smm_btc, 155019804075, True
btc_pax, None, 0.8, 3569.0, 21, 1, smm_btc, 155019806677, False
btc_pax, None, 0.8, 3572.44, 23, 1, smm_btc, 155019795569, True
btc_pax, None, 0.8, 3569.0, 21, 1, smm_btc, 155019806677, True
btc_pax, None, 0.8, 3571.47, 23, 1, smm_btc, 155019807780, False
btc_pax, None, 0.8, 3568.88, 21, 1, smm_btc, 155019808081, False
btc_pax, None, 0.8, 3568.88, 21, 1, smm_btc, 155019808081, True
btc_pax, None, 0.8, 3568.96, 21, 1, smm_btc, 155019815483, False
btc_pax, None, 0.8, 3571.47, 23, 1, smm_btc, 155019807780, True
btc_pax, None, 0.8, 3570.51, 23, 1, smm_btc, 155019817985, False
btc_pax, None, 0.8, 3568.96, 21, 1, smm_btc, 155019815483, True
btc_pax, None, 0.8, 3568.42, 21, 1, smm_btc, 155019819787, False
btc_pax, None, 0.8, 3568.42, 21, 1, smm_btc, 155019819787, True
btc_pax, None, 0.8, 3568.02, 21, 1, smm_btc, 155019827189, False
btc_pax, None, 0.8, 3570.51, 23, 1, smm_btc, 155019817985, True
btc_pax, None, 0.8, 3570.32, 23, 1, smm_btc, 155019828391, False
btc_pax, None, 0.8, 3570.32, 23, 1, smm_btc, 155019828391, True
btc_pax, None, 0.8, 3570.51, 23, 1, smm_btc, 155019829693, False
btc_pax, None, 0.8, 3570.51, 23, 1, smm_btc, 155019829693, True
btc_pax, None, 0.8, 3570.07, 23, 1, smm_btc, 155019833895, False
btc_pax, None, 0.8, 3568.02, 21, 1, smm_btc, 155019827189, True
btc_pax, None, 0.8, 3570.07, 23, 1, smm_btc, 155019833895, True
btc_pax, None, 0.8, 3568.02, 21, 1, smm_btc, 155019834498, False
btc_pax, None, 0.8, 3570.32, 23, 1, smm_btc, 155019834499, False
btc_pax, None, 0.8, 3570.32, 23, 1, smm_btc, 155019834499, True
btc_pax, None, 0.8, 3570.51, 23, 1, smm_btc, 155019835701, False
btc_pax, None, 0.8, 3570.51, 23, 1, smm_btc, 155019835701, True
btc_pax, None, 0.8, 3571.47, 23, 1, smm_btc, 155019838203, False
btc_pax, None, 0.8, 3568.02, 21, 1, smm_btc, 155019834498, True
btc_pax, None, 0.8, 3569.0, 21, 1, smm_btc, 155019838805, False
btc_pax, None, 0.8, 3569.0, 21, 1, smm_btc, 155019838805, True
btc_pax, None, 0.8, 3568.49, 21, 1, smm_btc, 155019845307, False
btc_pax, None, 0.8, 3571.47, 23, 1, smm_btc, 155019838203, True
btc_pax, None, 0.8, 3570.21, 23, 1, smm_btc, 155019845609, False
btc_pax, None, 0.8, 3570.21, 23, 1, smm_btc, 155019845609, True
btc_pax, None, 0.8, 3568.49, 21, 1, smm_btc, 155019845307, True
btc_pax, None, 0.8, 3578.9, 23, 1, smm_btc, 155019847512, False
btc_pax, None, 0.8, 3568.49, 21, 1, smm_btc, 155019847813, False
btc_pax, None, 0.8, 3578.9, 23, 1, smm_btc, 155019847512, True
btc_pax, None, 0.8, 3570.21, 23, 1, smm_btc, 155019848115, False
btc_pax, None, 0.8, 3570.21, 23, 1, smm_btc, 155019848115, True
btc_pax, None, 0.8, 3571.47, 23, 1, smm_btc, 155019849817, False
btc_pax, None, 0.8, 3568.49, 21, 1, smm_btc, 155019847813, True
btc_pax, None, 0.8, 3569.22, 21, 1, smm_btc, 155019852219, False
btc_pax, None, 0.8, 3569.22, 21, 1, smm_btc, 155019852219, True
btc_pax, None, 0.8, 3571.47, 23, 1, smm_btc, 155019849817, True
btc_pax, None, 0.8, 3569.07, 21, 1, smm_btc, 155019860822, False
btc_pax, None, 0.8, 3570.32, 23, 1, smm_btc, 155019860823, False
btc_pax, None, 0.8, 3570.32, 23, 1, smm_btc, 155019860823, True
btc_pax, None, 0.8, 3571.47, 23, 1, smm_btc, 155019861425, False
btc_pax, None, 0.8, 3571.47, 23, 1, smm_btc, 155019861425, True
btc_pax, None, 0.8, 3572.36, 23, 1, smm_btc, 155019864527, False
btc_pax, None, 0.8, 3572.36, 23, 1, smm_btc, 155019864527, True
btc_pax, None, 0.8, 3570.3, 23, 1, smm_btc, 155019865129, False
btc_pax, None, 0.8, 3570.3, 23, 1, smm_btc, 155019865129, True
btc_pax, None, 0.8, 3570.3, 23, 1, smm_btc, 155019867331, False
btc_pax, None, 0.8, 3570.3, 23, 1, smm_btc, 155019867331, True
btc_pax, None, 0.8, 3570.27, 23, 1, smm_btc, 155019868733, False
btc_pax, None, 0.8, 3569.07, 21, 1, smm_btc, 155019860822, True
btc_pax, None, 0.8, 3570.27, 23, 1, smm_btc, 155019868733, True
btc_pax, None, 0.8, 3570.3, 23, 1, smm_btc, 155019874336, False
btc_pax, None, 0.8, 3570.02, 21, 1, smm_btc, 155019874737, False
btc_pax, None, 0.8, 3570.3, 23, 1, smm_btc, 155019874336, True
btc_pax, None, 0.8, 3572.33, 23, 1, smm_btc, 155019875039, False
btc_pax, None, 0.8, 3570.02, 21, 1, smm_btc, 155019874737, True
btc_pax, None, 0.8, 3572.33, 23, 1, smm_btc, 155019875039, True
btc_pax, None, 0.8, 3570.35, 21, 1, smm_btc, 155019876642, False
btc_pax, None, 0.8, 3572.11, 23, 1, smm_btc, 155019876643, False
btc_pax, None, 0.8, 3570.35, 21, 1, smm_btc, 155019876642, True
btc_pax, None, 0.8, 3569.73, 21, 1, smm_btc, 155019879145, False
btc_pax, None, 0.8, 3569.73, 21, 1, smm_btc, 155019879145, True
btc_pax, None, 0.8, 3560.79, 21, 1, smm_btc, 155019880247, False
btc_pax, None, 0.8, 3572.11, 23, 1, smm_btc, 155019876643, True
btc_pax, None, 0.8, 3580.38, 23, 1, smm_btc, 155019880549, False
btc_pax, None, 0.8, 3580.38, 23, 1, smm_btc, 155019880549, True
btc_pax, None, 0.8, 3560.79, 21, 1, smm_btc, 155019880247, True
btc_pax, None, 0.8, 3580.38, 23, 1, smm_btc, 155019881152, False
btc_pax, None, 0.8, 3569.24, 21, 1, smm_btc, 155019881453, False
btc_pax, None, 0.8, 3580.38, 23, 1, smm_btc, 155019881152, True
btc_pax, None, 0.8, 3569.24, 21, 1, smm_btc, 155019881453, True
btc_pax, None, 0.8, 3571.15, 23, 1, smm_btc, 155019882156, False
btc_pax, None, 0.8, 3569.13, 21, 1, smm_btc, 155019882857, False
btc_pax, None, 0.8, 3569.13, 21, 1, smm_btc, 155019882857, True
btc_pax, None, 0.8, 3569.48, 21, 1, smm_btc, 155019883659, False
btc_pax, None, 0.8, 3569.48, 21, 1, smm_btc, 155019883659, True
btc_pax, None, 0.8, 3568.98, 21, 1, smm_btc, 155019886461, False
btc_pax, None, 0.8, 3568.98, 21, 1, smm_btc, 155019886461, True
btc_pax, None, 0.8, 3568.6, 21, 1, smm_btc, 155019894863, False
btc_pax, None, 0.8, 3568.6, 21, 1, smm_btc, 155019894863, True
btc_pax, None, 0.8, 3569.29, 21, 1, smm_btc, 155019897965, False
btc_pax, None, 0.8, 3571.15, 23, 1, smm_btc, 155019882156, True
btc_pax, None, 0.8, 3569.29, 21, 1, smm_btc, 155019897965, True
btc_pax, None, 0.8, 3573.25, 23, 1, smm_btc, 155019899168, False
btc_pax, None, 0.8, 3569.54, 21, 1, smm_btc, 155019899569, False
btc_pax, None, 0.8, 3573.25, 23, 1, smm_btc, 155019899168, True
btc_pax, None, 0.8, 3573.24, 23, 1, smm_btc, 155019906871, False
btc_pax, None, 0.8, 3569.54, 21, 1, smm_btc, 155019899569, True
btc_pax, None, 0.8, 3569.11, 21, 1, smm_btc, 155019910373, False
btc_pax, None, 0.8, 3573.24, 23, 1, smm_btc, 155019906871, True
btc_pax, None, 0.8, 3573.25, 23, 1, smm_btc, 155019910975, False
btc_pax, None, 0.8, 3569.11, 21, 1, smm_btc, 155019910373, True
btc_pax, None, 0.8, 3573.25, 23, 1, smm_btc, 155019910975, True
btc_pax, None, 0.8, 3569.83, 21, 1, smm_btc, 155019911578, False
btc_pax, None, 0.8, 3573.24, 23, 1, smm_btc, 155019911579, False
btc_pax, None, 0.8, 3569.83, 21, 1, smm_btc, 155019911578, True
btc_pax, None, 0.8, 3573.24, 23, 1, smm_btc, 155019911579, True
btc_pax, None, 0.8, 3570.62, 21, 1, smm_btc, 155019917382, False
btc_pax, None, 0.8, 3573.24, 23, 1, smm_btc, 155019917383, False
btc_pax, None, 0.8, 3573.24, 23, 1, smm_btc, 155019917383, True
btc_pax, None, 0.8, 3573.25, 23, 1, smm_btc, 155019919985, False
btc_pax, None, 0.8, 3570.62, 21, 1, smm_btc, 155019917382, True
btc_pax, None, 0.8, 3573.25, 23, 1, smm_btc, 155019919985, True
btc_pax, None, 0.8, 3570.62, 21, 1, smm_btc, 155019924388, False
btc_pax, None, 0.8, 3573.25, 23, 1, smm_btc, 155019924389, False
btc_pax, None, 0.8, 3570.62, 21, 1, smm_btc, 155019924388, True
btc_pax, None, 0.8, 3573.25, 23, 1, smm_btc, 155019924389, True
btc_pax, None, 0.8, 3570.11, 21, 1, smm_btc, 155019929392, False
btc_pax, None, 0.8, 3571.61, 23, 1, smm_btc, 155019929393, False
btc_pax, None, 0.8, 3570.11, 21, 1, smm_btc, 155019929392, True
btc_pax, None, 0.8, 3570.87, 21, 1, smm_btc, 155019950095, False
btc_pax, None, 0.8, 3570.87, 21, 1, smm_btc, 155019950095, True
btc_pax, None, 0.8, 3570.43, 21, 1, smm_btc, 155019953997, False
btc_pax, None, 0.8, 3571.61, 23, 1, smm_btc, 155019929393, True
btc_pax, None, 0.8, 3570.43, 21, 1, smm_btc, 155019953997, True
btc_pax, None, 0.8, 3571.93, 23, 1, smm_btc, 155019959200, False
btc_pax, None, 0.8, 3571.52, 21, 1, smm_btc, 155019959701, False
btc_pax, None, 0.8, 3571.52, 21, 1, smm_btc, 155019959701, True
btc_pax, None, 0.8, 3572.7, 21, 1, smm_btc, 155019960303, False
btc_pax, None, 0.8, 3581.61, 23, 1, smm_btc, 155019960404, False
btc_pax, None, 0.8, 3572.7, 21, 1, smm_btc, 155019960303, True
btc_pax, None, 0.8, 3581.61, 23, 1, smm_btc, 155019960404, True
btc_pax, None, 0.8, 3572.72, 21, 1, smm_btc, 155019960907, False
btc_pax, None, 0.8, 3582.19, 23, 1, smm_btc, 155019960908, False
btc_pax, None, 0.8, 3572.72, 21, 1, smm_btc, 155019960907, True
btc_pax, None, 0.8, 3582.19, 23, 1, smm_btc, 155019960908, True
btc_pax, None, 0.8, 3573.49, 21, 1, smm_btc, 155019961511, False
btc_pax, None, 0.8, 3581.6, 23, 1, smm_btc, 155019961512, False
btc_pax, None, 0.8, 3581.6, 23, 1, smm_btc, 155019961512, True
btc_pax, None, 0.8, 3581.6, 23, 1, smm_btc, 155019962314, False
btc_pax, None, 0.8, 3581.6, 23, 1, smm_btc, 155019962314, True
btc_pax, None, 0.8, 3582.04, 23, 1, smm_btc, 155019962916, False
btc_pax, None, 0.8, 3582.04, 23, 1, smm_btc, 155019962916, True
btc_pax, None, 0.8, 3581.6, 23, 1, smm_btc, 155019964218, False
btc_pax, None, 0.8, 3581.6, 23, 1, smm_btc, 155019964218, True
btc_pax, None, 0.8, 3573.49, 21, 1, smm_btc, 155019961511, True
btc_pax, None, 0.8, 3581.6, 23, 1, smm_btc, 155019965121, False
btc_pax, None, 0.8, 3573.54, 21, 1, smm_btc, 155019965422, False
btc_pax, None, 0.8, 3581.6, 23, 1, smm_btc, 155019965121, True
btc_pax, None, 0.8, 3573.54, 21, 1, smm_btc, 155019965422, True
btc_pax, None, 0.8, 3581.6, 23, 1, smm_btc, 155019966425, False
btc_pax, None, 0.8, 3574.31, 21, 1, smm_btc, 155019966726, False
btc_pax, None, 0.8, 3581.6, 23, 1, smm_btc, 155019966425, True
btc_pax, None, 0.8, 3574.94, 23, 1, smm_btc, 155019968928, False
btc_pax, None, 0.8, 3574.34, 21, 1, smm_btc, 155019969529, False
btc_pax, None, 0.8, 3574.34, 21, 1, smm_btc, 155019969529, True
btc_pax, None, 0.8, 3573.51, 21, 1, smm_btc, 155019971831, False
btc_pax, None, 0.8, 3573.51, 21, 1, smm_btc, 155019971831, True
btc_pax, None, 0.8, 3573.54, 21, 1, smm_btc, 155019972433, False
btc_pax, None, 0.8, 3573.54, 21, 1, smm_btc, 155019972433, True
btc_pax, None, 0.8, 3574.94, 23, 1, smm_btc, 155019968928, True
btc_pax, None, 0.8, 3573.54, 21, 1, smm_btc, 155019973136, False
btc_pax, None, 0.8, 3574.94, 23, 1, smm_btc, 155019973137, False
btc_pax, None, 0.8, 3573.54, 21, 1, smm_btc, 155019973136, True
btc_pax, None, 0.8, 3573.67, 21, 1, smm_btc, 155019974939, False
btc_pax, None, 0.8, 3573.67, 21, 1, smm_btc, 155019974939, True
btc_pax, None, 0.8, 3573.57, 21, 1, smm_btc, 155019976241, False
btc_pax, None, 0.8, 3573.57, 21, 1, smm_btc, 155019976241, True
btc_pax, None, 0.8, 3573.66, 21, 1, smm_btc, 155019980643, False
btc_pax, None, 0.8, 3573.66, 21, 1, smm_btc, 155019980643, True
btc_pax, None, 0.8, 3573.57, 21, 1, smm_btc, 155019981345, False
btc_pax, None, 0.8, 3573.57, 21, 1, smm_btc, 155019981345, True
btc_pax, None, 0.8, 3573.11, 21, 1, smm_btc, 155019986247, False
btc_pax, None, 0.8, 3574.94, 23, 1, smm_btc, 155019973137, True
btc_pax, None, 0.8, 3576.62, 23, 1, smm_btc, 155019990749, False
btc_pax, None, 0.8, 3576.62, 23, 1, smm_btc, 155019990749, True
btc_pax, None, 0.8, 3576.62, 23, 1, smm_btc, 155019993251, False
btc_pax, None, 0.8, 3576.62, 23, 1, smm_btc, 155019993251, True
btc_pax, None, 0.8, 3573.11, 21, 1, smm_btc, 155019986247, True
btc_pax, None, 0.8, 3572.62, 21, 1, smm_btc, 155019996654, False
btc_pax, None, 0.8, 3575.6, 23, 1, smm_btc, 155019996655, False
btc_pax, None, 0.8, 3572.62, 21, 1, smm_btc, 155019996654, True
btc_pax, None, 0.8, 3573.38, 21, 1, smm_btc, 155020007957, False
btc_pax, None, 0.8, 3573.38, 21, 1, smm_btc, 155020007957, True
btc_pax, None, 0.8, 3572.74, 21, 1, smm_btc, 155020013959, False
btc_pax, None, 0.8, 3572.74, 21, 1, smm_btc, 155020013959, True
btc_pax, None, 0.8, 3575.6, 23, 1, smm_btc, 155019996655, True
btc_pax, None, 0.8, 3573.46, 21, 1, smm_btc, 155020023862, False
btc_pax, None, 0.8, 3577.87, 23, 1, smm_btc, 155020023863, False
btc_pax, None, 0.8, 3573.46, 21, 1, smm_btc, 155020023862, True
btc_pax, None, 0.8, 3577.87, 23, 1, smm_btc, 155020023863, True
btc_pax, None, 0.8, 3576.24, 21, 1, smm_btc, 155020026966, False
btc_pax, None, 0.8, 3577.87, 23, 1, smm_btc, 155020026967, False
btc_pax, None, 0.8, 3576.24, 21, 1, smm_btc, 155020026966, True
btc_pax, None, 0.8, 3576.44, 21, 1, smm_btc, 155020033469, False
btc_pax, None, 0.8, 3576.44, 21, 1, smm_btc, 155020033469, True
btc_pax, None, 0.8, 3576.96, 21, 1, smm_btc, 155020034871, False
btc_pax, None, 0.8, 3576.96, 21, 1, smm_btc, 155020034871, True
btc_pax, None, 0.8, 3576.5, 21, 1, smm_btc, 155020035473, False
btc_pax, None, 0.8, 3576.5, 21, 1, smm_btc, 155020035473, True
btc_pax, None, 0.8, 3576.82, 21, 1, smm_btc, 155020040375, False
btc_pax, None, 0.8, 3576.82, 21, 1, smm_btc, 155020040375, True
btc_pax, None, 0.8, 3576.89, 21, 1, smm_btc, 155020042677, False
btc_pax, None, 0.8, 3576.89, 21, 1, smm_btc, 155020042677, True
btc_pax, None, 0.8, 3576.82, 21, 1, smm_btc, 155020044579, False
btc_pax, None, 0.8, 3576.82, 21, 1, smm_btc, 155020044579, True
btc_pax, None, 0.8, 3575.38, 21, 1, smm_btc, 155020045281, False
btc_pax, None, 0.8, 3575.38, 21, 1, smm_btc, 155020045281, True
btc_pax, None, 0.8, 3577.87, 23, 1, smm_btc, 155020026967, True
btc_pax, None, 0.8, 3574.55, 21, 1, smm_btc, 155020046384, False
btc_pax, None, 0.8, 3577.85, 23, 1, smm_btc, 155020047385, False
btc_pax, None, 0.8, 3577.85, 23, 1, smm_btc, 155020047385, True
btc_pax, None, 0.8, 3577.85, 23, 1, smm_btc, 155020050387, False
btc_pax, None, 0.8, 3574.55, 21, 1, smm_btc, 155020046384, True
btc_pax, None, 0.8, 3577.85, 23, 1, smm_btc, 155020050387, True
btc_pax, None, 0.8, 3578.76, 23, 1, smm_btc, 155020051890, False
btc_pax, None, 0.8, 3576.22, 21, 1, smm_btc, 155020052291, False
btc_pax, None, 0.8, 3576.22, 21, 1, smm_btc, 155020052291, True
btc_pax, None, 0.8, 3568.25, 21, 1, smm_btc, 155020053493, False
btc_pax, None, 0.8, 3578.76, 23, 1, smm_btc, 155020051890, True
btc_pax, None, 0.8, 3568.25, 21, 1, smm_btc, 155020053493, True
btc_pax, None, 0.8, 3583.87, 23, 1, smm_btc, 155020053796, False
btc_pax, None, 0.8, 3567.82, 21, 1, smm_btc, 155020054397, False
btc_pax, None, 0.8, 3583.87, 23, 1, smm_btc, 155020053796, True
btc_pax, None, 0.8, 3567.82, 21, 1, smm_btc, 155020054397, True
btc_pax, None, 0.8, 3567.78, 21, 1, smm_btc, 155020054900, False
btc_pax, None, 0.8, 3584.11, 23, 1, smm_btc, 155020054901, False
btc_pax, None, 0.8, 3567.78, 21, 1, smm_btc, 155020054900, True
btc_pax, None, 0.8, 3584.11, 23, 1, smm_btc, 155020054901, True
btc_pax, None, 0.8, 3576.57, 21, 1, smm_btc, 155020055704, False
btc_pax, None, 0.8, 3578.76, 23, 1, smm_btc, 155020055705, False
btc_pax, None, 0.8, 3576.57, 21, 1, smm_btc, 155020055704, True
btc_pax, None, 0.8, 3578.76, 23, 1, smm_btc, 155020055705, True
btc_pax, None, 0.8, 3576.4, 21, 1, smm_btc, 155020059108, False
btc_pax, None, 0.8, 3576.4, 21, 1, smm_btc, 155020059108, True
btc_pax, None, 0.8, 3583.57, 23, 1, smm_btc, 155020059710, False
btc_pax, None, 0.8, 3576.27, 21, 1, smm_btc, 155020060011, False
btc_pax, None, 0.8, 3583.57, 23, 1, smm_btc, 155020059710, True
btc_pax, None, 0.8, 3578.61, 23, 1, smm_btc, 155020061013, False
btc_pax, None, 0.8, 3576.27, 21, 1, smm_btc, 155020060011, True
btc_pax, None, 0.8, 3575.6, 21, 1, smm_btc, 155020063515, False
btc_pax, None, 0.8, 3578.61, 23, 1, smm_btc, 155020061013, True
btc_pax, None, 0.8, 3577.82, 23, 1, smm_btc, 155020066017, False
btc_pax, None, 0.8, 3575.6, 21, 1, smm_btc, 155020063515, True
btc_pax, None, 0.8, 3577.82, 23, 1, smm_btc, 155020066017, True
btc_pax, None, 0.8, 3575.6, 21, 1, smm_btc, 155020069320, False
btc_pax, None, 0.8, 3578.76, 23, 1, smm_btc, 155020069321, False
btc_pax, None, 0.8, 3575.6, 21, 1, smm_btc, 155020069320, True
btc_pax, None, 0.8, 3576.64, 21, 1, smm_btc, 155020070523, False
btc_pax, None, 0.8, 3576.64, 21, 1, smm_btc, 155020070523, True
btc_pax, None, 0.8, 3576.33, 21, 1, smm_btc, 155020071425, False
btc_pax, None, 0.8, 3578.76, 23, 1, smm_btc, 155020069321, True
btc_pax, None, 0.8, 3578.13, 23, 1, smm_btc, 155020079227, False
btc_pax, None, 0.8, 3578.13, 23, 1, smm_btc, 155020079227, True
btc_pax, None, 0.8, 3578.76, 23, 1, smm_btc, 155020079929, False
btc_pax, None, 0.8, 3578.76, 23, 1, smm_btc, 155020079929, True
btc_pax, None, 0.8, 3579.17, 23, 1, smm_btc, 155020080631, False
btc_pax, None, 0.8, 3576.33, 21, 1, smm_btc, 155020071425, True
btc_pax, None, 0.8, 3576.15, 21, 1, smm_btc, 155020082133, False
btc_pax, None, 0.8, 3576.15, 21, 1, smm_btc, 155020082133, True
btc_pax, None, 0.8, 3576.38, 21, 1, smm_btc, 155020083935, False
btc_pax, None, 0.8, 3576.38, 21, 1, smm_btc, 155020083935, True
btc_pax, None, 0.8, 3567.78, 21, 1, smm_btc, 155020088037, False
btc_pax, None, 0.8, 3579.17, 23, 1, smm_btc, 155020080631, True
btc_pax, None, 0.8, 3567.78, 21, 1, smm_btc, 155020088037, True
btc_pax, None, 0.8, 3578.11, 23, 1, smm_btc, 155020088340, False
btc_pax, None, 0.8, 3575.39, 21, 1, smm_btc, 155020088641, False
btc_pax, None, 0.8, 3575.39, 21, 1, smm_btc, 155020088641, True
btc_pax, None, 0.8, 3565.05, 21, 1, smm_btc, 155020090143, False
btc_pax, None, 0.8, 3578.11, 23, 1, smm_btc, 155020088340, True
btc_pax, None, 0.8, 3565.05, 21, 1, smm_btc, 155020090143, True
btc_pax, None, 0.8, 3573.65, 21, 1, smm_btc, 155020090846, False
btc_pax, None, 0.8, 3573.65, 21, 1, smm_btc, 155020090846, True
btc_pax, None, 0.8, 3582.95, 23, 1, smm_btc, 155020091148, False
btc_pax, None, 0.8, 3573.65, 21, 1, smm_btc, 155020091449, False
btc_pax, None, 0.8, 3582.95, 23, 1, smm_btc, 155020091148, True
btc_pax, None, 0.8, 3573.65, 21, 1, smm_btc, 155020091449, True
btc_pax, None, 0.8, 3583.37, 23, 1, smm_btc, 155020092652, False
btc_pax, None, 0.8, 3574.39, 21, 1, smm_btc, 155020093553, False
btc_pax, None, 0.8, 3583.37, 23, 1, smm_btc, 155020092652, True
btc_pax, None, 0.8, 3574.39, 21, 1, smm_btc, 155020093553, True
btc_pax, None, 0.8, 3577.76, 23, 1, smm_btc, 155020093956, False
btc_pax, None, 0.8, 3573.62, 21, 1, smm_btc, 155020094257, False
btc_pax, None, 0.8, 3573.62, 21, 1, smm_btc, 155020094257, True
btc_pax, None, 0.8, 3575.14, 21, 1, smm_btc, 155020096759, False
btc_pax, None, 0.8, 3575.14, 21, 1, smm_btc, 155020096759, True
btc_pax, None, 0.8, 3574.93, 21, 1, smm_btc, 155020097361, False
btc_pax, None, 0.8, 3574.93, 21, 1, smm_btc, 155020097361, True
btc_pax, None, 0.8, 3577.76, 23, 1, smm_btc, 155020093956, True
btc_pax, None, 0.8, 3566.89, 21, 1, smm_btc, 155020098764, False
btc_pax, None, 0.8, 3583.37, 23, 1, smm_btc, 155020098765, False
btc_pax, None, 0.8, 3566.89, 21, 1, smm_btc, 155020098764, True
btc_pax, None, 0.8, 3583.37, 23, 1, smm_btc, 155020098765, True
btc_pax, None, 0.8, 3574.27, 21, 1, smm_btc, 155020099668, False
btc_pax, None, 0.8, 3574.27, 21, 1, smm_btc, 155020099668, True
btc_pax, None, 0.8, 3573.91, 21, 1, smm_btc, 155020100570, False
btc_pax, None, 0.8, 3576.61, 23, 1, smm_btc, 155020100571, False
btc_pax, None, 0.8, 3576.61, 23, 1, smm_btc, 155020100571, True
btc_pax, None, 0.8, 3573.91, 21, 1, smm_btc, 155020100570, True
btc_pax, None, 0.8, 3577.54, 23, 1, smm_btc, 155020101574, False
btc_pax, None, 0.8, 3573.55, 21, 1, smm_btc, 155020103575, False
btc_pax, None, 0.8, 3573.55, 21, 1, smm_btc, 155020103575, True
btc_pax, None, 0.8, 3573.18, 21, 1, smm_btc, 155020113177, False
btc_pax, None, 0.8, 3573.18, 21, 1, smm_btc, 155020113177, True
btc_pax, None, 0.8, 3572.75, 21, 1, smm_btc, 155020115179, False
btc_pax, None, 0.8, 3572.75, 21, 1, smm_btc, 155020115179, True
btc_pax, None, 0.8, 3573.48, 21, 1, smm_btc, 155020119481, False
btc_pax, None, 0.8, 3577.54, 23, 1, smm_btc, 155020101574, True
btc_pax, None, 0.8, 3577.53, 23, 1, smm_btc, 155020121083, False
btc_pax, None, 0.8, 3577.53, 23, 1, smm_btc, 155020121083, True
btc_pax, None, 0.8, 3573.48, 21, 1, smm_btc, 155020119481, True
btc_pax, None, 0.8, 3577.54, 23, 1, smm_btc, 155020123486, False
btc_pax, None, 0.8, 3574.59, 21, 1, smm_btc, 155020123787, False
btc_pax, None, 0.8, 3574.59, 21, 1, smm_btc, 155020123787, True
btc_pax, None, 0.8, 3574.67, 21, 1, smm_btc, 155020138289, False
btc_pax, None, 0.8, 3574.67, 21, 1, smm_btc, 155020138289, True
btc_pax, None, 0.8, 3574.33, 21, 1, smm_btc, 155020139291, False
btc_pax, None, 0.8, 3574.33, 21, 1, smm_btc, 155020139291, True
btc_pax, None, 0.8, 3577.54, 23, 1, smm_btc, 155020123486, True
btc_pax, None, 0.8, 3566.76, 21, 1, smm_btc, 155020140694, False
btc_pax, None, 0.8, 3581.8, 23, 1, smm_btc, 155020140695, False
btc_pax, None, 0.8, 3566.76, 21, 1, smm_btc, 155020140694, True
btc_pax, None, 0.8, 3581.8, 23, 1, smm_btc, 155020140695, True
btc_pax, None, 0.8, 3574.33, 21, 1, smm_btc, 155020141298, False
btc_pax, None, 0.8, 3577.54, 23, 1, smm_btc, 155020141299, False
btc_pax, None, 0.8, 3574.33, 21, 1, smm_btc, 155020141298, True
btc_pax, None, 0.8, 3574.47, 21, 1, smm_btc, 155020142101, False
btc_pax, None, 0.8, 3574.47, 21, 1, smm_btc, 155020142101, True
btc_pax, None, 0.8, 3574.33, 21, 1, smm_btc, 155020144403, False
btc_pax, None, 0.8, 3577.54, 23, 1, smm_btc, 155020141299, True
btc_pax, None, 0.8, 3577.53, 23, 1, smm_btc, 155020150805, False
btc_pax, None, 0.8, 3577.53, 23, 1, smm_btc, 155020150805, True
btc_pax, None, 0.8, 3577.54, 23, 1, smm_btc, 155020152107, False
btc_pax, None, 0.8, 3574.33, 21, 1, smm_btc, 155020144403, True
btc_pax, None, 0.8, 3575.13, 21, 1, smm_btc, 155020154709, False
btc_pax, None, 0.8, 3575.13, 21, 1, smm_btc, 155020154709, True
btc_pax, None, 0.8, 3574.72, 21, 1, smm_btc, 155020157711, False
btc_pax, None, 0.8, 3574.72, 21, 1, smm_btc, 155020157711, True
btc_pax, None, 0.8, 3574.1, 21, 1, smm_btc, 155020161813, False
btc_pax, None, 0.8, 3574.1, 21, 1, smm_btc, 155020161813, True
btc_pax, None, 0.8, 3573.74, 21, 1, smm_btc, 155020170215, False
btc_pax, None, 0.8, 3573.74, 21, 1, smm_btc, 155020170215, True
btc_pax, None, 0.8, 3573.07, 21, 1, smm_btc, 155020173717, False
btc_pax, None, 0.8, 3577.54, 23, 1, smm_btc, 155020152107, True
btc_pax, None, 0.8, 3576.61, 23, 1, smm_btc, 155020175919, False
btc_pax, None, 0.8, 3573.07, 21, 1, smm_btc, 155020173717, True
btc_pax, None, 0.8, 3576.61, 23, 1, smm_btc, 155020175919, True
btc_pax, None, 0.8, 3572.64, 21, 1, smm_btc, 155020176522, False
btc_pax, None, 0.8, 3576.53, 23, 1, smm_btc, 155020176523, False
btc_pax, None, 0.8, 3576.53, 23, 1, smm_btc, 155020176523, True
btc_pax, None, 0.8, 3576.52, 23, 1, smm_btc, 155020178025, False
btc_pax, None, 0.8, 3572.64, 21, 1, smm_btc, 155020176522, True
btc_pax, None, 0.8, 3576.52, 23, 1, smm_btc, 155020178025, True
btc_pax, None, 0.8, 3576.33, 23, 1, smm_btc, 155020178728, False
btc_pax, None, 0.8, 3572.77, 21, 1, smm_btc, 155020179029, False
btc_pax, None, 0.8, 3572.77, 21, 1, smm_btc, 155020179029, True
btc_pax, None, 0.8, 3572.58, 21, 1, smm_btc, 155020184031, False
btc_pax, None, 0.8, 3576.33, 23, 1, smm_btc, 155020178728, True
btc_pax, None, 0.8, 3576.34, 23, 1, smm_btc, 155020190733, False
btc_pax, None, 0.8, 3572.58, 21, 1, smm_btc, 155020184031, True
btc_pax, None, 0.8, 3576.34, 23, 1, smm_btc, 155020190733, True
btc_pax, None, 0.8, 3574.45, 21, 1, smm_btc, 155020193636, False
btc_pax, None, 0.8, 3576.34, 23, 1, smm_btc, 155020193637, False
btc_pax, None, 0.8, 3574.45, 21, 1, smm_btc, 155020193636, True
btc_pax, None, 0.8, 3576.34, 23, 1, smm_btc, 155020193637, True
btc_pax, None, 0.8, 3574.45, 21, 1, smm_btc, 155020195340, False
btc_pax, None, 0.8, 3576.34, 23, 1, smm_btc, 155020195341, False
btc_pax, None, 0.8, 3574.45, 21, 1, smm_btc, 155020195340, True
btc_pax, None, 0.8, 3576.34, 23, 1, smm_btc, 155020195341, True
btc_pax, None, 0.8, 3574.63, 21, 1, smm_btc, 155020196544, False
btc_pax, None, 0.8, 3576.33, 23, 1, smm_btc, 155020196545, False
btc_pax, None, 0.8, 3574.63, 21, 1, smm_btc, 155020196544, True
btc_pax, None, 0.8, 3574.45, 21, 1, smm_btc, 155020198647, False
btc_pax, None, 0.8, 3574.45, 21, 1, smm_btc, 155020198647, True
btc_pax, None, 0.8, 3574.06, 21, 1, smm_btc, 155020201749, False
btc_pax, None, 0.8, 3574.06, 21, 1, smm_btc, 155020201749, True
btc_pax, None, 0.8, 3576.33, 23, 1, smm_btc, 155020196545, True
btc_pax, None, 0.8, 3563.12, 21, 1, smm_btc, 155020203952, False
btc_pax, None, 0.8, 3580.38, 23, 1, smm_btc, 155020203953, False
btc_pax, None, 0.8, 3563.12, 21, 1, smm_btc, 155020203952, True
btc_pax, None, 0.8, 3580.38, 23, 1, smm_btc, 155020203953, True
btc_pax, None, 0.8, 3571.77, 21, 1, smm_btc, 155020204556, False
btc_pax, None, 0.8, 3574.48, 23, 1, smm_btc, 155020204557, False
btc_pax, None, 0.8, 3571.77, 21, 1, smm_btc, 155020204556, True
btc_pax, None, 0.8, 3572.51, 21, 1, smm_btc, 155020209259, False
btc_pax, None, 0.8, 3572.51, 21, 1, smm_btc, 155020209259, True
btc_pax, None, 0.585306, 3570.6, 21, 1, smm_btc, 155020210661, False
btc_pax, None, 0.8, 3574.48, 23, 1, smm_btc, 155020204557, True
btc_pax, None, 0.585306, 3570.6, 21, 1, smm_btc, 155020210661, True
btc_pax, None, 0.8, 3581.38, 23, 1, smm_btc, 155020212864, False
btc_pax, None, 0.585306, 3570.63, 21, 1, smm_btc, 155020213665, False
btc_pax, None, 0.8, 3581.38, 23, 1, smm_btc, 155020212864, True
btc_pax, None, 0.8, 3574.37, 23, 1, smm_btc, 155020213967, False
btc_pax, None, 0.585306, 3570.63, 21, 1, smm_btc, 155020213665, True
btc_pax, None, 0.585306, 3570.6, 21, 1, smm_btc, 155020215769, False
btc_pax, None, 0.585306, 3570.6, 21, 1, smm_btc, 155020215769, True
btc_pax, None, 0.585306, 3571.95, 21, 1, smm_btc, 155020232771, False
btc_pax, None, 0.585306, 3571.95, 21, 1, smm_btc, 155020232771, True
btc_pax, None, 0.585306, 3570.6, 21, 1, smm_btc, 155020233473, False
btc_pax, None, 0.585306, 3570.6, 21, 1, smm_btc, 155020233473, True
btc_pax, None, 0.585306, 3572.43, 21, 1, smm_btc, 155020236775, False
btc_pax, None, 0.585306, 3572.43, 21, 1, smm_btc, 155020236775, True
btc_pax, None, 0.585306, 3576.31, 21, 1, smm_btc, 155020244977, False
btc_pax, None, 0.8, 3585.86, 23, 1, smm_btc, 155020244978, False
btc_pax, None, 0.585306, 3576.31, 21, 1, smm_btc, 155020244977, True
btc_pax, None, 0.585306, 3576.43, 21, 1, smm_btc, 155020245580, False
btc_pax, None, 0.8, 3585.86, 23, 1, smm_btc, 155020244978, True
btc_pax, None, 0.585306, 3576.43, 21, 1, smm_btc, 155020245580, True
btc_pax, None, 0.8, 3585.86, 23, 1, smm_btc, 155020245883, False
btc_pax, None, 0.585306, 3576.45, 21, 1, smm_btc, 155020246184, False
btc_pax, None, 0.585306, 3576.45, 21, 1, smm_btc, 155020246184, True
btc_pax, None, 0.8, 3585.86, 23, 1, smm_btc, 155020245883, True
btc_pax, None, 0.585306, 3576.47, 21, 1, smm_btc, 155020246787, False
btc_pax, None, 0.8, 3585.31, 23, 1, smm_btc, 155020246788, False
btc_pax, None, 0.585306, 3576.47, 21, 1, smm_btc, 155020246787, True
btc_pax, None, 0.585306, 3576.49, 21, 1, smm_btc, 155020247590, False
btc_pax, None, 0.585306, 3576.49, 21, 1, smm_btc, 155020247590, True
btc_pax, None, 0.585306, 3576.08, 21, 1, smm_btc, 155020248892, False
btc_pax, None, 0.8, 3585.31, 23, 1, smm_btc, 155020246788, True
btc_pax, None, 0.585306, 3576.08, 21, 1, smm_btc, 155020248892, True
btc_pax, None, 0.8, 3583.96, 23, 1, smm_btc, 155020249695, False
btc_pax, None, 0.585306, 3576.1, 21, 1, smm_btc, 155020249996, False
btc_pax, None, 0.8, 3583.96, 23, 1, smm_btc, 155020249695, True
btc_pax, None, 0.585306, 3576.1, 21, 1, smm_btc, 155020249996, True
btc_pax, None, 0.8, 3583.77, 23, 1, smm_btc, 155020250299, False
btc_pax, None, 0.585306, 3576.11, 21, 1, smm_btc, 155020250500, False
btc_pax, None, 0.585306, 3576.11, 21, 1, smm_btc, 155020250500, True
btc_pax, None, 0.8, 3583.77, 23, 1, smm_btc, 155020250299, True
btc_pax, None, 0.585306, 3576.11, 21, 1, smm_btc, 155020251503, False
btc_pax, None, 0.8, 3583.96, 23, 1, smm_btc, 155020251504, False
btc_pax, None, 0.585306, 3576.11, 21, 1, smm_btc, 155020251503, True
btc_pax, None, 0.585306, 3576.11, 21, 1, smm_btc, 155020252606, False
btc_pax, None, 0.8, 3583.96, 23, 1, smm_btc, 155020251504, True
btc_pax, None, 0.585306, 3576.11, 21, 1, smm_btc, 155020252606, True
btc_pax, None, 0.8, 3583.96, 23, 1, smm_btc, 155020252909, False
btc_pax, None, 0.585306, 3576.11, 21, 1, smm_btc, 155020253310, False
btc_pax, None, 0.585306, 3576.11, 21, 1, smm_btc, 155020253310, True
btc_pax, None, 0.585306, 3580.2, 21, 1, smm_btc, 155020254612, False
btc_pax, None, 0.8, 3583.96, 23, 1, smm_btc, 155020252909, True
btc_pax, None, 0.8, 3591.09, 23, 1, smm_btc, 155020254914, False
btc_pax, None, 0.8, 3591.09, 23, 1, smm_btc, 155020254914, True
btc_pax, None, 0.585306, 3580.2, 21, 1, smm_btc, 155020254612, True
btc_pax, None, 0.8, 3590.28, 23, 1, smm_btc, 155020255517, False
btc_pax, None, 0.582399, 3580.2, 21, 1, smm_btc, 155020255918, False
btc_pax, None, 0.8, 3590.28, 23, 1, smm_btc, 155020255517, True
btc_pax, None, 0.582399, 3580.2, 21, 1, smm_btc, 155020255918, True
btc_pax, None, 0.8, 3589.54, 23, 1, smm_btc, 155020256221, False
btc_pax, None, 0.061428, 3579.15, 21, 1, smm_btc, 155020256522, False
btc_pax, None, 0.8, 3589.54, 23, 1, smm_btc, 155020256221, True
btc_pax, None, 0.061428, 3579.15, 21, 1, smm_btc, 155020256522, True
btc_pax, None, 0.061428, 3579.75, 21, 1, smm_btc, 155020257225, False
btc_pax, None, 0.8, 3581.29, 23, 1, smm_btc, 155020257226, False
btc_pax, None, 0.061428, 3579.75, 21, 1, smm_btc, 155020257225, True
btc_pax, None, 0.061428, 3567.87, 21, 1, smm_btc, 155020257828, False
btc_pax, None, 0.8, 3581.29, 23, 1, smm_btc, 155020257226, True
btc_pax, None, 0.061428, 3567.87, 21, 1, smm_btc, 155020257828, True
btc_pax, None, 0.061428, 3579.5, 21, 1, smm_btc, 155020258431, False
btc_pax, None, 0.8, 3580.5, 23, 1, smm_btc, 155020258432, False
btc_pax, None, 0.061428, 3579.5, 21, 1, smm_btc, 155020258431, True
btc_pax, None, 0.061428, 3578.56, 21, 1, smm_btc, 155020259334, False
btc_pax, None, 0.8, 3580.5, 23, 1, smm_btc, 155020258432, True
btc_pax, None, 0.8, 3581.29, 23, 1, smm_btc, 155020259936, False
btc_pax, None, 0.8, 3581.29, 23, 1, smm_btc, 155020259936, True
btc_pax, None, 0.8, 3581.28, 23, 1, smm_btc, 155020262138, False
btc_pax, None, 0.8, 3581.28, 23, 1, smm_btc, 155020262138, True
btc_pax, None, 0.8, 3578.14, 21, 1, smm_btc, 155020263040, False
btc_pax, None, 0.8, 3578.64, 23, 1, smm_btc, 155020263041, False
btc_pax, None, 0.8, 3578.14, 21, 1, smm_btc, 155020263040, True
btc_pax, None, 0.8, 3577.31, 21, 1, smm_btc, 155020263943, False
btc_pax, None, 0.8, 3578.64, 23, 1, smm_btc, 155020263041, True
btc_pax, None, 0.8, 3577.31, 21, 1, smm_btc, 155020263943, True
btc_pax, None, 0.8, 3576.79, 21, 1, smm_btc, 155020265446, False
btc_pax, None, 0.8, 3576.79, 21, 1, smm_btc, 155020265446, True
btc_pax, None, 0.8, 3588.86, 23, 1, smm_btc, 155020266048, False
btc_pax, None, 0.8, 3569.72, 21, 1, smm_btc, 155020266349, False
btc_pax, None, 0.8, 3569.72, 21, 1, smm_btc, 155020266349, True
btc_pax, None, 0.8, 3569.72, 21, 1, smm_btc, 155020266951, False
btc_pax, None, 0.8, 3569.72, 21, 1, smm_btc, 155020266951, True
btc_pax, None, 0.8, 3588.86, 23, 1, smm_btc, 155020266048, True
btc_pax, None, 0.8, 3569.72, 21, 1, smm_btc, 155020267554, False
btc_pax, None, 0.8, 3588.94, 23, 1, smm_btc, 155020267655, False
btc_pax, None, 0.8, 3569.72, 21, 1, smm_btc, 155020267554, True
btc_pax, None, 0.8, 3588.94, 23, 1, smm_btc, 155020267655, True
btc_pax, None, 0.8, 3568.84, 21, 1, smm_btc, 155020268158, False
btc_pax, None, 0.8, 3588.94, 23, 1, smm_btc, 155020268259, False
btc_pax, None, 0.8, 3588.94, 23, 1, smm_btc, 155020268259, True
btc_pax, None, 0.8, 3568.84, 21, 1, smm_btc, 155020268158, True
btc_pax, None, 0.8, 3588.94, 23, 1, smm_btc, 155020269162, False
btc_pax, None, 0.8, 3576.39, 21, 1, smm_btc, 155020269363, False
btc_pax, None, 0.8, 3588.94, 23, 1, smm_btc, 155020269162, True
btc_pax, None, 0.8, 3576.39, 21, 1, smm_btc, 155020269363, True
btc_pax, None, 0.8, 3576.18, 21, 1, smm_btc, 155020270266, False
btc_pax, None, 0.8, 3576.18, 21, 1, smm_btc, 155020270266, True
btc_pax, None, 0.8, 3590.0, 23, 1, smm_btc, 155020270968, False
btc_pax, None, 0.8, 3577.79, 21, 1, smm_btc, 155020271169, False
btc_pax, None, 0.8, 3590.0, 23, 1, smm_btc, 155020270968, True
btc_pax, None, 0.8, 3580.6, 23, 1, smm_btc, 155020271471, False
btc_pax, None, 0.8, 3577.79, 21, 1, smm_btc, 155020271169, True
btc_pax, None, 0.8, 3578.29, 21, 1, smm_btc, 155020274273, False
btc_pax, None, 0.8, 3580.6, 23, 1, smm_btc, 155020271471, True
btc_pax, None, 0.8, 3581.21, 23, 1, smm_btc, 155020277875, False
btc_pax, None, 0.8, 3581.21, 23, 1, smm_btc, 155020277875, True
btc_pax, None, 0.8, 3581.2, 23, 1, smm_btc, 155020279577, False
btc_pax, None, 0.8, 3581.2, 23, 1, smm_btc, 155020279577, True
btc_pax, None, 0.8, 3580.45, 23, 1, smm_btc, 155020281879, False
btc_pax, None, 0.8, 3580.45, 23, 1, smm_btc, 155020281879, True
btc_pax, None, 0.8, 3579.81, 23, 1, smm_btc, 155020286981, False
btc_pax, None, 0.8, 3578.29, 21, 1, smm_btc, 155020274273, True
btc_pax, None, 0.8, 3577.9, 21, 1, smm_btc, 155020291483, False
btc_pax, None, 0.8, 3577.9, 21, 1, smm_btc, 155020291483, True
btc_pax, None, 0.8, 3578.65, 21, 1, smm_btc, 155020295885, False
btc_pax, None, 0.8, 3578.65, 21, 1, smm_btc, 155020295885, True
btc_pax, None, 0.8, 3578.48, 21, 1, smm_btc, 155020298487, False
btc_pax, None, 0.8, 3578.48, 21, 1, smm_btc, 155020298487, True
btc_pax, None, 0.8, 3578.74, 21, 1, smm_btc, 155020299589, False
btc_pax, None, 0.8, 3578.74, 21, 1, smm_btc, 155020299589, True
btc_pax, None, 0.8, 3578.46, 21, 1, smm_btc, 155020300491, False
btc_pax, None, 0.8, 3578.46, 21, 1, smm_btc, 155020300491, True
btc_pax, None, 0.8, 3579.41, 21, 1, smm_btc, 155020301793, False
btc_pax, None, 0.8, 3579.41, 21, 1, smm_btc, 155020301793, True
btc_pax, None, 0.8, 3579.07, 21, 1, smm_btc, 155020303195, False
btc_pax, None, 0.8, 3579.07, 21, 1, smm_btc, 155020303195, True
btc_pax, None, 0.8, 3579.81, 23, 1, smm_btc, 155020286981, True
btc_pax, None, 0.8, 3579.4, 21, 1, smm_btc, 155020305598, False
btc_pax, None, 0.8, 3581.69, 23, 1, smm_btc, 155020305699, False
btc_pax, None, 0.8, 3581.69, 23, 1, smm_btc, 155020305699, True
btc_pax, None, 0.8, 3581.44, 23, 1, smm_btc, 155020306401, False
btc_pax, None, 0.8, 3579.4, 21, 1, smm_btc, 155020305598, True
btc_pax, None, 0.8, 3579.32, 21, 1, smm_btc, 155020310503, False
btc_pax, None, 0.8, 3581.44, 23, 1, smm_btc, 155020306401, True
btc_pax, None, 0.8, 3579.32, 21, 1, smm_btc, 155020310503, True
btc_pax, None, 0.8, 3581.41, 23, 1, smm_btc, 155020310806, False
btc_pax, None, 0.8, 3579.49, 21, 1, smm_btc, 155020311407, False
btc_pax, None, 0.8, 3581.41, 23, 1, smm_btc, 155020310806, True
btc_pax, None, 0.8, 3579.49, 21, 1, smm_btc, 155020311407, True
btc_pax, None, 0.8, 3579.67, 23, 1, smm_btc, 155020314610, False
btc_pax, None, 0.02146, 3568.08, 21, 1, smm_btc, 155020314611, False
btc_pax, None, 0.02146, 3568.08, 21, 1, smm_btc, 155020314611, True
btc_pax, None, 0.02146, 3566.4, 21, 1, smm_btc, 155020315313, False
btc_pax, None, 0.8, 3579.67, 23, 1, smm_btc, 155020314610, True
btc_pax, None, 0.8, 3575.64, 23, 1, smm_btc, 155020316615, False
btc_pax, None, 0.02146, 3566.4, 21, 1, smm_btc, 155020315313, True
btc_pax, None, 0.8, 3575.64, 23, 1, smm_btc, 155020316615, True
btc_pax, None, 0.02146, 3563.32, 21, 1, smm_btc, 155020317018, False
btc_pax, None, 0.8, 3575.61, 23, 1, smm_btc, 155020317219, False
btc_pax, None, 0.02146, 3563.32, 21, 1, smm_btc, 155020317018, True
btc_pax, None, 0.8, 3575.61, 23, 1, smm_btc, 155020317219, True
btc_pax, None, 0.02146, 3563.18, 21, 1, smm_btc, 155020317622, False
btc_pax, None, 0.8, 3575.65, 23, 1, smm_btc, 155020317823, False
btc_pax, None, 0.02146, 3563.18, 21, 1, smm_btc, 155020317622, True
btc_pax, None, 0.02146, 3563.12, 21, 1, smm_btc, 155020318125, False
btc_pax, None, 0.8, 3575.65, 23, 1, smm_btc, 155020317823, True
btc_pax, None, 0.02146, 3563.12, 21, 1, smm_btc, 155020318125, True
btc_pax, None, 0.499546, 3575.6, 23, 1, smm_btc, 155020319128, False
btc_pax, None, 0.02146, 3562.66, 21, 1, smm_btc, 155020319129, False
btc_pax, None, 0.499546, 3575.6, 23, 1, smm_btc, 155020319128, True
btc_pax, None, 0.02146, 3562.66, 21, 1, smm_btc, 155020319129, True
btc_pax, None, 0.499546, 3575.65, 23, 1, smm_btc, 155020319832, False
btc_pax, None, 0.02146, 3562.66, 21, 1, smm_btc, 155020319833, False
btc_pax, None, 0.499546, 3575.65, 23, 1, smm_btc, 155020319832, True
btc_pax, None, 0.02146, 3562.66, 21, 1, smm_btc, 155020319833, True
btc_pax, None, 0.499546, 3575.65, 23, 1, smm_btc, 155020320736, False
btc_pax, None, 0.02146, 3563.12, 21, 1, smm_btc, 155020320737, False
btc_pax, None, 0.02146, 3563.12, 21, 1, smm_btc, 155020320737, True
btc_pax, None, 0.02146, 3563.12, 21, 1, smm_btc, 155020321339, False
btc_pax, None, 0.02146, 3563.12, 21, 1, smm_btc, 155020321339, True
btc_pax, None, 0.02146, 3576.23, 21, 1, smm_btc, 155020323641, False
btc_pax, None, 0.8, 3577.61, 23, 1, smm_btc, 155020323942, False
btc_pax, None, 0.02146, 3576.23, 21, 1, smm_btc, 155020323641, True
btc_pax, None, 0.02146, 3575.56, 21, 1, smm_btc, 155020326544, False
btc_pax, None, 0.8, 3577.61, 23, 1, smm_btc, 155020323942, True
btc_pax, None, 0.8, 3576.78, 23, 1, smm_btc, 155020326846, False
btc_pax, None, 0.02146, 3575.56, 21, 1, smm_btc, 155020326544, True
btc_pax, None, 0.02146, 3574.1, 21, 1, smm_btc, 155020332848, False
btc_pax, None, 0.8, 3576.78, 23, 1, smm_btc, 155020326846, True
btc_pax, None, 0.8, 3575.63, 23, 1, smm_btc, 155020333250, False
btc_pax, None, 0.02146, 3574.1, 21, 1, smm_btc, 155020332848, True
btc_pax, None, 0.02146, 3574.79, 21, 1, smm_btc, 155020336052, False
btc_pax, None, 0.02146, 3574.79, 21, 1, smm_btc, 155020336052, True
btc_pax, None, 0.02146, 3573.1, 21, 1, smm_btc, 155020337854, False
btc_pax, None, 0.8, 3575.63, 23, 1, smm_btc, 155020333250, True
btc_pax, None, 0.8, 3574.19, 23, 1, smm_btc, 155020338156, False
btc_pax, None, 0.8, 3574.19, 23, 1, smm_btc, 155020338156, True
btc_pax, None, 0.02146, 3573.1, 21, 1, smm_btc, 155020337854, True
btc_pax, None, 0.8, 3573.17, 23, 1, smm_btc, 155020338959, False
btc_pax, None, 0.02146, 3572.32, 21, 1, smm_btc, 155020339560, False
btc_pax, None, 0.8, 3573.17, 23, 1, smm_btc, 155020338959, True
btc_pax, None, 0.600778, 3573.75, 23, 1, smm_btc, 155020340562, False
btc_pax, None, 0.02146, 3572.32, 21, 1, smm_btc, 155020339560, True
btc_pax, None, 0.02146, 3573.09, 21, 1, smm_btc, 155020341164, False
btc_pax, None, 0.600778, 3573.75, 23, 1, smm_btc, 155020340562, True
btc_pax, None, 0.02146, 3573.09, 21, 1, smm_btc, 155020341164, True
btc_pax, None, 0.02146, 3573.97, 21, 1, smm_btc, 155020342767, False
btc_pax, None, 0.8, 3585.18, 23, 1, smm_btc, 155020342868, False
btc_pax, None, 0.8, 3585.18, 23, 1, smm_btc, 155020342868, True
btc_pax, None, 0.8, 3585.74, 23, 1, smm_btc, 155020343370, False
btc_pax, None, 0.02146, 3573.97, 21, 1, smm_btc, 155020342767, True
btc_pax, None, 0.8, 3585.74, 23, 1, smm_btc, 155020343370, True
btc_pax, None, 0.02146, 3574.01, 21, 1, smm_btc, 155020347173, False
btc_pax, None, 0.8, 3586.21, 23, 1, smm_btc, 155020347274, False
btc_pax, None, 0.02146, 3574.01, 21, 1, smm_btc, 155020347173, True
btc_pax, None, 0.8, 3586.21, 23, 1, smm_btc, 155020347274, True
btc_pax, None, 0.02146, 3574.02, 21, 1, smm_btc, 155020348277, False
btc_pax, None, 0.8, 3585.45, 23, 1, smm_btc, 155020348278, False
btc_pax, None, 0.02146, 3574.02, 21, 1, smm_btc, 155020348277, True
btc_pax, None, 0.02146, 3574.2, 21, 1, smm_btc, 155020348880, False
btc_pax, None, 0.8, 3585.45, 23, 1, smm_btc, 155020348278, True
btc_pax, None, 0.02146, 3574.2, 21, 1, smm_btc, 155020348880, True
btc_pax, None, 0.8, 3585.74, 23, 1, smm_btc, 155020349183, False
btc_pax, None, 0.02146, 3574.76, 21, 1, smm_btc, 155020349484, False
btc_pax, None, 0.8, 3585.74, 23, 1, smm_btc, 155020349183, True
btc_pax, None, 0.02146, 3574.76, 21, 1, smm_btc, 155020349484, True
btc_pax, None, 0.8, 3586.21, 23, 1, smm_btc, 155020349787, False
btc_pax, None, 0.02146, 3574.82, 21, 1, smm_btc, 155020350088, False
btc_pax, None, 0.8, 3586.21, 23, 1, smm_btc, 155020349787, True
btc_pax, None, 0.02146, 3574.82, 21, 1, smm_btc, 155020350088, True
btc_pax, None, 0.8, 3585.74, 23, 1, smm_btc, 155020350491, False
btc_pax, None, 0.02146, 3574.89, 21, 1, smm_btc, 155020350892, False
btc_pax, None, 0.02146, 3574.89, 21, 1, smm_btc, 155020350892, True
btc_pax, None, 0.02146, 3574.79, 21, 1, smm_btc, 155020351994, False
btc_pax, None, 0.8, 3585.74, 23, 1, smm_btc, 155020350491, True
btc_pax, None, 0.02146, 3574.79, 21, 1, smm_btc, 155020351994, True
btc_pax, None, 0.8, 3585.49, 23, 1, smm_btc, 155020352297, False
btc_pax, None, 0.02146, 3574.87, 21, 1, smm_btc, 155020352598, False
btc_pax, None, 0.02146, 3574.87, 21, 1, smm_btc, 155020352598, True
btc_pax, None, 0.02146, 3574.76, 21, 1, smm_btc, 155020353500, False
btc_pax, None, 0.8, 3585.49, 23, 1, smm_btc, 155020352297, True
btc_pax, None, 0.02146, 3574.76, 21, 1, smm_btc, 155020353500, True
btc_pax, None, 0.8, 3585.45, 23, 1, smm_btc, 155020353903, False
btc_pax, None, 0.02146, 3574.47, 21, 1, smm_btc, 155020354104, False
btc_pax, None, 0.8, 3585.45, 23, 1, smm_btc, 155020353903, True
btc_pax, None, 0.02146, 3574.47, 21, 1, smm_btc, 155020354104, True
btc_pax, None, 0.8, 3585.49, 23, 1, smm_btc, 155020354507, False
btc_pax, None, 0.02146, 3574.48, 21, 1, smm_btc, 155020354708, False
btc_pax, None, 0.8, 3585.49, 23, 1, smm_btc, 155020354507, True
btc_pax, None, 0.02146, 3574.48, 21, 1, smm_btc, 155020354708, True
btc_pax, None, 0.8, 3585.51, 23, 1, smm_btc, 155020355611, False
btc_pax, None, 0.02146, 3574.5, 21, 1, smm_btc, 155020356112, False
btc_pax, None, 0.02146, 3574.5, 21, 1, smm_btc, 155020356112, True
btc_pax, None, 0.02146, 3574.59, 21, 1, smm_btc, 155020356714, False
btc_pax, None, 0.02146, 3574.59, 21, 1, smm_btc, 155020356714, True
btc_pax, None, 0.02146, 3574.64, 21, 1, smm_btc, 155020357416, False
btc_pax, None, 0.8, 3585.51, 23, 1, smm_btc, 155020355611, True
btc_pax, None, 0.8, 3573.94, 21, 1, smm_btc, 155020358018, False
btc_pax, None, 0.8, 3584.07, 23, 1, smm_btc, 155020358019, False
btc_pax, None, 0.8, 3573.94, 21, 1, smm_btc, 155020358018, True
btc_pax, None, 0.8, 3584.07, 23, 1, smm_btc, 155020358019, True
btc_pax, None, 0.8, 3574.32, 21, 1, smm_btc, 155020358622, False
btc_pax, None, 0.8, 3583.93, 23, 1, smm_btc, 155020358623, False
btc_pax, None, 0.8, 3574.32, 21, 1, smm_btc, 155020358622, True
btc_pax, None, 0.8, 3574.4, 21, 1, smm_btc, 155020359225, False
btc_pax, None, 0.8, 3574.4, 21, 1, smm_btc, 155020359225, True
btc_pax, None, 0.8, 3583.93, 23, 1, smm_btc, 155020358623, True
btc_pax, None, 0.8, 3574.42, 21, 1, smm_btc, 155020359828, False
btc_pax, None, 0.8, 3585.49, 23, 1, smm_btc, 155020359929, False
btc_pax, None, 0.8, 3574.42, 21, 1, smm_btc, 155020359828, True
btc_pax, None, 0.8, 3585.49, 23, 1, smm_btc, 155020359929, True
btc_pax, None, 0.8, 3574.44, 21, 1, smm_btc, 155020360732, False
btc_pax, None, 0.8, 3584.07, 23, 1, smm_btc, 155020360733, False
btc_pax, None, 0.8, 3584.07, 23, 1, smm_btc, 155020360733, True
btc_pax, None, 0.8, 3575.01, 23, 1, smm_btc, 155020362035, False
btc_pax, None, 0.8, 3573.1, 21, 1, smm_btc, 155020363036, False
btc_pax, None, 0.8, 3575.01, 23, 1, smm_btc, 155020362035, True
btc_pax, None, 0.8, 3574.29, 23, 1, smm_btc, 155020371038, False
btc_pax, None, 0.8, 3573.1, 21, 1, smm_btc, 155020363036, True
btc_pax, None, 0.8, 3573.1, 21, 1, smm_btc, 155020372340, False
btc_pax, None, 0.8, 3574.29, 23, 1, smm_btc, 155020371038, True
btc_pax, None, 0.8, 3573.1, 21, 1, smm_btc, 155020372340, True
btc_pax, None, 0.8, 3584.57, 23, 1, smm_btc, 155020374543, False
btc_pax, None, 0.8, 3573.1, 21, 1, smm_btc, 155020374844, False
btc_pax, None, 0.8, 3584.57, 23, 1, smm_btc, 155020374543, True
btc_pax, None, 0.8, 3573.1, 21, 1, smm_btc, 155020374844, True
btc_pax, None, 0.8, 3575.63, 23, 1, smm_btc, 155020375847, False
btc_pax, None, 0.8, 3575.63, 23, 1, smm_btc, 155020375847, True
btc_pax, None, 0.8, 3575.74, 23, 1, smm_btc, 155020376649, False
btc_pax, None, 0.8, 3563.12, 21, 1, smm_btc, 155020378150, False
btc_pax, None, 0.8, 3575.74, 23, 1, smm_btc, 155020376649, True
btc_pax, None, 0.8, 3563.12, 21, 1, smm_btc, 155020378150, True
btc_pax, None, 0.8, 3575.74, 23, 1, smm_btc, 155020378553, False
btc_pax, None, 0.8, 3573.09, 21, 1, smm_btc, 155020378954, False
btc_pax, None, 0.8, 3575.74, 23, 1, smm_btc, 155020378553, True
btc_pax, None, 0.8, 3577.52, 23, 1, smm_btc, 155020379956, False
btc_pax, None, 0.8, 3573.09, 21, 1, smm_btc, 155020378954, True
btc_pax, None, 0.8, 3577.52, 23, 1, smm_btc, 155020379956, True
btc_pax, None, 0.8, 3575.62, 21, 1, smm_btc, 155020382659, False
btc_pax, None, 0.8, 3578.42, 23, 1, smm_btc, 155020382660, False
btc_pax, None, 0.8, 3575.62, 21, 1, smm_btc, 155020382659, True
btc_pax, None, 0.8, 3578.42, 23, 1, smm_btc, 155020382660, True
btc_pax, None, 0.8, 3565.64, 21, 1, smm_btc, 155020383563, False
btc_pax, None, 0.8, 3588.73, 23, 1, smm_btc, 155020383564, False
btc_pax, None, 0.8, 3565.64, 21, 1, smm_btc, 155020383563, True
btc_pax, None, 0.8, 3568.08, 21, 1, smm_btc, 155020384466, False
btc_pax, None, 0.8, 3588.73, 23, 1, smm_btc, 155020383564, True
btc_pax, None, 0.8, 3580.25, 23, 1, smm_btc, 155020384768, False
btc_pax, None, 0.8, 3580.25, 23, 1, smm_btc, 155020384768, True
btc_pax, None, 0.8, 3568.08, 21, 1, smm_btc, 155020384466, True
btc_pax, None, 0.8, 3589.9, 23, 1, smm_btc, 155020385371, False
btc_pax, None, 0.8, 3578.65, 21, 1, smm_btc, 155020386272, False
btc_pax, None, 0.8, 3589.9, 23, 1, smm_btc, 155020385371, True
btc_pax, None, 0.8, 3578.65, 21, 1, smm_btc, 155020386272, True
btc_pax, None, 0.8, 3581.33, 21, 1, smm_btc, 155020386975, False
btc_pax, None, 0.8, 3581.33, 21, 1, smm_btc, 155020386975, True
btc_pax, None, 0.8, 3578.65, 21, 1, smm_btc, 155020387577, False
btc_pax, None, 0.8, 3582.42, 23, 1, smm_btc, 155020387578, False
btc_pax, None, 0.8, 3582.42, 23, 1, smm_btc, 155020387578, True
btc_pax, None, 0.8, 3578.65, 21, 1, smm_btc, 155020387577, True
btc_pax, None, 0.8, 3590.66, 23, 1, smm_btc, 155020390381, False
btc_pax, None, 0.8, 3578.64, 21, 1, smm_btc, 155020390682, False
btc_pax, None, 0.8, 3590.66, 23, 1, smm_btc, 155020390381, True
btc_pax, None, 0.8, 3579.55, 23, 1, smm_btc, 155020390984, False
btc_pax, None, 0.8, 3579.55, 23, 1, smm_btc, 155020390984, True
btc_pax, None, 0.8, 3580.1, 23, 1, smm_btc, 155020393786, False
btc_pax, None, 0.8, 3578.64, 21, 1, smm_btc, 155020390682, True
btc_pax, None, 0.8, 3576.6, 21, 1, smm_btc, 155020395388, False
btc_pax, None, 0.8, 3580.1, 23, 1, smm_btc, 155020393786, True
btc_pax, None, 0.8, 3579.37, 23, 1, smm_btc, 155020396390, False
btc_pax, None, 0.8, 3579.37, 23, 1, smm_btc, 155020396390, True
btc_pax, None, 0.8, 3576.89, 23, 1, smm_btc, 155020399492, False
btc_pax, None, 0.8, 3566.87, 21, 1, smm_btc, 155020399493, False
btc_pax, None, 0.8, 3577.58, 23, 1, smm_btc, 155020400394, False
btc_pax, None, 0.8, 3566.87, 21, 1, smm_btc, 155020399493, True
btc_pax, None, 0.8, 3577.58, 23, 1, smm_btc, 155020400394, True
btc_pax, None, 0.8, 3578.5, 23, 1, smm_btc, 155020401297, False
btc_pax, None, 0.8, 3575.6, 21, 1, smm_btc, 155020402598, False
btc_pax, None, 0.8, 3575.6, 21, 1, smm_btc, 155020402598, True
btc_pax, None, 0.8, 3577.63, 21, 1, smm_btc, 155020404300, False
btc_pax, None, 0.8, 3588.94, 23, 1, smm_btc, 155020404301, False
btc_pax, None, 0.8, 3577.63, 21, 1, smm_btc, 155020404300, True
btc_pax, None, 0.8, 3577.97, 21, 1, smm_btc, 155020404903, False
btc_pax, None, 0.8, 3577.97, 21, 1, smm_btc, 155020404903, True
btc_pax, None, 0.8, 3588.94, 23, 1, smm_btc, 155020404301, True
btc_pax, None, 0.8, 3578.37, 21, 1, smm_btc, 155020405506, False
btc_pax, None, 0.8, 3588.94, 23, 1, smm_btc, 155020405507, False
btc_pax, None, 0.8, 3578.37, 21, 1, smm_btc, 155020405506, True
btc_pax, None, 0.8, 3578.65, 21, 1, smm_btc, 155020406109, False
btc_pax, None, 0.8, 3578.65, 21, 1, smm_btc, 155020406109, True
btc_pax, None, 0.8, 3578.71, 21, 1, smm_btc, 155020406811, False
btc_pax, None, 0.8, 3578.71, 21, 1, smm_btc, 155020406811, True
btc_pax, None, 0.8, 3588.94, 23, 1, smm_btc, 155020405507, True
btc_pax, None, 0.8, 3580.31, 21, 1, smm_btc, 155020408114, False
btc_pax, None, 0.8, 3589.92, 23, 1, smm_btc, 155020408115, False
btc_pax, None, 0.8, 3580.31, 21, 1, smm_btc, 155020408114, True
btc_pax, None, 0.8, 3580.33, 21, 1, smm_btc, 155020408717, False
btc_pax, None, 0.8, 3589.92, 23, 1, smm_btc, 155020408115, True
btc_pax, None, 0.8, 3580.86, 23, 1, smm_btc, 155020409419, False
btc_pax, None, 0.8, 3576.69, 21, 1, smm_btc, 155020410420, False
btc_pax, None, 0.8, 3580.86, 23, 1, smm_btc, 155020409419, True
btc_pax, None, 0.8, 3580.59, 23, 1, smm_btc, 155020411022, False
btc_pax, None, 0.8, 3576.69, 21, 1, smm_btc, 155020410420, True
btc_pax, None, 0.8, 3580.59, 23, 1, smm_btc, 155020411022, True
btc_pax, None, 0.8, 3579.75, 23, 1, smm_btc, 155020412325, False
btc_pax, None, 0.8, 3576.69, 21, 1, smm_btc, 155020413426, False
btc_pax, None, 0.8, 3579.75, 23, 1, smm_btc, 155020412325, True
btc_pax, None, 0.8, 3580.49, 23, 1, smm_btc, 155020415028, False
btc_pax, None, 0.8, 3580.49, 23, 1, smm_btc, 155020415028, True
btc_pax, None, 0.8, 3581.47, 23, 1, smm_btc, 155020416530, False
btc_pax, None, 0.8, 3581.47, 23, 1, smm_btc, 155020416530, True
btc_pax, None, 0.8, 3580.69, 23, 1, smm_btc, 155020417332, False
btc_pax, None, 0.8, 3580.69, 23, 1, smm_btc, 155020417332, True
btc_pax, None, 0.8, 3581.47, 23, 1, smm_btc, 155020419034, False
btc_pax, None, 0.8, 3581.47, 23, 1, smm_btc, 155020419034, True
btc_pax, None, 0.8, 3581.42, 23, 1, smm_btc, 155020419636, False
btc_pax, None, 0.8, 3581.42, 23, 1, smm_btc, 155020419636, True
btc_pax, None, 0.8, 3581.47, 23, 1, smm_btc, 155020420338, False
btc_pax, None, 0.8, 3581.47, 23, 1, smm_btc, 155020420338, True
btc_pax, None, 0.8, 3581.43, 23, 1, smm_btc, 155020421240, False
btc_pax, None, 0.8, 3581.43, 23, 1, smm_btc, 155020421240, True
btc_pax, None, 0.8, 3581.21, 23, 1, smm_btc, 155020421842, False
btc_pax, None, 0.8, 3576.69, 21, 1, smm_btc, 155020413426, True
btc_pax, None, 0.8, 3577.14, 21, 1, smm_btc, 155020424244, False
btc_pax, None, 0.8, 3581.21, 23, 1, smm_btc, 155020421842, True
btc_pax, None, 0.8, 3577.14, 21, 1, smm_btc, 155020424244, True
btc_pax, None, 0.8, 3582.02, 23, 1, smm_btc, 155020424547, False
btc_pax, None, 0.8, 3576.69, 21, 1, smm_btc, 155020424948, False
btc_pax, None, 0.8, 3582.02, 23, 1, smm_btc, 155020424547, True
btc_pax, None, 0.8, 3581.43, 23, 1, smm_btc, 155020425350, False
btc_pax, None, 0.8, 3581.43, 23, 1, smm_btc, 155020425350, True
btc_pax, None, 0.8, 3580.67, 23, 1, smm_btc, 155020426552, False
btc_pax, None, 0.8, 3580.67, 23, 1, smm_btc, 155020426552, True
btc_pax, None, 0.8, 3582.02, 23, 1, smm_btc, 155020428554, False
btc_pax, None, 0.8, 3576.69, 21, 1, smm_btc, 155020424948, True
btc_pax, None, 0.8, 3578.38, 21, 1, smm_btc, 155020430156, False
btc_pax, None, 0.8, 3578.38, 21, 1, smm_btc, 155020430156, True
btc_pax, None, 0.8, 3579.41, 21, 1, smm_btc, 155020439658, False
btc_pax, None, 0.8, 3579.41, 21, 1, smm_btc, 155020439658, True
btc_pax, None, 0.8, 3582.02, 23, 1, smm_btc, 155020428554, True
btc_pax, None, 0.8, 3582.01, 23, 1, smm_btc, 155020440261, False
btc_pax, None, 0.8, 3579.41, 21, 1, smm_btc, 155020440562, False
btc_pax, None, 0.8, 3582.01, 23, 1, smm_btc, 155020440261, True
btc_pax, None, 0.8, 3579.41, 21, 1, smm_btc, 155020440562, True
btc_pax, None, 0.8, 3582.02, 23, 1, smm_btc, 155020441465, False
btc_pax, None, 0.8, 3572.38, 21, 1, smm_btc, 155020442066, False
btc_pax, None, 0.8, 3582.02, 23, 1, smm_btc, 155020441465, True
btc_pax, None, 0.8, 3572.38, 21, 1, smm_btc, 155020442066, True
btc_pax, None, 0.8, 3582.02, 23, 1, smm_btc, 155020442369, False
btc_pax, None, 0.8, 3581.07, 21, 1, smm_btc, 155020442770, False
btc_pax, None, 0.8, 3581.07, 21, 1, smm_btc, 155020442770, True
btc_pax, None, 0.8, 3580.4, 21, 1, smm_btc, 155020444572, False
btc_pax, None, 0.8, 3580.4, 21, 1, smm_btc, 155020444572, True
btc_pax, None, 0.8, 3582.02, 23, 1, smm_btc, 155020442369, True
btc_pax, None, 0.8, 3583.55, 23, 1, smm_btc, 155020445475, False
btc_pax, None, 0.8, 3579.98, 21, 1, smm_btc, 155020446876, False
btc_pax, None, 0.8, 3579.98, 21, 1, smm_btc, 155020446876, True
btc_pax, None, 0.8, 3584.19, 21, 1, smm_btc, 155020450778, False
btc_pax, None, 0.8, 3595.15, 23, 1, smm_btc, 155020450779, False
btc_pax, None, 0.8, 3584.19, 21, 1, smm_btc, 155020450778, True
btc_pax, None, 0.8, 3595.15, 23, 1, smm_btc, 155020450779, True
btc_pax, None, 0.8, 3586.43, 21, 1, smm_btc, 155020452282, False
btc_pax, None, 0.8, 3595.03, 23, 1, smm_btc, 155020452283, False
btc_pax, None, 0.8, 3586.43, 21, 1, smm_btc, 155020452282, True
btc_pax, None, 0.8, 3595.03, 23, 1, smm_btc, 155020452283, True
btc_pax, None, 0.8, 3579.93, 21, 1, smm_btc, 155020454986, False
btc_pax, None, 0.8, 3593.83, 23, 1, smm_btc, 155020454987, False
btc_pax, None, 0.8, 3579.93, 21, 1, smm_btc, 155020454986, True
btc_pax, None, 0.8, 3580.38, 21, 1, smm_btc, 155020455589, False
btc_pax, None, 0.8, 3593.83, 23, 1, smm_btc, 155020454987, True
btc_pax, None, 0.8, 3580.38, 21, 1, smm_btc, 155020455589, True
btc_pax, None, 0.8, 3592.6, 23, 1, smm_btc, 155020455892, False
btc_pax, None, 0.8, 3580.58, 21, 1, smm_btc, 155020456193, False
btc_pax, None, 0.8, 3592.6, 23, 1, smm_btc, 155020455892, True
btc_pax, None, 0.8, 3579.16, 23, 1, smm_btc, 155020457095, False
btc_pax, None, 0.8, 3566.87, 21, 1, smm_btc, 155020457696, False
btc_pax, None, 0.8, 3579.16, 23, 1, smm_btc, 155020457095, True
btc_pax, None, 0.8, 3566.87, 21, 1, smm_btc, 155020457696, True
btc_pax, None, 0.8, 3587.12, 23, 1, smm_btc, 155020458099, False
btc_pax, None, 0.8, 3577.16, 21, 1, smm_btc, 155020458200, False
btc_pax, None, 0.8, 3577.16, 21, 1, smm_btc, 155020458200, True
btc_pax, None, 0.8, 3587.12, 23, 1, smm_btc, 155020458099, True
btc_pax, None, 0.8, 3577.16, 21, 1, smm_btc, 155020459203, False
btc_pax, None, 0.8, 3579.16, 23, 1, smm_btc, 155020459204, False
btc_pax, None, 0.8, 3577.16, 21, 1, smm_btc, 155020459203, True
btc_pax, None, 0.8, 3579.16, 23, 1, smm_btc, 155020459204, True
btc_pax, None, 0.8, 3576.6, 21, 1, smm_btc, 155020459807, False
btc_pax, None, 0.8, 3580.58, 23, 1, smm_btc, 155020459808, False
btc_pax, None, 0.8, 3576.6, 21, 1, smm_btc, 155020459807, True
btc_pax, None, 0.8, 3580.58, 23, 1, smm_btc, 155020459808, True
btc_pax, None, 0.8, 3580.58, 23, 1, smm_btc, 155020461011, False
btc_pax, None, 0.8, 3568.56, 21, 1, smm_btc, 155020461312, False
btc_pax, None, 0.8, 3580.58, 23, 1, smm_btc, 155020461011, True
btc_pax, None, 0.8, 3568.56, 21, 1, smm_btc, 155020461312, True
btc_pax, None, 0.8, 3580.58, 23, 1, smm_btc, 155020461915, False
btc_pax, None, 0.8, 3577.65, 21, 1, smm_btc, 155020462316, False
btc_pax, None, 0.8, 3577.65, 21, 1, smm_btc, 155020462316, True
btc_pax, None, 0.8, 3580.58, 23, 1, smm_btc, 155020461915, True
btc_pax, None, 0.8, 3580.58, 23, 1, smm_btc, 155020463619, False
btc_pax, None, 0.8, 3577.46, 21, 1, smm_btc, 155020464620, False
btc_pax, None, 0.8, 3580.58, 23, 1, smm_btc, 155020463619, True
btc_pax, None, 0.8, 3577.46, 21, 1, smm_btc, 155020464620, True
btc_pax, None, 0.8, 3590.0, 23, 1, smm_btc, 155020466223, False
btc_pax, None, 0.8, 3577.46, 21, 1, smm_btc, 155020466524, False
btc_pax, None, 0.8, 3590.0, 23, 1, smm_btc, 155020466223, True
btc_pax, None, 0.8, 3580.77, 23, 1, smm_btc, 155020467126, False
btc_pax, None, 0.8, 3577.46, 21, 1, smm_btc, 155020466524, True
btc_pax, None, 0.8, 3580.77, 23, 1, smm_btc, 155020467126, True
btc_pax, None, 0.8, 3577.46, 21, 1, smm_btc, 155020468029, False
btc_pax, None, 0.8, 3580.66, 23, 1, smm_btc, 155020468730, False
btc_pax, None, 0.8, 3577.46, 21, 1, smm_btc, 155020468029, True
btc_pax, None, 0.8, 3580.66, 23, 1, smm_btc, 155020468730, True
btc_pax, None, 0.8, 3578.27, 21, 1, smm_btc, 155020469833, False
btc_pax, None, 0.8, 3580.05, 23, 1, smm_btc, 155020469834, False
btc_pax, None, 0.8, 3580.05, 23, 1, smm_btc, 155020469834, True
btc_pax, None, 0.8, 3578.27, 21, 1, smm_btc, 155020469833, True
btc_pax, None, 0.8, 3577.46, 21, 1, smm_btc, 155020471437, False
btc_pax, None, 0.8, 3577.46, 21, 1, smm_btc, 155020471437, True
btc_pax, None, 0.8, 3588.26, 23, 1, smm_btc, 155020471739, False
btc_pax, None, 0.8, 3588.26, 23, 1, smm_btc, 155020471739, True
btc_pax, None, 0.8, 3577.46, 21, 1, smm_btc, 155020472541, False
btc_pax, None, 0.8, 3580.05, 23, 1, smm_btc, 155020472542, False
btc_pax, None, 0.8, 3577.46, 21, 1, smm_btc, 155020472541, True
btc_pax, None, 0.8, 3577.46, 21, 1, smm_btc, 155020473444, False
btc_pax, None, 0.8, 3580.05, 23, 1, smm_btc, 155020472542, True
btc_pax, None, 0.8, 3579.22, 23, 1, smm_btc, 155020473746, False
btc_pax, None, 0.8, 3577.46, 21, 1, smm_btc, 155020473444, True
btc_pax, None, 0.8, 3577.43, 21, 1, smm_btc, 155020474348, False
btc_pax, None, 0.8, 3577.43, 21, 1, smm_btc, 155020474348, True
btc_pax, None, 0.8, 3576.6, 21, 1, smm_btc, 155020477550, False
btc_pax, None, 0.8, 3576.6, 21, 1, smm_btc, 155020477550, True
btc_pax, None, 0.8, 3579.22, 23, 1, smm_btc, 155020473746, True
btc_pax, None, 0.8, 3576.8, 21, 1, smm_btc, 155020478853, False
btc_pax, None, 0.8, 3579.16, 23, 1, smm_btc, 155020479154, False
btc_pax, None, 0.8, 3579.16, 23, 1, smm_btc, 155020479154, True
btc_pax, None, 0.8, 3578.41, 23, 1, smm_btc, 155020480656, False
btc_pax, None, 0.8, 3576.8, 21, 1, smm_btc, 155020478853, True
btc_pax, None, 0.8, 3578.41, 23, 1, smm_btc, 155020480656, True
btc_pax, None, 0.8, 3576.6, 21, 1, smm_btc, 155020481559, False
btc_pax, None, 0.8, 3578.4, 23, 1, smm_btc, 155020481560, False
btc_pax, None, 0.8, 3578.4, 23, 1, smm_btc, 155020481560, True
btc_pax, None, 0.8, 3578.46, 23, 1, smm_btc, 155020483062, False
btc_pax, None, 0.8, 3578.46, 23, 1, smm_btc, 155020483062, True
btc_pax, None, 0.8, 3578.34, 23, 1, smm_btc, 155020484064, False
btc_pax, None, 0.8, 3578.34, 23, 1, smm_btc, 155020484064, True
btc_pax, None, 0.8, 3576.6, 21, 1, smm_btc, 155020481559, True
btc_pax, None, 0.8, 3587.04, 23, 1, smm_btc, 155020485167, False
btc_pax, None, 0.8, 3570.15, 21, 1, smm_btc, 155020485768, False
btc_pax, None, 0.8, 3587.04, 23, 1, smm_btc, 155020485167, True
btc_pax, None, 0.8, 3570.15, 21, 1, smm_btc, 155020485768, True
btc_pax, None, 0.8, 3576.6, 21, 1, smm_btc, 155020486371, False
btc_pax, None, 0.8, 3578.26, 23, 1, smm_btc, 155020486672, False
btc_pax, None, 0.8, 3578.26, 23, 1, smm_btc, 155020486672, True
btc_pax, None, 0.8, 3576.84, 23, 1, smm_btc, 155020487574, False
btc_pax, None, 0.8, 3576.84, 23, 1, smm_btc, 155020487574, False
btc_pax, None, 0.8, 3576.6, 21, 1, smm_btc, 155020486371, True
btc_pax, None, 0.8, 3576.85, 21, 1, smm_btc, 155020488777, False
btc_pax, None, 0.8, 3586.9, 23, 1, smm_btc, 155020488778, False
btc_pax, None, 0.8, 3586.9, 23, 1, smm_btc, 155020488778, True
btc_pax, None, 0.8, 3586.9, 23, 1, smm_btc, 155020489380, False
btc_pax, None, 0.8, 3576.85, 21, 1, smm_btc, 155020488777, True
btc_pax, None, 0.8, 3586.9, 23, 1, smm_btc, 155020489380, True
btc_pax, None, 0.565344, 3576.89, 21, 1, smm_btc, 155020489983, False
btc_pax, None, 0.8, 3587.04, 23, 1, smm_btc, 155020489984, False
btc_pax, None, 0.565344, 3576.89, 21, 1, smm_btc, 155020489983, True
btc_pax, None, 0.565344, 3576.93, 21, 1, smm_btc, 155020490586, False
btc_pax, None, 0.565344, 3576.93, 21, 1, smm_btc, 155020490586, True
btc_pax, None, 0.565344, 3576.99, 21, 1, smm_btc, 155020491188, False
btc_pax, None, 0.565344, 3576.99, 21, 1, smm_btc, 155020491188, True
btc_pax, None, 0.8, 3587.04, 23, 1, smm_btc, 155020489984, True
btc_pax, None, 0.565344, 3577.14, 21, 1, smm_btc, 155020492091, False
btc_pax, None, 0.8, 3587.5, 23, 1, smm_btc, 155020492092, False
btc_pax, None, 0.565344, 3577.14, 21, 1, smm_btc, 155020492091, True
btc_pax, None, 0.565344, 3577.17, 21, 1, smm_btc, 155020492694, False
btc_pax, None, 0.565344, 3577.17, 21, 1, smm_btc, 155020492694, True
btc_pax, None, 0.8, 3587.5, 23, 1, smm_btc, 155020492092, True
btc_pax, None, 0.565344, 3577.27, 21, 1, smm_btc, 155020493397, False
btc_pax, None, 0.8, 3587.04, 23, 1, smm_btc, 155020493398, False
btc_pax, None, 0.565344, 3577.27, 21, 1, smm_btc, 155020493397, True
btc_pax, None, 0.8, 3587.04, 23, 1, smm_btc, 155020493398, True
btc_pax, None, 0.565344, 3576.85, 21, 1, smm_btc, 155020496601, False
btc_pax, None, 0.8, 3587.04, 23, 1, smm_btc, 155020496602, False
btc_pax, None, 0.565344, 3576.85, 21, 1, smm_btc, 155020496601, True
btc_pax, None, 0.8, 3587.04, 23, 1, smm_btc, 155020496602, True
btc_pax, None, 0.082103, 3576.84, 21, 1, smm_btc, 155020497205, False
btc_pax, None, 0.8, 3578.19, 23, 1, smm_btc, 155020497206, False
btc_pax, None, 0.082103, 3576.84, 21, 1, smm_btc, 155020497205, True
btc_pax, None, 0.8, 3578.19, 23, 1, smm_btc, 155020497206, True
btc_pax, None, 0.082103, 3576.84, 21, 1, smm_btc, 155020498509, False
btc_pax, None, 0.8, 3578.16, 23, 1, smm_btc, 155020498510, False
btc_pax, None, 0.8, 3578.16, 23, 1, smm_btc, 155020498510, True
btc_pax, None, 0.8, 3578.19, 23, 1, smm_btc, 155020499812, False
btc_pax, None, 0.8, 3578.19, 23, 1, smm_btc, 155020499812, True
btc_pax, None, 0.082103, 3576.84, 21, 1, smm_btc, 155020498509, True
btc_pax, None, 0.8, 3587.04, 23, 1, smm_btc, 155020502915, False
btc_pax, None, 0.082103, 3568.56, 21, 1, smm_btc, 155020503616, False
btc_pax, None, 0.8, 3587.04, 23, 1, smm_btc, 155020502915, True
btc_pax, None, 0.8, 3580.62, 23, 1, smm_btc, 155020504418, False
btc_pax, None, 0.082103, 3568.56, 21, 1, smm_btc, 155020503616, True
btc_pax, None, 0.082103, 3579.79, 21, 1, smm_btc, 155020505020, False
btc_pax, None, 0.8, 3580.62, 23, 1, smm_btc, 155020504418, True
btc_pax, None, 0.082103, 3579.79, 21, 1, smm_btc, 155020505020, True
btc_pax, None, 0.8, 3581.73, 23, 1, smm_btc, 155020506223, False
btc_pax, None, 0.082103, 3569.71, 21, 1, smm_btc, 155020507124, False
btc_pax, None, 0.8, 3581.73, 23, 1, smm_btc, 155020506223, True
btc_pax, None, 0.082103, 3569.71, 21, 1, smm_btc, 155020507124, True
btc_pax, None, 0.8, 3582.62, 23, 1, smm_btc, 155020507727, False
btc_pax, None, 0.8, 3582.62, 23, 1, smm_btc, 155020507727, True
btc_pax, None, 0.082103, 3569.71, 21, 1, smm_btc, 155020508329, False
btc_pax, None, 0.8, 3589.25, 23, 1, smm_btc, 155020508330, False
btc_pax, None, 0.8, 3589.25, 23, 1, smm_btc, 155020508330, True
btc_pax, None, 0.082103, 3569.71, 21, 1, smm_btc, 155020508329, True
btc_pax, None, 0.8, 3581.01, 23, 1, smm_btc, 155020509033, False
btc_pax, None, 0.082103, 3579.06, 21, 1, smm_btc, 155020509634, False
btc_pax, None, 0.082103, 3579.06, 21, 1, smm_btc, 155020509634, True
btc_pax, None, 0.082103, 3579.39, 21, 1, smm_btc, 155020513336, False
btc_pax, None, 0.8, 3581.01, 23, 1, smm_btc, 155020509033, True
btc_pax, None, 0.8, 3582.52, 23, 1, smm_btc, 155020516438, False
btc_pax, None, 0.8, 3582.52, 23, 1, smm_btc, 155020516438, True
btc_pax, None, 0.8, 3581.94, 23, 1, smm_btc, 155020518340, False
btc_pax, None, 0.8, 3581.94, 23, 1, smm_btc, 155020518340, True
btc_pax, None, 0.8, 3581.07, 23, 1, smm_btc, 155020521442, False
btc_pax, None, 0.082103, 3579.39, 21, 1, smm_btc, 155020513336, True
btc_pax, None, 0.082103, 3579.06, 21, 1, smm_btc, 155020522344, False
btc_pax, None, 0.082103, 3579.06, 21, 1, smm_btc, 155020522344, True
btc_pax, None, 0.082103, 3579.1, 21, 1, smm_btc, 155020524746, False
btc_pax, None, 0.8, 3581.07, 23, 1, smm_btc, 155020521442, True
btc_pax, None, 0.8, 3580.24, 23, 1, smm_btc, 155020525248, False
btc_pax, None, 0.8, 3580.24, 23, 1, smm_btc, 155020525248, True
btc_pax, None, 0.8, 3581.69, 23, 1, smm_btc, 155020530450, False
btc_pax, None, 0.082103, 3579.1, 21, 1, smm_btc, 155020524746, True
btc_pax, None, 0.082103, 3579.58, 21, 1, smm_btc, 155020531952, False
btc_pax, None, 0.8, 3581.69, 23, 1, smm_btc, 155020530450, True
btc_pax, None, 0.8, 3583.1, 23, 1, smm_btc, 155020532654, False
btc_pax, None, 0.8, 3583.1, 23, 1, smm_btc, 155020532654, True
btc_pax, None, 0.8, 3582.04, 23, 1, smm_btc, 155020533356, False
btc_pax, None, 0.8, 3582.04, 23, 1, smm_btc, 155020533356, True
btc_pax, None, 0.8, 3581.88, 23, 1, smm_btc, 155020535058, False
btc_pax, None, 0.8, 3581.88, 23, 1, smm_btc, 155020535058, True
btc_pax, None, 0.8, 3577.62, 21, 1, smm_btc, 155020536960, False
btc_pax, None, 0.8, 3578.17, 23, 1, smm_btc, 155020536961, False
btc_pax, None, 0.8, 3578.17, 23, 1, smm_btc, 155020536961, True
btc_pax, None, 0.8, 3579.29, 23, 1, smm_btc, 155020541863, False
btc_pax, None, 0.8, 3579.29, 23, 1, smm_btc, 155020541863, True
btc_pax, None, 0.8, 3579.6, 23, 1, smm_btc, 155020542665, False
btc_pax, None, 0.8, 3577.62, 21, 1, smm_btc, 155020536960, True
btc_pax, None, 0.8, 3578.13, 21, 1, smm_btc, 155020544967, False
btc_pax, None, 0.8, 3578.13, 21, 1, smm_btc, 155020544967, True
btc_pax, None, 0.8, 3579.6, 23, 1, smm_btc, 155020542665, True
btc_pax, None, 0.8, 3578.18, 21, 1, smm_btc, 155020545870, False
btc_pax, None, 0.8, 3581.64, 23, 1, smm_btc, 155020545871, False
btc_pax, None, 0.8, 3578.18, 21, 1, smm_btc, 155020545870, True
btc_pax, None, 0.8, 3578.63, 21, 1, smm_btc, 155020548073, False
btc_pax, None, 0.8, 3578.63, 21, 1, smm_btc, 155020548073, True
btc_pax, None, 0.8, 3581.64, 23, 1, smm_btc, 155020545871, True
btc_pax, None, 0.8, 3581.51, 23, 1, smm_btc, 155020549376, False
btc_pax, None, 0.8, 3579.0, 21, 1, smm_btc, 155020549977, False
btc_pax, None, 0.8, 3581.51, 23, 1, smm_btc, 155020549376, True
btc_pax, None, 0.8, 3580.86, 23, 1, smm_btc, 155020556379, False
btc_pax, None, 0.8, 3579.0, 21, 1, smm_btc, 155020549977, True
btc_pax, None, 0.8, 3580.86, 23, 1, smm_btc, 155020556379, True
btc_pax, None, 0.8, 3579.42, 21, 1, smm_btc, 155020559182, False
btc_pax, None, 0.8, 3580.89, 23, 1, smm_btc, 155020559183, False
btc_pax, None, 0.8, 3579.42, 21, 1, smm_btc, 155020559182, True
btc_pax, None, 0.8, 3578.16, 21, 1, smm_btc, 155020563085, False
btc_pax, None, 0.8, 3580.89, 23, 1, smm_btc, 155020559183, True
btc_pax, None, 0.8, 3580.04, 23, 1, smm_btc, 155020567187, False
btc_pax, None, 0.8, 3580.04, 23, 1, smm_btc, 155020567187, True
btc_pax, None, 0.8, 3579.38, 23, 1, smm_btc, 155020571289, False
btc_pax, None, 0.8, 3579.38, 23, 1, smm_btc, 155020571289, True
btc_pax, None, 0.8, 3578.56, 23, 1, smm_btc, 155020572291, False
btc_pax, None, 0.8, 3578.56, 23, 1, smm_btc, 155020572291, True
btc_pax, None, 0.8, 3568.28, 21, 1, smm_btc, 155020572593, False
btc_pax, None, 0.8, 3578.46, 23, 1, smm_btc, 155020572894, False
btc_pax, None, 0.8, 3578.46, 23, 1, smm_btc, 155020572894, True
btc_pax, None, 0.8, 3578.33, 23, 1, smm_btc, 155020573596, False
btc_pax, None, 0.8, 3568.28, 21, 1, smm_btc, 155020572593, True
btc_pax, None, 0.8, 3568.28, 21, 1, smm_btc, 155020574298, False
btc_pax, None, 0.8, 3568.28, 21, 1, smm_btc, 155020574298, True
btc_pax, None, 0.8, 3568.32, 21, 1, smm_btc, 155020575300, False
btc_pax, None, 0.8, 3590.45, 23, 1, smm_btc, 155020575301, False
btc_pax, None, 0.8, 3568.32, 21, 1, smm_btc, 155020575300, True
btc_pax, None, 0.8, 3590.45, 23, 1, smm_btc, 155020575301, True
btc_pax, None, 0.8, 3578.16, 21, 1, smm_btc, 155020576204, False
btc_pax, None, 0.8, 3580.15, 23, 1, smm_btc, 155020576205, False
btc_pax, None, 0.8, 3580.15, 23, 1, smm_btc, 155020576205, True
btc_pax, None, 0.8, 3579.35, 23, 1, smm_btc, 155020577407, False
btc_pax, None, 0.8, 3579.35, 23, 1, smm_btc, 155020577407, True
btc_pax, None, 0.8, 3579.28, 23, 1, smm_btc, 155020579009, False
btc_pax, None, 0.8, 3579.28, 23, 1, smm_btc, 155020579009, True
btc_pax, None, 0.8, 3579.36, 23, 1, smm_btc, 155020580011, False
btc_pax, None, 0.8, 3579.36, 23, 1, smm_btc, 155020580011, True
btc_pax, None, 0.8, 3578.61, 23, 1, smm_btc, 155020581813, False
btc_pax, None, 0.8, 3578.16, 21, 1, smm_btc, 155020576204, True
btc_pax, None, 0.8, 3578.17, 21, 1, smm_btc, 155020582715, False
btc_pax, None, 0.8, 3590.45, 23, 1, smm_btc, 155020582716, False
btc_pax, None, 0.8, 3578.17, 21, 1, smm_btc, 155020582715, True
btc_pax, None, 0.302152, 3578.16, 21, 1, smm_btc, 155020584218, False
btc_pax, None, 0.8, 3590.45, 23, 1, smm_btc, 155020582716, True
btc_pax, None, 0.8, 3579.45, 23, 1, smm_btc, 155020584520, False
btc_pax, None, 0.302152, 3578.16, 21, 1, smm_btc, 155020584218, True
btc_pax, None, 0.8, 3579.45, 23, 1, smm_btc, 155020584520, True
btc_pax, None, 0.302152, 3578.17, 21, 1, smm_btc, 155020591023, False
btc_pax, None, 0.8, 3579.45, 23, 1, smm_btc, 155020591024, False
btc_pax, None, 0.302152, 3578.17, 21, 1, smm_btc, 155020591023, True
btc_pax, None, 0.302152, 3579.01, 21, 1, smm_btc, 155020600326, False
btc_pax, None, 0.8, 3589.13, 23, 1, smm_btc, 155020600327, False
btc_pax, None, 0.302152, 3579.01, 21, 1, smm_btc, 155020600326, True
btc_pax, None, 0.302152, 3579.62, 21, 1, smm_btc, 155020601229, False
btc_pax, None, 0.8, 3589.13, 23, 1, smm_btc, 155020600327, True
btc_pax, None, 0.8, 3590.0, 23, 1, smm_btc, 155020601531, False
btc_pax, None, 0.302152, 3579.62, 21, 1, smm_btc, 155020601229, True
btc_pax, None, 0.8, 3590.0, 23, 1, smm_btc, 155020601531, True
btc_pax, None, 0.262152, 3580.09, 21, 1, smm_btc, 155020603134, False
btc_pax, None, 0.8, 3588.74, 23, 1, smm_btc, 155020603135, False
btc_pax, None, 0.8, 3588.74, 23, 1, smm_btc, 155020603135, True
btc_pax, None, 0.8, 3589.13, 23, 1, smm_btc, 155020604137, False
btc_pax, None, 0.8, 3579.78, 21, 1, smm_btc, 155020605138, False
btc_pax, None, 0.8, 3589.13, 23, 1, smm_btc, 155020604137, True
btc_pax, None, 0.8, 3589.13, 23, 1, smm_btc, 155020606440, False
btc_pax, None, 0.8, 3589.13, 23, 1, smm_btc, 155020606440, True
btc_pax, None, 0.8, 3589.13, 23, 1, smm_btc, 155020607142, False
btc_pax, None, 0.8, 3579.78, 21, 1, smm_btc, 155020605138, True
btc_pax, None, 0.8, 3579.78, 21, 1, smm_btc, 155020607844, False
btc_pax, None, 0.8, 3589.13, 23, 1, smm_btc, 155020607142, True
btc_pax, None, 0.8, 3590.0, 23, 1, smm_btc, 155020608646, False
btc_pax, None, 0.8, 3579.78, 21, 1, smm_btc, 155020607844, True
btc_pax, None, 0.8, 3579.78, 21, 1, smm_btc, 155020609248, False
btc_pax, None, 0.8, 3579.78, 21, 1, smm_btc, 155020609248, True
btc_pax, None, 0.8, 3579.78, 21, 1, smm_btc, 155020609850, False
btc_pax, None, 0.8, 3590.0, 23, 1, smm_btc, 155020608646, True
btc_pax, None, 0.8, 3590.0, 23, 1, smm_btc, 155020611152, False
btc_pax, None, 0.8, 3590.0, 23, 1, smm_btc, 155020611152, True
btc_pax, None, 0.8, 3590.0, 23, 1, smm_btc, 155020611754, False
btc_pax, None, 0.8, 3590.0, 23, 1, smm_btc, 155020611754, True
btc_pax, None, 0.8, 3589.13, 23, 1, smm_btc, 155020612856, False
btc_pax, None, 0.8, 3589.13, 23, 1, smm_btc, 155020612856, True
btc_pax, None, 0.8, 3589.13, 23, 1, smm_btc, 155020613858, False
btc_pax, None, 0.8, 3589.13, 23, 1, smm_btc, 155020613858, True
btc_pax, None, 0.8, 3589.13, 23, 1, smm_btc, 155020614960, False
btc_pax, None, 0.8, 3579.78, 21, 1, smm_btc, 155020609850, True
btc_pax, None, 0.8, 3589.13, 23, 1, smm_btc, 155020614960, True
btc_pax, None, 0.8, 3580.13, 21, 1, smm_btc, 155020617363, False
btc_pax, None, 0.8, 3589.13, 23, 1, smm_btc, 155020617364, False
btc_pax, None, 0.8, 3589.13, 23, 1, smm_btc, 155020617364, True
btc_pax, None, 0.8, 3589.13, 23, 1, smm_btc, 155020624166, False
btc_pax, None, 0.8, 3589.13, 23, 1, smm_btc, 155020624166, True
btc_pax, None, 0.8, 3579.0, 21, 1, smm_btc, 155020626068, False
btc_pax, None, 0.8, 3580.16, 23, 1, smm_btc, 155020626069, False
btc_pax, None, 0.8, 3580.16, 23, 1, smm_btc, 155020626069, True
btc_pax, None, 0.8, 3579.32, 23, 1, smm_btc, 155020626671, False
btc_pax, None, 0.8, 3579.0, 21, 1, smm_btc, 155020626068, True
btc_pax, None, 0.8, 3579.32, 23, 1, smm_btc, 155020626671, True
btc_pax, None, 0.8, 3577.28, 21, 1, smm_btc, 155020631874, False
btc_pax, None, 0.8, 3578.03, 23, 1, smm_btc, 155020632475, False
btc_pax, None, 0.8, 3577.28, 21, 1, smm_btc, 155020631874, True
btc_pax, None, 0.8, 3577.29, 21, 1, smm_btc, 155020634577, False
btc_pax, None, 0.8, 3578.03, 23, 1, smm_btc, 155020632475, True
btc_pax, None, 0.8, 3577.29, 21, 1, smm_btc, 155020634577, True
btc_pax, None, 0.8, 3579.52, 23, 1, smm_btc, 155020638680, False
btc_pax, None, 0.8, 3569.98, 21, 1, smm_btc, 155020638981, False
btc_pax, None, 0.8, 3579.52, 23, 1, smm_btc, 155020638680, True
btc_pax, None, 0.8, 3569.98, 21, 1, smm_btc, 155020638981, True
btc_pax, None, 0.8, 3578.66, 23, 1, smm_btc, 155020639284, False
btc_pax, None, 0.8, 3577.28, 21, 1, smm_btc, 155020639885, False
btc_pax, None, 0.8, 3577.28, 21, 1, smm_btc, 155020639885, True
btc_pax, None, 0.8, 3576.83, 21, 1, smm_btc, 155020641187, False
btc_pax, None, 0.8, 3578.66, 23, 1, smm_btc, 155020639284, True
btc_pax, None, 0.8, 3577.92, 23, 1, smm_btc, 155020641489, False
btc_pax, None, 0.8, 3576.83, 21, 1, smm_btc, 155020641187, True
btc_pax, None, 0.8, 3579.16, 21, 1, smm_btc, 155020643391, False
btc_pax, None, 0.8, 3590.41, 23, 1, smm_btc, 155020643792, False
btc_pax, None, 0.8, 3579.16, 21, 1, smm_btc, 155020643391, True
btc_pax, None, 0.8, 3590.41, 23, 1, smm_btc, 155020643792, True
btc_pax, None, 0.8, 3579.59, 21, 1, smm_btc, 155020644495, False
btc_pax, None, 0.8, 3590.41, 23, 1, smm_btc, 155020644496, False
btc_pax, None, 0.8, 3579.59, 21, 1, smm_btc, 155020644495, True
btc_pax, None, 0.8, 3579.07, 21, 1, smm_btc, 155020645198, False
btc_pax, None, 0.8, 3590.41, 23, 1, smm_btc, 155020644496, True
btc_pax, None, 0.8, 3579.07, 21, 1, smm_btc, 155020645198, True
btc_pax, None, 0.8, 3590.36, 23, 1, smm_btc, 155020645401, False
btc_pax, None, 0.8, 3579.14, 21, 1, smm_btc, 155020645802, False
btc_pax, None, 0.8, 3590.36, 23, 1, smm_btc, 155020645401, True
btc_pax, None, 0.8, 3579.14, 21, 1, smm_btc, 155020645802, True
btc_pax, None, 0.8, 3590.36, 23, 1, smm_btc, 155020646205, False
btc_pax, None, 0.8, 3579.07, 21, 1, smm_btc, 155020646506, False
btc_pax, None, 0.8, 3590.36, 23, 1, smm_btc, 155020646205, True
btc_pax, None, 0.8, 3579.07, 21, 1, smm_btc, 155020646506, True
btc_pax, None, 0.8, 3590.36, 23, 1, smm_btc, 155020646809, False
btc_pax, None, 0.8, 3579.06, 21, 1, smm_btc, 155020647110, False
btc_pax, None, 0.8, 3590.36, 23, 1, smm_btc, 155020646809, True
btc_pax, None, 0.8, 3590.0, 23, 1, smm_btc, 155020647712, False
btc_pax, None, 0.8, 3579.06, 21, 1, smm_btc, 155020647110, True
btc_pax, None, 0.8, 3590.0, 23, 1, smm_btc, 155020647712, True
btc_pax, None, 0.8, 3579.82, 21, 1, smm_btc, 155020649615, False
btc_pax, None, 0.8, 3590.45, 23, 1, smm_btc, 155020649616, False
btc_pax, None, 0.8, 3590.45, 23, 1, smm_btc, 155020649616, True
btc_pax, None, 0.8, 3590.45, 23, 1, smm_btc, 155020651618, False
btc_pax, None, 0.8, 3579.82, 21, 1, smm_btc, 155020649615, True
btc_pax, None, 0.8, 3579.84, 21, 1, smm_btc, 155020652820, False
btc_pax, None, 0.8, 3590.45, 23, 1, smm_btc, 155020651618, True
btc_pax, None, 0.8, 3579.84, 21, 1, smm_btc, 155020652820, True
btc_pax, None, 0.8, 3590.0, 23, 1, smm_btc, 155020653223, False
btc_pax, None, 0.8, 3579.89, 21, 1, smm_btc, 155020653524, False
btc_pax, None, 0.8, 3579.89, 21, 1, smm_btc, 155020653524, True
btc_pax, None, 0.8, 3590.0, 23, 1, smm_btc, 155020653223, True
btc_pax, None, 0.146634, 3580.59, 21, 1, smm_btc, 155020654227, False
btc_pax, None, 0.8, 3581.77, 23, 1, smm_btc, 155020654228, False
btc_pax, None, 0.146634, 3580.59, 21, 1, smm_btc, 155020654227, True
btc_pax, None, 0.146634, 3580.46, 21, 1, smm_btc, 155020657430, False
btc_pax, None, 0.8, 3581.77, 23, 1, smm_btc, 155020654228, True
btc_pax, None, 0.8, 3582.69, 23, 1, smm_btc, 155020659332, False
btc_pax, None, 0.146634, 3580.46, 21, 1, smm_btc, 155020657430, True
btc_pax, None, 0.146634, 3579.57, 21, 1, smm_btc, 155020661334, False
btc_pax, None, 0.146634, 3579.57, 21, 1, smm_btc, 155020661334, True
btc_pax, None, 0.8, 3582.69, 23, 1, smm_btc, 155020659332, True
btc_pax, None, 0.146634, 3572.07, 21, 1, smm_btc, 155020661937, False
btc_pax, None, 0.8, 3590.66, 23, 1, smm_btc, 155020661938, False
btc_pax, None, 0.146634, 3572.07, 21, 1, smm_btc, 155020661937, True
btc_pax, None, 0.146634, 3579.72, 21, 1, smm_btc, 155020662540, False
btc_pax, None, 0.8, 3590.66, 23, 1, smm_btc, 155020661938, True
btc_pax, None, 0.8, 3582.69, 23, 1, smm_btc, 155020663242, False
btc_pax, None, 0.8, 3582.69, 23, 1, smm_btc, 155020663242, True
btc_pax, None, 0.8, 3582.69, 23, 1, smm_btc, 155020663944, False
btc_pax, None, 0.146634, 3579.72, 21, 1, smm_btc, 155020662540, True
btc_pax, None, 0.8, 3582.69, 23, 1, smm_btc, 155020663944, True
btc_pax, None, 0.146634, 3579.72, 21, 1, smm_btc, 155020664847, False
btc_pax, None, 0.8, 3582.69, 23, 1, smm_btc, 155020664848, False
btc_pax, None, 0.146634, 3579.72, 21, 1, smm_btc, 155020664847, True
btc_pax, None, 0.146634, 3581.54, 21, 1, smm_btc, 155020666350, False
btc_pax, None, 0.8, 3582.69, 23, 1, smm_btc, 155020664848, True
btc_pax, None, 0.8, 3582.82, 23, 1, smm_btc, 155020666652, False
btc_pax, None, 0.8, 3582.82, 23, 1, smm_btc, 155020666652, True
btc_pax, None, 0.8, 3583.4, 23, 1, smm_btc, 155020667254, False
btc_pax, None, 0.146634, 3581.54, 21, 1, smm_btc, 155020666350, True
btc_pax, None, 0.146634, 3581.54, 21, 1, smm_btc, 155020670056, False
btc_pax, None, 0.146634, 3581.54, 21, 1, smm_btc, 155020670056, True
btc_pax, None, 0.146634, 3581.56, 21, 1, smm_btc, 155020671058, False
btc_pax, None, 0.8, 3583.4, 23, 1, smm_btc, 155020667254, True
btc_pax, None, 0.8, 3583.36, 23, 1, smm_btc, 155020677160, False
btc_pax, None, 0.146634, 3581.56, 21, 1, smm_btc, 155020671058, True
btc_pax, None, 0.8, 3583.36, 23, 1, smm_btc, 155020677160, True
btc_pax, None, 0.146634, 3581.01, 21, 1, smm_btc, 155020678063, False
btc_pax, None, 0.146634, 3581.01, 21, 1, smm_btc, 155020678063, True
btc_pax, None, 0.146634, 3580.74, 21, 1, smm_btc, 155020678965, False
btc_pax, None, 0.146634, 3580.74, 21, 1, smm_btc, 155020678965, True
btc_pax, None, 0.8, 3590.45, 23, 1, smm_btc, 155020679267, False
btc_pax, None, 0.146634, 3572.43, 21, 1, smm_btc, 155020679568, False
btc_pax, None, 0.146634, 3572.43, 21, 1, smm_btc, 155020679568, True
btc_pax, None, 0.146634, 3580.84, 21, 1, smm_btc, 155020680170, False
btc_pax, None, 0.8, 3590.45, 23, 1, smm_btc, 155020679267, True
btc_pax, None, 0.8, 3583.36, 23, 1, smm_btc, 155020680472, False
btc_pax, None, 0.8, 3583.36, 23, 1, smm_btc, 155020680472, True
btc_pax, None, 0.146634, 3580.84, 21, 1, smm_btc, 155020680170, True
btc_pax, None, 0.8, 3583.4, 23, 1, smm_btc, 155020681475, False
btc_pax, None, 0.146634, 3581.68, 21, 1, smm_btc, 155020681776, False
btc_pax, None, 0.146634, 3581.68, 21, 1, smm_btc, 155020681776, True
btc_pax, None, 0.146634, 3582.42, 21, 1, smm_btc, 155020683778, False
btc_pax, None, 0.146634, 3582.42, 21, 1, smm_btc, 155020683778, True
btc_pax, None, 0.146634, 3583.2, 21, 1, smm_btc, 155020687080, False
btc_pax, None, 0.146634, 3583.2, 21, 1, smm_btc, 155020687080, True
btc_pax, None, 0.146634, 3582.42, 21, 1, smm_btc, 155020688782, False
btc_pax, None, 0.146634, 3582.42, 21, 1, smm_btc, 155020688782, True
btc_pax, None, 0.146634, 3582.47, 21, 1, smm_btc, 155020693084, False
btc_pax, None, 0.8, 3580.9, 21, 1, smm_btc, 155020701185, False
btc_pax, None, 0.8, 3580.9, 21, 1, smm_btc, 155020701185, True
btc_pax, None, 0.8, 3580.6, 21, 1, smm_btc, 155020702387, False
btc_pax, None, 0.8, 3583.4, 23, 1, smm_btc, 155020681475, True
btc_pax, None, 0.8, 3583.13, 23, 1, smm_btc, 155020702689, False
btc_pax, None, 0.8, 3583.13, 23, 1, smm_btc, 155020702689, True
btc_pax, None, 0.8, 3580.58, 23, 1, smm_btc, 155020706691, False
btc_pax, None, 0.8, 3572.07, 21, 1, smm_btc, 155020706692, False
btc_pax, None, 0.8, 3580.58, 23, 1, smm_btc, 155020706691, True
btc_pax, None, 0.8, 3580.54, 23, 1, smm_btc, 155020707494, False
btc_pax, None, 0.8, 3580.54, 23, 1, smm_btc, 155020707494, True
btc_pax, None, 0.8, 3572.07, 21, 1, smm_btc, 155020706692, True
btc_pax, None, 0.8, 3580.34, 23, 1, smm_btc, 155020708097, False
btc_pax, None, 0.8, 3569.49, 21, 1, smm_btc, 155020708098, False
btc_pax, None, 0.8, 3580.34, 23, 1, smm_btc, 155020708097, True
btc_pax, None, 0.8, 3580.24, 23, 1, smm_btc, 155020708600, False
btc_pax, None, 0.8, 3580.24, 23, 1, smm_btc, 155020708600, True
btc_pax, None, 0.8, 3569.49, 21, 1, smm_btc, 155020708098, True
btc_pax, None, 0.8, 3580.22, 23, 1, smm_btc, 155020709203, False
btc_pax, None, 0.8, 3571.64, 21, 1, smm_btc, 155020709204, False
btc_pax, None, 0.8, 3580.22, 23, 1, smm_btc, 155020709203, True
btc_pax, None, 0.8, 3571.64, 21, 1, smm_btc, 155020709204, True
btc_pax, None, 0.8, 3580.11, 23, 1, smm_btc, 155020710707, False
btc_pax, None, 0.8, 3568.76, 21, 1, smm_btc, 155020710708, False
btc_pax, None, 0.8, 3580.11, 23, 1, smm_btc, 155020710707, True
btc_pax, None, 0.8, 3568.76, 21, 1, smm_btc, 155020710708, True
btc_pax, None, 0.8, 3580.05, 23, 1, smm_btc, 155020711311, False
btc_pax, None, 0.8, 3568.82, 21, 1, smm_btc, 155020711312, False
btc_pax, None, 0.8, 3580.05, 23, 1, smm_btc, 155020711311, True
btc_pax, None, 0.8, 3579.84, 23, 1, smm_btc, 155020712014, False
btc_pax, None, 0.8, 3568.82, 21, 1, smm_btc, 155020711312, True
btc_pax, None, 0.8, 3579.84, 23, 1, smm_btc, 155020712014, True
btc_pax, None, 0.8, 3568.76, 21, 1, smm_btc, 155020712417, False
btc_pax, None, 0.8, 3579.81, 23, 1, smm_btc, 155020712718, False
btc_pax, None, 0.8, 3579.81, 23, 1, smm_btc, 155020712718, True
btc_pax, None, 0.8, 3580.06, 23, 1, smm_btc, 155020713420, False
btc_pax, None, 0.8, 3568.76, 21, 1, smm_btc, 155020712417, True
btc_pax, None, 0.8, 3570.65, 21, 1, smm_btc, 155020713822, False
btc_pax, None, 0.8, 3570.65, 21, 1, smm_btc, 155020713822, True
btc_pax, None, 0.8, 3568.76, 21, 1, smm_btc, 155020715124, False
btc_pax, None, 0.8, 3580.06, 23, 1, smm_btc, 155020713420, True
btc_pax, None, 0.8, 3568.76, 21, 1, smm_btc, 155020715124, True
btc_pax, None, 0.8, 3580.02, 23, 1, smm_btc, 155020716327, False
btc_pax, None, 0.8, 3570.65, 21, 1, smm_btc, 155020716328, False
btc_pax, None, 0.8, 3580.02, 23, 1, smm_btc, 155020716327, True
btc_pax, None, 0.8, 3580.0, 23, 1, smm_btc, 155020717130, False
btc_pax, None, 0.8, 3580.0, 23, 1, smm_btc, 155020717130, True
btc_pax, None, 0.8, 3579.99, 23, 1, smm_btc, 155020717732, False
btc_pax, None, 0.8, 3570.65, 21, 1, smm_btc, 155020716328, True
btc_pax, None, 0.8, 3579.99, 23, 1, smm_btc, 155020717732, True
btc_pax, None, 0.8, 3568.56, 21, 1, smm_btc, 155020718035, False
btc_pax, None, 0.8, 3579.73, 23, 1, smm_btc, 155020718336, False
btc_pax, None, 0.8, 3579.73, 23, 1, smm_btc, 155020718336, True
btc_pax, None, 0.8, 3579.56, 23, 1, smm_btc, 155020718938, False
btc_pax, None, 0.8, 3579.56, 23, 1, smm_btc, 155020718938, True
btc_pax, None, 0.8, 3568.56, 21, 1, smm_btc, 155020718035, True
btc_pax, None, 0.8, 3579.42, 23, 1, smm_btc, 155020719541, False
btc_pax, None, 0.8, 3569.59, 21, 1, smm_btc, 155020719542, False
btc_pax, None, 0.8, 3579.42, 23, 1, smm_btc, 155020719541, True
btc_pax, None, 0.8, 3579.35, 23, 1, smm_btc, 155020720144, False
btc_pax, None, 0.8, 3579.35, 23, 1, smm_btc, 155020720144, True
btc_pax, None, 0.8, 3569.59, 21, 1, smm_btc, 155020719542, True
btc_pax, None, 0.8, 3579.32, 23, 1, smm_btc, 155020721147, False
btc_pax, None, 0.8, 3569.59, 21, 1, smm_btc, 155020721148, False
btc_pax, None, 0.8, 3579.32, 23, 1, smm_btc, 155020721147, True
btc_pax, None, 0.8, 3569.59, 21, 1, smm_btc, 155020721148, True
btc_pax, None, 0.8, 3579.13, 23, 1, smm_btc, 155020721851, False
btc_pax, None, 0.8, 3567.1, 21, 1, smm_btc, 155020721852, False
btc_pax, None, 0.8, 3579.13, 23, 1, smm_btc, 155020721851, True
btc_pax, None, 0.8, 3567.1, 21, 1, smm_btc, 155020721852, True
btc_pax, None, 0.8, 3579.08, 23, 1, smm_btc, 155020722455, False
btc_pax, None, 0.8, 3568.56, 21, 1, smm_btc, 155020722456, False
btc_pax, None, 0.8, 3579.08, 23, 1, smm_btc, 155020722455, True
btc_pax, None, 0.8, 3579.06, 23, 1, smm_btc, 155020723158, False
btc_pax, None, 0.8, 3568.56, 21, 1, smm_btc, 155020722456, True
btc_pax, None, 0.8, 3579.06, 23, 1, smm_btc, 155020723158, True
btc_pax, None, 0.8, 3568.56, 21, 1, smm_btc, 155020723461, False
btc_pax, None, 0.8, 3579.04, 23, 1, smm_btc, 155020723762, False
btc_pax, None, 0.8, 3568.56, 21, 1, smm_btc, 155020723461, True
btc_pax, None, 0.8, 3579.04, 23, 1, smm_btc, 155020723762, True
btc_pax, None, 0.8, 3568.56, 21, 1, smm_btc, 155020724065, False
btc_pax, None, 0.8, 3578.98, 23, 1, smm_btc, 155020724366, False
btc_pax, None, 0.8, 3578.98, 23, 1, smm_btc, 155020724366, True
btc_pax, None, 0.8, 3578.96, 23, 1, smm_btc, 155020724968, False
btc_pax, None, 0.8, 3568.56, 21, 1, smm_btc, 155020724065, True
btc_pax, None, 0.8, 3578.96, 23, 1, smm_btc, 155020724968, True
btc_pax, None, 0.8, 3569.35, 21, 1, smm_btc, 155020725771, False
btc_pax, None, 0.8, 3578.94, 23, 1, smm_btc, 155020725972, False
btc_pax, None, 0.8, 3578.94, 23, 1, smm_btc, 155020725972, True
btc_pax, None, 0.8, 3578.82, 23, 1, smm_btc, 155020726574, False
btc_pax, None, 0.8, 3569.35, 21, 1, smm_btc, 155020725771, True
btc_pax, None, 0.8, 3578.82, 23, 1, smm_btc, 155020726574, True
btc_pax, None, 0.8, 3568.99, 21, 1, smm_btc, 155020726877, False
btc_pax, None, 0.8, 3578.77, 23, 1, smm_btc, 155020727178, False
btc_pax, None, 0.8, 3568.99, 21, 1, smm_btc, 155020726877, True
btc_pax, None, 0.8, 3578.77, 23, 1, smm_btc, 155020727178, True
btc_pax, None, 0.8, 3568.56, 21, 1, smm_btc, 155020727481, False
btc_pax, None, 0.8, 3578.75, 23, 1, smm_btc, 155020727882, False
btc_pax, None, 0.8, 3578.75, 23, 1, smm_btc, 155020727882, True
btc_pax, None, 0.8, 3578.6, 23, 1, smm_btc, 155020728484, False
btc_pax, None, 0.8, 3568.56, 21, 1, smm_btc, 155020727481, True
btc_pax, None, 0.8, 3578.6, 23, 1, smm_btc, 155020728484, True
btc_pax, None, 0.8, 3568.95, 21, 1, smm_btc, 155020728787, False
btc_pax, None, 0.8, 3578.58, 23, 1, smm_btc, 155020729188, False
btc_pax, None, 0.8, 3568.95, 21, 1, smm_btc, 155020728787, True
btc_pax, None, 0.8, 3568.95, 21, 1, smm_btc, 155020729590, False
btc_pax, None, 0.8, 3568.95, 21, 1, smm_btc, 155020729590, True
btc_pax, None, 0.8, 3568.95, 21, 1, smm_btc, 155020730392, False
btc_pax, None, 0.8, 3578.58, 23, 1, smm_btc, 155020729188, True
btc_pax, None, 0.8, 3568.95, 21, 1, smm_btc, 155020730392, True
btc_pax, None, 0.8, 3578.56, 23, 1, smm_btc, 155020733595, False
btc_pax, None, 0.8, 3567.1, 21, 1, smm_btc, 155020733596, False
btc_pax, None, 0.8, 3578.56, 23, 1, smm_btc, 155020733595, True
btc_pax, None, 0.8, 3578.54, 23, 1, smm_btc, 155020734798, False
btc_pax, None, 0.8, 3567.1, 21, 1, smm_btc, 155020733596, True
btc_pax, None, 0.8, 3578.54, 23, 1, smm_btc, 155020734798, True
btc_pax, None, 0.8, 3567.1, 21, 1, smm_btc, 155020735001, False
btc_pax, None, 0.8, 3578.52, 23, 1, smm_btc, 155020735302, False
btc_pax, None, 0.8, 3578.52, 23, 1, smm_btc, 155020735302, True
btc_pax, None, 0.8, 3578.37, 23, 1, smm_btc, 155020735904, False
btc_pax, None, 0.8, 3578.37, 23, 1, smm_btc, 155020735904, True
btc_pax, None, 0.8, 3578.35, 23, 1, smm_btc, 155020737406, False
btc_pax, None, 0.8, 3578.35, 23, 1, smm_btc, 155020737406, True
btc_pax, None, 0.8, 3578.33, 23, 1, smm_btc, 155020738208, False
btc_pax, None, 0.8, 3567.1, 21, 1, smm_btc, 155020735001, True
btc_pax, None, 0.8, 3578.33, 23, 1, smm_btc, 155020738208, True
btc_pax, None, 0.8, 3568.56, 21, 1, smm_btc, 155020738511, False
btc_pax, None, 0.8, 3578.31, 23, 1, smm_btc, 155020738812, False
btc_pax, None, 0.8, 3578.31, 23, 1, smm_btc, 155020738812, True
btc_pax, None, 0.8, 3578.29, 23, 1, smm_btc, 155020739714, False
btc_pax, None, 0.8, 3578.29, 23, 1, smm_btc, 155020739714, True
btc_pax, None, 0.8, 3578.27, 23, 1, smm_btc, 155020740416, False
btc_pax, None, 0.8, 3568.56, 21, 1, smm_btc, 155020738511, True
btc_pax, None, 0.8, 3578.27, 23, 1, smm_btc, 155020740416, True
btc_pax, None, 0.8, 3568.99, 21, 1, smm_btc, 155020740719, False
btc_pax, None, 0.8, 3578.26, 23, 1, smm_btc, 155020741020, False
btc_pax, None, 0.8, 3578.26, 23, 1, smm_btc, 155020741020, True
btc_pax, None, 0.8, 3578.2, 23, 1, smm_btc, 155020741722, False
btc_pax, None, 0.8, 3578.2, 23, 1, smm_btc, 155020741722, True
btc_pax, None, 0.8, 3578.18, 23, 1, smm_btc, 155020742324, False
btc_pax, None, 0.8, 3568.99, 21, 1, smm_btc, 155020740719, True
btc_pax, None, 0.8, 3578.22, 21, 1, smm_btc, 155020743226, False
btc_pax, None, 0.8, 3581.17, 23, 1, smm_btc, 155020743227, False
btc_pax, None, 0.8, 3578.22, 21, 1, smm_btc, 155020743226, True
btc_pax, None, 0.8, 3577.73, 21, 1, smm_btc, 155020743929, False
btc_pax, None, 0.8, 3577.73, 21, 1, smm_btc, 155020743929, True
btc_pax, None, 0.8, 3577.32, 21, 1, smm_btc, 155020745131, False
btc_pax, None, 0.8, 3581.17, 23, 1, smm_btc, 155020743227, True
btc_pax, None, 0.8, 3581.56, 23, 1, smm_btc, 155020745433, False
btc_pax, None, 0.8, 3577.32, 21, 1, smm_btc, 155020745131, True
btc_pax, None, 0.8, 3576.78, 21, 1, smm_btc, 155020746135, False
btc_pax, None, 0.8, 3581.56, 23, 1, smm_btc, 155020745433, True
btc_pax, None, 0.8, 3581.56, 23, 1, smm_btc, 155020749237, False
btc_pax, None, 0.8, 3581.56, 23, 1, smm_btc, 155020749237, True
btc_pax, None, 0.8, 3576.78, 21, 1, smm_btc, 155020746135, True
btc_pax, None, 0.8, 3585.64, 23, 1, smm_btc, 155020755940, False
btc_pax, None, 0.8, 3577.71, 21, 1, smm_btc, 155020756241, False
btc_pax, None, 0.8, 3585.64, 23, 1, smm_btc, 155020755940, True
btc_pax, None, 0.8, 3577.71, 21, 1, smm_btc, 155020756241, True
btc_pax, None, 0.8, 3579.07, 23, 1, smm_btc, 155020757244, False
btc_pax, None, 0.8, 3577.31, 21, 1, smm_btc, 155020757545, False
btc_pax, None, 0.8, 3579.07, 23, 1, smm_btc, 155020757244, True
btc_pax, None, 0.8, 3580.02, 23, 1, smm_btc, 155020758747, False
btc_pax, None, 0.8, 3577.31, 21, 1, smm_btc, 155020757545, True
btc_pax, None, 0.8, 3577.52, 21, 1, smm_btc, 155020760349, False
btc_pax, None, 0.8, 3580.02, 23, 1, smm_btc, 155020758747, True
btc_pax, None, 0.8, 3578.53, 23, 1, smm_btc, 155020761251, False
btc_pax, None, 0.8, 3577.52, 21, 1, smm_btc, 155020760349, False
btc_pax, None, 0.8, 3578.53, 23, 1, smm_btc, 155020761251, True
btc_pax, None, 0.8, 3578.35, 23, 1, smm_btc, 155020761954, False
btc_pax, None, 0.8, 3566.24, 21, 1, smm_btc, 155020761955, False
btc_pax, None, 0.8, 3578.35, 23, 1, smm_btc, 155020761954, True
btc_pax, None, 0.8, 3578.35, 23, 1, smm_btc, 155020762757, False
btc_pax, None, 0.8, 3578.35, 23, 1, smm_btc, 155020762757, True
btc_pax, None, 0.8, 3578.33, 23, 1, smm_btc, 155020763459, False
btc_pax, None, 0.8, 3578.33, 23, 1, smm_btc, 155020763459, True
btc_pax, None, 0.8, 3578.29, 23, 1, smm_btc, 155020764461, False
btc_pax, None, 0.8, 3578.29, 23, 1, smm_btc, 155020764461, True
btc_pax, None, 0.8, 3566.24, 21, 1, smm_btc, 155020761955, True
btc_pax, None, 0.8, 3578.16, 23, 1, smm_btc, 155020765064, False
btc_pax, None, 0.8, 3566.03, 21, 1, smm_btc, 155020765065, False
btc_pax, None, 0.8, 3578.16, 23, 1, smm_btc, 155020765064, True
btc_pax, None, 0.8, 3578.14, 23, 1, smm_btc, 155020765867, False
btc_pax, None, 0.8, 3566.03, 21, 1, smm_btc, 155020765065, True
btc_pax, None, 0.8, 3578.14, 23, 1, smm_btc, 155020765867, True
btc_pax, None, 0.8, 3566.24, 21, 1, smm_btc, 155020766270, False
btc_pax, None, 0.8, 3578.12, 23, 1, smm_btc, 155020766571, False
btc_pax, None, 0.8, 3578.12, 23, 1, smm_btc, 155020766571, True
btc_pax, None, 0.8, 3578.1, 23, 1, smm_btc, 155020767173, False
btc_pax, None, 0.8, 3566.24, 21, 1, smm_btc, 155020766270, True
btc_pax, None, 0.8, 3578.1, 23, 1, smm_btc, 155020767173, True
btc_pax, None, 0.8, 3566.24, 21, 1, smm_btc, 155020767476, False
btc_pax, None, 0.8, 3578.08, 23, 1, smm_btc, 155020767877, False
btc_pax, None, 0.8, 3566.24, 21, 1, smm_btc, 155020767476, True
btc_pax, None, 0.8, 3566.87, 21, 1, smm_btc, 155020768179, False
btc_pax, None, 0.8, 3578.08, 23, 1, smm_btc, 155020767877, True
btc_pax, None, 0.8, 3578.06, 23, 1, smm_btc, 155020768881, False
btc_pax, None, 0.8, 3566.87, 21, 1, smm_btc, 155020768179, True
btc_pax, None, 0.8, 3567.55, 21, 1, smm_btc, 155020769783, False
btc_pax, None, 0.8, 3578.06, 23, 1, smm_btc, 155020768881, True
btc_pax, None, 0.744833, 3578.06, 23, 1, smm_btc, 155020770685, False
btc_pax, None, 0.8, 3567.55, 21, 1, smm_btc, 155020769783, True
btc_pax, None, 0.8, 3577.54, 21, 1, smm_btc, 155020771987, False
btc_pax, None, 0.8, 3579.01, 23, 1, smm_btc, 155020772288, False
btc_pax, None, 0.8, 3577.54, 21, 1, smm_btc, 155020771987, True
btc_pax, None, 0.8, 3579.01, 23, 1, smm_btc, 155020772288, True
btc_pax, None, 0.8, 3577.12, 21, 1, smm_btc, 155020773791, False
btc_pax, None, 0.8, 3579.01, 23, 1, smm_btc, 155020774292, False
btc_pax, None, 0.8, 3577.12, 21, 1, smm_btc, 155020773791, True
btc_pax, None, 0.8, 3579.01, 23, 1, smm_btc, 155020774292, True
btc_pax, None, 0.8, 3579.01, 23, 1, smm_btc, 155020778195, False
btc_pax, None, 0.8, 3577.12, 21, 1, smm_btc, 155020779396, False
btc_pax, None, 0.8, 3577.12, 21, 1, smm_btc, 155020779396, True
btc_pax, None, 0.8, 3579.01, 23, 1, smm_btc, 155020778195, True
btc_pax, None, 0.8, 3576.69, 21, 1, smm_btc, 155020787499, False
btc_pax, None, 0.8, 3578.87, 23, 1, smm_btc, 155020787400, False
btc_pax, None, 0.8, 3576.69, 21, 1, smm_btc, 155020787499, True
btc_pax, None, 0.8, 3576.6, 21, 1, smm_btc, 155020795502, False
btc_pax, None, 0.8, 3578.87, 23, 1, smm_btc, 155020787400, True
btc_pax, None, 0.8, 3578.03, 23, 1, smm_btc, 155020795804, False
btc_pax, None, 0.8, 3576.6, 21, 1, smm_btc, 155020795502, True
btc_pax, None, 0.8, 3578.03, 23, 1, smm_btc, 155020795804, True
btc_pax, None, 0.8, 3576.6, 21, 1, smm_btc, 155020798107, False
btc_pax, None, 0.8, 3578.87, 23, 1, smm_btc, 155020799008, False
btc_pax, None, 0.8, 3578.87, 23, 1, smm_btc, 155020799008, True
btc_pax, None, 0.8, 3578.87, 23, 1, smm_btc, 155020799910, False
btc_pax, None, 0.8, 3578.87, 23, 1, smm_btc, 155020799910, True
btc_pax, None, 0.8, 3578.81, 23, 1, smm_btc, 155020801512, False
btc_pax, None, 0.8, 3578.81, 23, 1, smm_btc, 155020801512, True
btc_pax, None, 0.8, 3578.87, 23, 1, smm_btc, 155020803214, False
btc_pax, None, 0.8, 3576.6, 21, 1, smm_btc, 155020798107, True
btc_pax, None, 0.8, 3578.87, 23, 1, smm_btc, 155020803214, True
btc_pax, None, 0.8, 3576.6, 21, 1, smm_btc, 155020812017, False
btc_pax, None, 0.8, 3578.87, 23, 1, smm_btc, 155020812018, False
btc_pax, None, 0.8, 3576.6, 21, 1, smm_btc, 155020812017, True
btc_pax, None, 0.8, 3578.87, 23, 1, smm_btc, 155020812018, True
btc_pax, None, 0.8, 3576.6, 21, 1, smm_btc, 155020816721, False
btc_pax, None, 0.8, 3578.87, 23, 1, smm_btc, 155020816722, False
btc_pax, None, 0.8, 3578.87, 23, 1, smm_btc, 155020816722, True
btc_pax, None, 0.8, 3579.01, 23, 1, smm_btc, 155020817924, False
btc_pax, None, 0.8, 3579.01, 23, 1, smm_btc, 155020817924, True
btc_pax, None, 0.8, 3577.73, 23, 1, smm_btc, 155020818826, False
btc_pax, None, 0.8, 3577.73, 23, 1, smm_btc, 155020818826, True
btc_pax, None, 0.8, 3576.6, 21, 1, smm_btc, 155020816721, True
btc_pax, None, 0.8, 3584.12, 23, 1, smm_btc, 155020826429, False
btc_pax, None, 0.8, 3568.56, 21, 1, smm_btc, 155020826630, False
btc_pax, None, 0.8, 3584.12, 23, 1, smm_btc, 155020826429, True
btc_pax, None, 0.8, 3568.56, 21, 1, smm_btc, 155020826630, True
btc_pax, None, 0.8, 3578.87, 23, 1, smm_btc, 155020827033, False
btc_pax, None, 0.8, 3577.16, 21, 1, smm_btc, 155020827534, False
btc_pax, None, 0.8, 3577.16, 21, 1, smm_btc, 155020827534, True
btc_pax, None, 0.8, 3578.0, 21, 1, smm_btc, 155020828136, False
btc_pax, None, 0.8, 3578.87, 23, 1, smm_btc, 155020827033, True
btc_pax, None, 0.8, 3579.01, 23, 1, smm_btc, 155020828538, False
btc_pax, None, 0.8, 3578.0, 21, 1, smm_btc, 155020828136, True
btc_pax, None, 0.8, 3576.91, 21, 1, smm_btc, 155020831440, False
btc_pax, None, 0.8, 3579.01, 23, 1, smm_btc, 155020828538, True
btc_pax, None, 0.8, 3578.66, 23, 1, smm_btc, 155020834142, False
btc_pax, None, 0.8, 3576.91, 21, 1, smm_btc, 155020831440, True
btc_pax, None, 0.8, 3579.07, 21, 1, smm_btc, 155020835044, False
btc_pax, None, 0.8, 3586.77, 23, 1, smm_btc, 155020835045, False
btc_pax, None, 0.8, 3579.07, 21, 1, smm_btc, 155020835044, True
btc_pax, None, 0.8, 3586.77, 23, 1, smm_btc, 155020835045, True
btc_pax, None, 0.8, 3579.49, 21, 1, smm_btc, 155020835648, False
btc_pax, None, 0.8, 3589.38, 23, 1, smm_btc, 155020835649, False
btc_pax, None, 0.8, 3589.38, 23, 1, smm_btc, 155020835649, True
btc_pax, None, 0.8, 3589.47, 23, 1, smm_btc, 155020836251, False
btc_pax, None, 0.8, 3589.47, 23, 1, smm_btc, 155020836251, True
btc_pax, None, 0.8, 3589.38, 23, 1, smm_btc, 155020837153, False
btc_pax, None, 0.8, 3589.38, 23, 1, smm_btc, 155020837153, True
btc_pax, None, 0.8, 3589.35, 23, 1, smm_btc, 155020838155, False
btc_pax, None, 0.8, 3589.35, 23, 1, smm_btc, 155020838155, True
btc_pax, None, 0.8, 3587.57, 23, 1, smm_btc, 155020839157, False
btc_pax, None, 0.8, 3587.57, 23, 1, smm_btc, 155020839157, True
btc_pax, None, 0.8, 3589.35, 23, 1, smm_btc, 155020840659, False
btc_pax, None, 0.8, 3589.35, 23, 1, smm_btc, 155020840659, True
btc_pax, None, 0.8, 3587.57, 23, 1, smm_btc, 155020841361, False
btc_pax, None, 0.8, 3587.57, 23, 1, smm_btc, 155020841361, True
btc_pax, None, 0.8, 3587.57, 23, 1, smm_btc, 155020846863, False
btc_pax, None, 0.8, 3587.57, 23, 1, smm_btc, 155020846863, True
btc_pax, None, 0.8, 3589.96, 23, 1, smm_btc, 155020847665, False
btc_pax, None, 0.8, 3589.96, 23, 1, smm_btc, 155020847665, True
btc_pax, None, 0.8, 3587.57, 23, 1, smm_btc, 155020848367, False
btc_pax, None, 0.8, 3587.57, 23, 1, smm_btc, 155020848367, True
btc_pax, None, 0.8, 3587.57, 23, 1, smm_btc, 155020849569, False
btc_pax, None, 0.8, 3587.57, 23, 1, smm_btc, 155020849569, True
btc_pax, None, 0.8, 3587.57, 23, 1, smm_btc, 155020850471, False
btc_pax, None, 0.8, 3587.57, 23, 1, smm_btc, 155020850471, True
btc_pax, None, 0.8, 3590.0, 23, 1, smm_btc, 155020851373, False
btc_pax, None, 0.8, 3590.0, 23, 1, smm_btc, 155020851373, True
btc_pax, None, 0.8, 3590.0, 23, 1, smm_btc, 155020852875, False
btc_pax, None, 0.8, 3590.0, 23, 1, smm_btc, 155020852875, True
btc_pax, None, 0.8, 3589.96, 23, 1, smm_btc, 155020853977, False
btc_pax, None, 0.8, 3589.96, 23, 1, smm_btc, 155020853977, True
btc_pax, None, 0.8, 3589.75, 23, 1, smm_btc, 155020855779, False
btc_pax, None, 0.8, 3589.75, 23, 1, smm_btc, 155020855779, True
btc_pax, None, 0.8, 3587.57, 23, 1, smm_btc, 155020857881, False
btc_pax, None, 0.8, 3587.57, 23, 1, smm_btc, 155020857881, True
btc_pax, None, 0.8, 3586.77, 23, 1, smm_btc, 155020858883, False
btc_pax, None, 0.8, 3586.77, 23, 1, smm_btc, 155020858883, True
btc_pax, None, 0.8, 3586.77, 23, 1, smm_btc, 155020859485, False
btc_pax, None, 0.8, 3586.77, 23, 1, smm_btc, 155020859485, True
btc_pax, None, 0.8, 3586.59, 23, 1, smm_btc, 155020860087, False
btc_pax, None, 0.8, 3586.59, 23, 1, smm_btc, 155020860087, True
btc_pax, None, 0.8, 3577.68, 21, 1, smm_btc, 155020863089, False
btc_pax, None, 0.8, 3579.63, 23, 1, smm_btc, 155020863090, False
btc_pax, None, 0.8, 3577.68, 21, 1, smm_btc, 155020863089, True
btc_pax, None, 0.8, 3577.1, 21, 1, smm_btc, 155020864292, False
btc_pax, None, 0.8, 3579.63, 23, 1, smm_btc, 155020863090, True
btc_pax, None, 0.8, 3578.99, 23, 1, smm_btc, 155020864594, False
btc_pax, None, 0.8, 3577.1, 21, 1, smm_btc, 155020864292, True
btc_pax, None, 0.8, 3577.4, 21, 1, smm_btc, 155020865296, False
btc_pax, None, 0.8, 3578.99, 23, 1, smm_btc, 155020864594, True
btc_pax, None, 0.8, 3578.27, 23, 1, smm_btc, 155020867098, False
btc_pax, None, 0.8, 3578.27, 23, 1, smm_btc, 155020867098, True
btc_pax, None, 0.8, 3577.48, 23, 1, smm_btc, 155020869400, False
btc_pax, None, 0.8, 3577.48, 23, 1, smm_btc, 155020869400, True
btc_pax, None, 0.8, 3577.09, 23, 1, smm_btc, 155020870702, False
btc_pax, None, 0.8, 3567.37, 21, 1, smm_btc, 155020870703, False
btc_pax, None, 0.8, 3577.09, 23, 1, smm_btc, 155020870702, True
btc_pax, None, 0.8, 3577.07, 23, 1, smm_btc, 155020871705, False
btc_pax, None, 0.8, 3577.07, 23, 1, smm_btc, 155020871705, True
btc_pax, None, 0.8, 3567.37, 21, 1, smm_btc, 155020870703, True
btc_pax, None, 0.8, 3577.09, 23, 1, smm_btc, 155020872308, False
btc_pax, None, 0.8, 3567.37, 21, 1, smm_btc, 155020872309, False
btc_pax, None, 0.8, 3577.09, 23, 1, smm_btc, 155020872308, True
btc_pax, None, 0.8, 3567.37, 21, 1, smm_btc, 155020872309, True
btc_pax, None, 0.8, 3576.76, 23, 1, smm_btc, 155020873112, False
btc_pax, None, 0.8, 3567.37, 21, 1, smm_btc, 155020873113, False
btc_pax, None, 0.8, 3576.76, 23, 1, smm_btc, 155020873112, True
btc_pax, None, 0.8, 3576.74, 23, 1, smm_btc, 155020874915, False
btc_pax, None, 0.8, 3567.37, 21, 1, smm_btc, 155020873113, True
btc_pax, None, 0.8, 3576.74, 23, 1, smm_btc, 155020874915, True
btc_pax, None, 0.8, 3567.37, 21, 1, smm_btc, 155020875318, False
btc_pax, None, 0.8, 3576.63, 23, 1, smm_btc, 155020875619, False
btc_pax, None, 0.8, 3576.63, 23, 1, smm_btc, 155020875619, True
btc_pax, None, 0.8, 3576.61, 23, 1, smm_btc, 155020876321, False
btc_pax, None, 0.8, 3576.61, 23, 1, smm_btc, 155020876321, True
btc_pax, None, 0.8, 3575.97, 23, 1, smm_btc, 155020877223, False
btc_pax, None, 0.8, 3575.97, 23, 1, smm_btc, 155020877223, False
btc_pax, None, 0.8, 3567.37, 21, 1, smm_btc, 155020875318, True
btc_pax, None, 0.8, 3575.7, 21, 1, smm_btc, 155020879526, False
btc_pax, None, 0.8, 3576.01, 23, 1, smm_btc, 155020879527, False
btc_pax, None, 0.8, 3575.7, 21, 1, smm_btc, 155020879526, True
btc_pax, None, 0.8, 3575.34, 21, 1, smm_btc, 155020881129, False
btc_pax, None, 0.8, 3576.01, 23, 1, smm_btc, 155020879527, True
btc_pax, None, 0.8, 3575.34, 21, 1, smm_btc, 155020881129, True
btc_pax, None, 0.8, 3577.12, 23, 1, smm_btc, 155020881432, False
btc_pax, None, 0.8, 3574.86, 21, 1, smm_btc, 155020881733, False
btc_pax, None, 0.8, 3574.86, 21, 1, smm_btc, 155020881733, True
btc_pax, None, 0.8, 3577.12, 23, 1, smm_btc, 155020881432, True
btc_pax, None, 0.8, 3574.48, 21, 1, smm_btc, 155020882836, False
btc_pax, None, 0.8, 3576.37, 23, 1, smm_btc, 155020883137, False
btc_pax, None, 0.8, 3574.48, 21, 1, smm_btc, 155020882836, True
btc_pax, None, 0.8, 3574.42, 21, 1, smm_btc, 155020884539, False
btc_pax, None, 0.8, 3576.37, 23, 1, smm_btc, 155020883137, True
btc_pax, None, 0.8, 3575.62, 23, 1, smm_btc, 155020884941, False
btc_pax, None, 0.8, 3574.42, 21, 1, smm_btc, 155020884539, True
btc_pax, None, 0.8, 3575.62, 23, 1, smm_btc, 155020884941, True
btc_pax, None, 0.8, 3574.43, 21, 1, smm_btc, 155020889344, False
btc_pax, None, 0.8, 3577.12, 23, 1, smm_btc, 155020889345, False
btc_pax, None, 0.8, 3577.12, 23, 1, smm_btc, 155020889345, True
btc_pax, None, 0.8, 3576.18, 23, 1, smm_btc, 155020890747, False
btc_pax, None, 0.8, 3574.43, 21, 1, smm_btc, 155020889344, True
btc_pax, None, 0.8, 3574.8, 21, 1, smm_btc, 155020891649, False
btc_pax, None, 0.8, 3574.8, 21, 1, smm_btc, 155020891649, True
btc_pax, None, 0.668045, 3574.42, 21, 1, smm_btc, 155020893851, False
btc_pax, None, 0.8, 3576.18, 23, 1, smm_btc, 155020890747, True
btc_pax, None, 0.8, 3575.25, 23, 1, smm_btc, 155020894753, False
btc_pax, None, 0.668045, 3574.42, 21, 1, smm_btc, 155020893851, True
btc_pax, None, 0.668045, 3573.92, 21, 1, smm_btc, 155020899455, False
btc_pax, None, 0.668045, 3573.92, 21, 1, smm_btc, 155020899455, True
btc_pax, None, 0.668045, 3573.67, 21, 1, smm_btc, 155020900657, False
btc_pax, None, 0.668045, 3573.67, 21, 1, smm_btc, 155020900657, True
btc_pax, None, 0.668045, 3573.92, 21, 1, smm_btc, 155020901559, False
btc_pax, None, 0.8, 3575.25, 23, 1, smm_btc, 155020894753, True
btc_pax, None, 0.8, 3576.76, 23, 1, smm_btc, 155020902161, False
btc_pax, None, 0.668045, 3573.92, 21, 1, smm_btc, 155020901559, True
btc_pax, None, 0.668045, 3573.96, 21, 1, smm_btc, 155020902763, False
btc_pax, None, 0.8, 3576.76, 23, 1, smm_btc, 155020902161, True
btc_pax, None, 0.8, 3575.97, 23, 1, smm_btc, 155020903365, False
btc_pax, None, 0.668045, 3573.96, 21, 1, smm_btc, 155020902763, True
btc_pax, None, 0.668045, 3573.92, 21, 1, smm_btc, 155020904267, False
btc_pax, None, 0.8, 3575.97, 23, 1, smm_btc, 155020903365, True
btc_pax, None, 0.668045, 3573.92, 21, 1, smm_btc, 155020904267, True
btc_pax, None, 0.8, 3576.98, 23, 1, smm_btc, 155020904670, False
btc_pax, None, 0.668045, 3574.66, 21, 1, smm_btc, 155020904971, False
btc_pax, None, 0.8, 3576.98, 23, 1, smm_btc, 155020904670, True
btc_pax, None, 0.668045, 3574.66, 21, 1, smm_btc, 155020904971, True
btc_pax, None, 0.8, 3577.26, 23, 1, smm_btc, 155020905574, False
btc_pax, None, 0.668045, 3575.66, 21, 1, smm_btc, 155020905875, False
btc_pax, None, 0.668045, 3575.66, 21, 1, smm_btc, 155020905875, True
btc_pax, None, 0.550785, 3562.36, 21, 1, smm_btc, 155020906777, False
btc_pax, None, 0.8, 3577.26, 23, 1, smm_btc, 155020905574, True
btc_pax, None, 0.8, 3583.79, 23, 1, smm_btc, 155020907179, False
btc_pax, None, 0.550785, 3562.36, 21, 1, smm_btc, 155020906777, True
btc_pax, None, 0.8, 3583.79, 23, 1, smm_btc, 155020907179, True
btc_pax, None, 0.550785, 3573.67, 21, 1, smm_btc, 155020907982, False
btc_pax, None, 0.8, 3576.38, 23, 1, smm_btc, 155020907983, False
btc_pax, None, 0.550785, 3573.67, 21, 1, smm_btc, 155020907982, True
btc_pax, None, 0.550785, 3574.36, 21, 1, smm_btc, 155020908585, False
btc_pax, None, 0.8, 3576.38, 23, 1, smm_btc, 155020907983, True
btc_pax, None, 0.8, 3575.65, 23, 1, smm_btc, 155020908887, False
btc_pax, None, 0.550785, 3574.36, 21, 1, smm_btc, 155020908585, True
btc_pax, None, 0.8, 3575.65, 23, 1, smm_btc, 155020908887, True
btc_pax, None, 0.550785, 3563.94, 21, 1, smm_btc, 155020909890, False
btc_pax, None, 0.8, 3583.79, 23, 1, smm_btc, 155020909891, False
btc_pax, None, 0.550785, 3563.94, 21, 1, smm_btc, 155020909890, True
btc_pax, None, 0.8, 3583.79, 23, 1, smm_btc, 155020909891, True
btc_pax, None, 0.550785, 3574.74, 21, 1, smm_btc, 155020910494, False
btc_pax, None, 0.8, 3577.3, 23, 1, smm_btc, 155020910495, False
btc_pax, None, 0.8, 3577.3, 23, 1, smm_btc, 155020910495, True
btc_pax, None, 0.8, 3578.6, 23, 1, smm_btc, 155020915297, False
btc_pax, None, 0.550785, 3574.74, 21, 1, smm_btc, 155020910494, True
btc_pax, None, 0.550785, 3575.67, 21, 1, smm_btc, 155020916199, False
btc_pax, None, 0.8, 3578.6, 23, 1, smm_btc, 155020915297, True
btc_pax, None, 0.8, 3578.6, 23, 1, smm_btc, 155020916701, False
btc_pax, None, 0.8, 3578.6, 23, 1, smm_btc, 155020916701, True
btc_pax, None, 0.8, 3578.6, 23, 1, smm_btc, 155020917903, False
btc_pax, None, 0.550785, 3575.67, 21, 1, smm_btc, 155020916199, True
btc_pax, None, 0.550785, 3575.35, 21, 1, smm_btc, 155020919505, False
btc_pax, None, 0.8, 3578.6, 23, 1, smm_btc, 155020917903, True
btc_pax, None, 0.8, 3577.78, 23, 1, smm_btc, 155020919807, False
btc_pax, None, 0.8, 3577.78, 23, 1, smm_btc, 155020919807, True
btc_pax, None, 0.8, 3577.77, 23, 1, smm_btc, 155020920709, False
btc_pax, None, 0.8, 3577.77, 23, 1, smm_btc, 155020920709, True
btc_pax, None, 0.8, 3578.6, 23, 1, smm_btc, 155020922811, False
btc_pax, None, 0.8, 3578.6, 23, 1, smm_btc, 155020922811, True
btc_pax, None, 0.8, 3577.93, 23, 1, smm_btc, 155020924613, False
btc_pax, None, 0.8, 3577.93, 23, 1, smm_btc, 155020924613, True
btc_pax, None, 0.8, 3579.21, 23, 1, smm_btc, 155020925415, False
btc_pax, None, 0.8, 3579.21, 23, 1, smm_btc, 155020925415, True
btc_pax, None, 0.8, 3577.93, 23, 1, smm_btc, 155020926017, False
btc_pax, None, 0.8, 3577.93, 23, 1, smm_btc, 155020926017, True
btc_pax, None, 0.8, 3577.87, 23, 1, smm_btc, 155020927619, False
btc_pax, None, 0.8, 3577.87, 23, 1, smm_btc, 155020927619, True
btc_pax, None, 0.8, 3578.46, 23, 1, smm_btc, 155020928321, False
btc_pax, None, 0.550785, 3575.35, 21, 1, smm_btc, 155020919505, True
btc_pax, None, 0.8, 3578.46, 23, 1, smm_btc, 155020928321, True
btc_pax, None, 0.550785, 3576.11, 21, 1, smm_btc, 155020930224, False
btc_pax, None, 0.8, 3578.39, 23, 1, smm_btc, 155020930225, False
btc_pax, None, 0.8, 3578.39, 23, 1, smm_btc, 155020930225, True
btc_pax, None, 0.8, 3577.67, 23, 1, smm_btc, 155020931827, False
btc_pax, None, 0.550785, 3576.11, 21, 1, smm_btc, 155020930224, True
btc_pax, None, 0.8, 3577.67, 23, 1, smm_btc, 155020931827, True
btc_pax, None, 0.550785, 3577.65, 21, 1, smm_btc, 155020939630, False
btc_pax, None, 0.8, 3578.46, 23, 1, smm_btc, 155020939631, False
btc_pax, None, 0.550785, 3577.65, 21, 1, smm_btc, 155020939630, True
btc_pax, None, 0.550785, 3577.67, 21, 1, smm_btc, 155020942233, False
btc_pax, None, 0.550785, 3577.67, 21, 1, smm_btc, 155020942233, True
btc_pax, None, 0.550785, 3577.65, 21, 1, smm_btc, 155020942935, False
btc_pax, None, 0.550785, 3577.65, 21, 1, smm_btc, 155020942935, True
btc_pax, None, 0.550785, 3577.23, 21, 1, smm_btc, 155020943537, False
btc_pax, None, 0.550785, 3577.23, 21, 1, smm_btc, 155020943537, True
btc_pax, None, 0.550785, 3568.61, 21, 1, smm_btc, 155020945639, False
btc_pax, None, 0.8, 3578.46, 23, 1, smm_btc, 155020939631, True
btc_pax, None, 0.550785, 3568.61, 21, 1, smm_btc, 155020945639, True
btc_pax, None, 0.8, 3578.46, 23, 1, smm_btc, 155020945942, False
btc_pax, None, 0.550785, 3575.98, 21, 1, smm_btc, 155020946243, False
btc_pax, None, 0.8, 3578.46, 23, 1, smm_btc, 155020945942, True
btc_pax, None, 0.8, 3578.08, 23, 1, smm_btc, 155020949245, False
btc_pax, None, 0.8, 3578.08, 23, 1, smm_btc, 155020949245, True
btc_pax, None, 0.8, 3578.46, 23, 1, smm_btc, 155020951847, False
btc_pax, None, 0.550785, 3575.98, 21, 1, smm_btc, 155020946243, True
btc_pax, None, 0.8, 3578.46, 23, 1, smm_btc, 155020951847, True
btc_pax, None, 0.550785, 3568.61, 21, 1, smm_btc, 155020953350, False
btc_pax, None, 0.8, 3585.87, 23, 1, smm_btc, 155020953351, False
btc_pax, None, 0.550785, 3568.61, 21, 1, smm_btc, 155020953350, True
btc_pax, None, 0.8, 3585.87, 23, 1, smm_btc, 155020953351, True
btc_pax, None, 0.550785, 3576.84, 21, 1, smm_btc, 155020953954, False
btc_pax, None, 0.8, 3578.46, 23, 1, smm_btc, 155020953955, False
btc_pax, None, 0.8, 3578.46, 23, 1, smm_btc, 155020953955, True
btc_pax, None, 0.8, 3580.28, 23, 1, smm_btc, 155020958957, False
btc_pax, None, 0.8, 3580.28, 23, 1, smm_btc, 155020958957, True
btc_pax, None, 0.8, 3578.46, 23, 1, smm_btc, 155020960659, False
btc_pax, None, 0.550785, 3576.84, 21, 1, smm_btc, 155020953954, True
btc_pax, None, 0.550785, 3576.85, 21, 1, smm_btc, 155020964561, False
btc_pax, None, 0.550785, 3576.85, 21, 1, smm_btc, 155020964561, True
btc_pax, None, 0.550785, 3576.88, 21, 1, smm_btc, 155020966663, False
btc_pax, None, 0.550785, 3576.88, 21, 1, smm_btc, 155020966663, True
btc_pax, None, 0.550785, 3577.0, 21, 1, smm_btc, 155020968065, False
btc_pax, None, 0.550785, 3577.0, 21, 1, smm_btc, 155020968065, False
btc_pax, None, 0.8, 3578.46, 23, 1, smm_btc, 155020960659, False
btc_pax, None, 0.550785, 3577.0, 21, 1, smm_btc, 155020968065, False
btc_pax, None, 0.8, 3578.46, 23, 1, smm_btc, 155020960659, False
btc_pax, None, 0.550785, 3577.0, 21, 1, smm_btc, 155020968065, False
btc_pax, None, 0.8, 3578.46, 23, 1, smm_btc, 155020960659, False
btc_pax, None, 0.550785, 3577.0, 21, 1, smm_btc, 155020968065, False
btc_pax, None, 0.8, 3578.46, 23, 1, smm_btc, 155020960659, False
btc_pax, None, 0.8, 3578.46, 23, 1, smm_btc, 155020960659, False
btc_pax, None, 0.8, 3578.46, 23, 1, smm_btc, 155020960659, False
btc_pax, None, 0.8, 3578.46, 23, 1, smm_btc, 155020960659, False
btc_pax, None, 0.8, 3578.46, 23, 1, smm_btc, 155020960659, False
btc_pax, None, 0.8, 3578.46, 23, 1, smm_btc, 155020980578, False
btc_pax, None, 0.550785, 3577.0, 21, 1, smm_btc, 155020968065, False
btc_pax, None, 0.550785, 3577.0, 21, 1, smm_btc, 155020968065, False
btc_pax, None, 0.8, 3590.0, 23, 1, smm_btc, 155020992181, False
btc_pax, None, 0.550785, 3577.0, 21, 1, smm_btc, 155020968065, False
btc_pax, None, 0.8, 3590.0, 23, 1, smm_btc, 155020992181, True
btc_pax, None, 0.550785, 3577.0, 21, 1, smm_btc, 155020968065, False
btc_pax, None, 0.8, 3590.66, 23, 1, smm_btc, 155020992785, False
btc_pax, None, 0.550785, 3577.0, 21, 1, smm_btc, 155020968065, False
btc_pax, None, 0.8, 3590.66, 23, 1, smm_btc, 155020992785, True
btc_pax, None, 0.550785, 3580.08, 21, 1, smm_btc, 155020993388, False
btc_pax, None, 0.8, 3590.19, 23, 1, smm_btc, 155020993389, False
btc_pax, None, 0.8, 3590.19, 23, 1, smm_btc, 155020993389, True
btc_pax, None, 0.8, 3581.56, 23, 1, smm_btc, 155020994291, False
btc_pax, None, 0.8, 3578.76, 21, 1, smm_btc, 155020994592, False
btc_pax, None, 0.8, 3578.76, 21, 1, smm_btc, 155020994592, True
btc_pax, None, 0.8, 3578.28, 21, 1, smm_btc, 155020995194, False
btc_pax, None, 0.8, 3581.56, 23, 1, smm_btc, 155020994291, True
btc_pax, None, 0.8, 3580.62, 23, 1, smm_btc, 155020995496, False
btc_pax, None, 0.8, 3578.28, 21, 1, smm_btc, 155020995194, True
btc_pax, None, 0.8, 3577.91, 21, 1, smm_btc, 155020997698, False
btc_pax, None, 0.8, 3580.62, 23, 1, smm_btc, 155020995496, True
btc_pax, None, 0.8, 3581.56, 23, 1, smm_btc, 155020998400, False
btc_pax, None, 0.8, 3577.91, 21, 1, smm_btc, 155020997698, True
btc_pax, None, 0.8, 3578.68, 21, 1, smm_btc, 155021000402, False
btc_pax, None, 0.8, 3578.68, 21, 1, smm_btc, 155021000402, True
btc_pax, None, 0.8, 3578.32, 21, 1, smm_btc, 155021001004, False
btc_pax, None, 0.8, 3578.32, 21, 1, smm_btc, 155021001004, True
btc_pax, None, 0.8, 3581.56, 23, 1, smm_btc, 155020998400, True
btc_pax, None, 0.8, 3569.29, 21, 1, smm_btc, 155021002307, False
btc_pax, None, 0.8, 3590.0, 23, 1, smm_btc, 155021002408, False
btc_pax, None, 0.8, 3569.29, 21, 1, smm_btc, 155021002307, True
btc_pax, None, 0.8, 3590.0, 23, 1, smm_btc, 155021002408, True
btc_pax, None, 0.8, 3578.32, 21, 1, smm_btc, 155021002911, False
btc_pax, None, 0.8, 3581.56, 23, 1, smm_btc, 155021003012, False
btc_pax, None, 0.8, 3578.32, 21, 1, smm_btc, 155021002911, True
btc_pax, None, 0.8, 3568.73, 21, 1, smm_btc, 155021010314, False
btc_pax, None, 0.8, 3581.56, 23, 1, smm_btc, 155021003012, True
btc_pax, None, 0.8, 3568.73, 21, 1, smm_btc, 155021010314, True
btc_pax, None, 0.8, 3588.66, 23, 1, smm_btc, 155021010617, False
btc_pax, None, 0.8, 3577.53, 21, 1, smm_btc, 155021010918, False
btc_pax, None, 0.8, 3588.66, 23, 1, smm_btc, 155021010617, True
btc_pax, None, 0.8, 3577.53, 21, 1, smm_btc, 155021010918, True
btc_pax, None, 0.8, 3577.47, 21, 1, smm_btc, 155021012321, False
btc_pax, None, 0.8, 3580.14, 23, 1, smm_btc, 155021012322, False
btc_pax, None, 0.8, 3577.47, 21, 1, smm_btc, 155021012321, True
btc_pax, None, 0.8, 3580.14, 23, 1, smm_btc, 155021012322, True
btc_pax, None, 0.8, 3577.1, 21, 1, smm_btc, 155021016825, False
btc_pax, None, 0.8, 3578.33, 23, 1, smm_btc, 155021017726, False
btc_pax, None, 0.8, 3578.33, 23, 1, smm_btc, 155021017726, True
btc_pax, None, 0.8, 3578.03, 23, 1, smm_btc, 155021018828, False
btc_pax, None, 0.8, 3566.87, 21, 1, smm_btc, 155021018929, False
btc_pax, None, 0.8, 3578.03, 23, 1, smm_btc, 155021018828, True
btc_pax, None, 0.8, 3577.83, 23, 1, smm_btc, 155021019431, False
btc_pax, None, 0.8, 3577.83, 23, 1, smm_btc, 155021019431, True
btc_pax, None, 0.8, 3577.75, 23, 1, smm_btc, 155021020633, False
btc_pax, None, 0.8, 3566.87, 21, 1, smm_btc, 155021018929, True
btc_pax, None, 0.8, 3577.75, 23, 1, smm_btc, 155021020633, True
btc_pax, None, 0.8, 3566.92, 21, 1, smm_btc, 155021020936, False
btc_pax, None, 0.8, 3577.56, 23, 1, smm_btc, 155021021237, False
btc_pax, None, 0.8, 3566.92, 21, 1, smm_btc, 155021020936, True
btc_pax, None, 0.8, 3577.56, 23, 1, smm_btc, 155021021237, True
btc_pax, None, 0.8, 3564.68, 21, 1, smm_btc, 155021021840, False
btc_pax, None, 0.8, 3576.82, 23, 1, smm_btc, 155021022141, False
btc_pax, None, 0.8, 3564.68, 21, 1, smm_btc, 155021021840, True
btc_pax, None, 0.8, 3576.82, 23, 1, smm_btc, 155021022141, True
btc_pax, None, 0.8, 3565.74, 21, 1, smm_btc, 155021022544, False
btc_pax, None, 0.8, 3576.85, 23, 1, smm_btc, 155021022845, False
btc_pax, None, 0.8, 3565.74, 21, 1, smm_btc, 155021022544, True
btc_pax, None, 0.8, 3576.85, 23, 1, smm_btc, 155021022845, True
btc_pax, None, 0.8, 3566.28, 21, 1, smm_btc, 155021023148, False
btc_pax, None, 0.8, 3576.83, 23, 1, smm_btc, 155021023549, False
btc_pax, None, 0.8, 3576.83, 23, 1, smm_btc, 155021023549, True
btc_pax, None, 0.8, 3576.81, 23, 1, smm_btc, 155021024551, False
btc_pax, None, 0.8, 3566.28, 21, 1, smm_btc, 155021023148, True
btc_pax, None, 0.8, 3576.81, 23, 1, smm_btc, 155021024551, True
btc_pax, None, 0.8, 3565.78, 21, 1, smm_btc, 155021024854, False
btc_pax, None, 0.8, 3576.79, 23, 1, smm_btc, 155021025155, False
btc_pax, None, 0.8, 3565.78, 21, 1, smm_btc, 155021024854, True
btc_pax, None, 0.8, 3576.79, 23, 1, smm_btc, 155021025155, True
btc_pax, None, 0.8, 3566.28, 21, 1, smm_btc, 155021025658, False
btc_pax, None, 0.8, 3576.77, 23, 1, smm_btc, 155021025959, False
btc_pax, None, 0.8, 3576.77, 23, 1, smm_btc, 155021025959, True
btc_pax, None, 0.8, 3576.61, 23, 1, smm_btc, 155021026661, False
btc_pax, None, 0.8, 3566.28, 21, 1, smm_btc, 155021025658, True
btc_pax, None, 0.8, 3576.61, 23, 1, smm_btc, 155021026661, True
btc_pax, None, 0.8, 3565.36, 21, 1, smm_btc, 155021026964, False
btc_pax, None, 0.8, 3576.57, 23, 1, smm_btc, 155021027265, False
btc_pax, None, 0.8, 3576.57, 23, 1, smm_btc, 155021027265, True
btc_pax, None, 0.8, 3565.36, 21, 1, smm_btc, 155021026964, True
btc_pax, None, 0.8, 3576.53, 23, 1, smm_btc, 155021027868, False
btc_pax, None, 0.8, 3566.28, 21, 1, smm_btc, 155021027869, False
btc_pax, None, 0.8, 3576.53, 23, 1, smm_btc, 155021027868, True
btc_pax, None, 0.8, 3566.28, 21, 1, smm_btc, 155021027869, True
btc_pax, None, 0.8, 3576.34, 23, 1, smm_btc, 155021028472, False
btc_pax, None, 0.8, 3564.68, 21, 1, smm_btc, 155021028473, False
btc_pax, None, 0.8, 3576.34, 23, 1, smm_btc, 155021028472, True
btc_pax, None, 0.8, 3564.68, 21, 1, smm_btc, 155021028473, True
btc_pax, None, 0.8, 3576.11, 23, 1, smm_btc, 155021029076, False
btc_pax, None, 0.8, 3564.46, 21, 1, smm_btc, 155021029077, False
btc_pax, None, 0.8, 3576.11, 23, 1, smm_btc, 155021029076, True
btc_pax, None, 0.8, 3564.46, 21, 1, smm_btc, 155021029077, True
btc_pax, None, 0.8, 3575.99, 23, 1, smm_btc, 155021029880, False
btc_pax, None, 0.8, 3563.46, 21, 1, smm_btc, 155021029881, False
btc_pax, None, 0.8, 3575.99, 23, 1, smm_btc, 155021029880, True
btc_pax, None, 0.8, 3563.46, 21, 1, smm_btc, 155021029881, True
btc_pax, None, 0.8, 3575.77, 23, 1, smm_btc, 155021030484, False
btc_pax, None, 0.8, 3562.53, 21, 1, smm_btc, 155021030485, False
btc_pax, None, 0.8, 3575.77, 23, 1, smm_btc, 155021030484, True
btc_pax, None, 0.8, 3562.53, 21, 1, smm_btc, 155021030485, True
btc_pax, None, 0.8, 3575.58, 23, 1, smm_btc, 155021031188, False
btc_pax, None, 0.8, 3561.99, 21, 1, smm_btc, 155021031189, False
btc_pax, None, 0.8, 3575.58, 23, 1, smm_btc, 155021031188, True
btc_pax, None, 0.8, 3561.99, 21, 1, smm_btc, 155021031189, True
btc_pax, None, 0.8, 3575.26, 23, 1, smm_btc, 155021031792, False
btc_pax, None, 0.8, 3562.5, 21, 1, smm_btc, 155021031793, False
btc_pax, None, 0.8, 3575.26, 23, 1, smm_btc, 155021031792, True
btc_pax, None, 0.8, 3575.1, 23, 1, smm_btc, 155021032495, False
btc_pax, None, 0.8, 3575.1, 23, 1, smm_btc, 155021032495, True
btc_pax, None, 0.8, 3562.5, 21, 1, smm_btc, 155021031793, True
btc_pax, None, 0.8, 3575.03, 23, 1, smm_btc, 155021034798, False
btc_pax, None, 0.8, 3563.46, 21, 1, smm_btc, 155021034799, False
btc_pax, None, 0.8, 3575.03, 23, 1, smm_btc, 155021034798, True
btc_pax, None, 0.8, 3574.86, 23, 1, smm_btc, 155021035301, False
btc_pax, None, 0.8, 3574.86, 23, 1, smm_btc, 155021035301, True
btc_pax, None, 0.8, 3574.83, 23, 1, smm_btc, 155021037003, False
btc_pax, None, 0.8, 3574.83, 23, 1, smm_btc, 155021037003, True
btc_pax, None, 0.8, 3574.77, 23, 1, smm_btc, 155021037705, False
btc_pax, None, 0.8, 3574.77, 23, 1, smm_btc, 155021037705, True
btc_pax, None, 0.8, 3563.46, 21, 1, smm_btc, 155021034799, True
btc_pax, None, 0.8, 3574.61, 23, 1, smm_btc, 155021038608, False
btc_pax, None, 0.8, 3562.53, 21, 1, smm_btc, 155021038609, False
btc_pax, None, 0.8, 3574.61, 23, 1, smm_btc, 155021038608, True
btc_pax, None, 0.8, 3574.53, 23, 1, smm_btc, 155021039311, False
btc_pax, None, 0.8, 3574.53, 23, 1, smm_btc, 155021039311, True
btc_pax, None, 0.8, 3574.33, 23, 1, smm_btc, 155021039913, False
btc_pax, None, 0.8, 3574.33, 23, 1, smm_btc, 155021039913, True
btc_pax, None, 0.8, 3574.29, 23, 1, smm_btc, 155021040815, False
btc_pax, None, 0.8, 3574.29, 23, 1, smm_btc, 155021040815, True
btc_pax, None, 0.8, 3562.53, 21, 1, smm_btc, 155021038609, True
btc_pax, None, 0.8, 3574.27, 23, 1, smm_btc, 155021042118, False
btc_pax, None, 0.8, 3562.53, 21, 1, smm_btc, 155021042119, False
btc_pax, None, 0.8, 3574.27, 23, 1, smm_btc, 155021042118, True
btc_pax, None, 0.8, 3575.26, 23, 1, smm_btc, 155021042821, False
btc_pax, None, 0.8, 3575.26, 23, 1, smm_btc, 155021042821, True
btc_pax, None, 0.8, 3575.02, 23, 1, smm_btc, 155021043423, False
btc_pax, None, 0.8, 3562.53, 21, 1, smm_btc, 155021042119, True
btc_pax, None, 0.8, 3575.02, 23, 1, smm_btc, 155021043423, True
btc_pax, None, 0.8, 3561.99, 21, 1, smm_btc, 155021043726, False
btc_pax, None, 0.8, 3574.79, 23, 1, smm_btc, 155021044027, False
btc_pax, None, 0.8, 3574.79, 23, 1, smm_btc, 155021044027, True
btc_pax, None, 0.8, 3561.99, 21, 1, smm_btc, 155021043726, True
btc_pax, None, 0.8, 3574.75, 23, 1, smm_btc, 155021044730, False
btc_pax, None, 0.8, 3562.53, 21, 1, smm_btc, 155021044731, False
btc_pax, None, 0.8, 3574.75, 23, 1, smm_btc, 155021044730, True
btc_pax, None, 0.8, 3574.67, 23, 1, smm_btc, 155021045333, False
btc_pax, None, 0.8, 3574.67, 23, 1, smm_btc, 155021045333, True
btc_pax, None, 0.8, 3574.6, 23, 1, smm_btc, 155021046135, False
btc_pax, None, 0.8, 3574.6, 23, 1, smm_btc, 155021046135, True
btc_pax, None, 0.8, 3574.58, 23, 1, smm_btc, 155021046837, False
btc_pax, None, 0.8, 3574.58, 23, 1, smm_btc, 155021046837, True
btc_pax, None, 0.8, 3562.53, 21, 1, smm_btc, 155021044731, True
btc_pax, None, 0.8, 3574.55, 23, 1, smm_btc, 155021048440, False
btc_pax, None, 0.8, 3561.99, 21, 1, smm_btc, 155021048441, False
btc_pax, None, 0.8, 3561.99, 21, 1, smm_btc, 155021048441, True
btc_pax, None, 0.8, 3574.55, 23, 1, smm_btc, 155021048440, True
btc_pax, None, 0.8, 3561.99, 21, 1, smm_btc, 155021049044, False
btc_pax, None, 0.8, 3575.08, 23, 1, smm_btc, 155021049345, False
btc_pax, None, 0.8, 3575.08, 23, 1, smm_btc, 155021049345, True
btc_pax, None, 0.8, 3561.99, 21, 1, smm_btc, 155021049044, True
btc_pax, None, 0.8, 3575.06, 23, 1, smm_btc, 155021049948, False
btc_pax, None, 0.8, 3561.54, 21, 1, smm_btc, 155021049949, False
btc_pax, None, 0.8, 3575.06, 23, 1, smm_btc, 155021049948, True
btc_pax, None, 0.8, 3574.59, 23, 1, smm_btc, 155021050551, False
btc_pax, None, 0.8, 3561.54, 21, 1, smm_btc, 155021049949, True
btc_pax, None, 0.8, 3574.59, 23, 1, smm_btc, 155021050551, True
btc_pax, None, 0.8, 3560.74, 21, 1, smm_btc, 155021050854, False
btc_pax, None, 0.8, 3574.06, 23, 1, smm_btc, 155021051255, False
btc_pax, None, 0.8, 3574.06, 23, 1, smm_btc, 155021051255, True
btc_pax, None, 0.8, 3560.74, 21, 1, smm_btc, 155021050854, True
btc_pax, None, 0.8, 3573.58, 23, 1, smm_btc, 155021051858, False
btc_pax, None, 0.8, 3560.74, 21, 1, smm_btc, 155021051859, False
btc_pax, None, 0.8, 3573.58, 23, 1, smm_btc, 155021051858, True
btc_pax, None, 0.8, 3560.74, 21, 1, smm_btc, 155021051859, True
btc_pax, None, 0.8, 3573.8, 23, 1, smm_btc, 155021052462, False
btc_pax, None, 0.8, 3560.74, 21, 1, smm_btc, 155021052463, False
btc_pax, None, 0.8, 3573.8, 23, 1, smm_btc, 155021052462, True
btc_pax, None, 0.8, 3560.74, 21, 1, smm_btc, 155021052463, True
btc_pax, None, 0.8, 3573.79, 23, 1, smm_btc, 155021053166, False
btc_pax, None, 0.8, 3561.54, 21, 1, smm_btc, 155021053167, False
btc_pax, None, 0.8, 3573.79, 23, 1, smm_btc, 155021053166, True
btc_pax, None, 0.8, 3573.8, 23, 1, smm_btc, 155021053869, False
btc_pax, None, 0.8, 3561.54, 21, 1, smm_btc, 155021053167, True
btc_pax, None, 0.8, 3561.99, 21, 1, smm_btc, 155021054271, False
btc_pax, None, 0.8, 3561.99, 21, 1, smm_btc, 155021054271, True
btc_pax, None, 0.8, 3561.93, 21, 1, smm_btc, 155021055273, False
btc_pax, None, 0.8, 3561.93, 21, 1, smm_btc, 155021055273, True
btc_pax, None, 0.8, 3573.56, 21, 1, smm_btc, 155021055875, False
btc_pax, None, 0.8, 3577.12, 23, 1, smm_btc, 155021055876, False
btc_pax, None, 0.8, 3573.56, 21, 1, smm_btc, 155021055875, True
btc_pax, None, 0.8, 3573.44, 21, 1, smm_btc, 155021056778, False
btc_pax, None, 0.8, 3573.44, 21, 1, smm_btc, 155021056778, True
btc_pax, None, 0.8, 3561.99, 21, 1, smm_btc, 155021057980, False
btc_pax, None, 0.8, 3577.12, 23, 1, smm_btc, 155021055876, True
btc_pax, None, 0.8, 3561.99, 21, 1, smm_btc, 155021057980, True
btc_pax, None, 0.8, 3577.12, 23, 1, smm_btc, 155021058383, False
btc_pax, None, 0.8, 3573.07, 21, 1, smm_btc, 155021058684, False
btc_pax, None, 0.8, 3573.07, 21, 1, smm_btc, 155021058684, True
btc_pax, None, 0.8, 3573.84, 21, 1, smm_btc, 155021064186, False
btc_pax, None, 0.8, 3573.84, 21, 1, smm_btc, 155021064186, True
btc_pax, None, 0.8, 3575.62, 21, 1, smm_btc, 155021067588, False
btc_pax, None, 0.8, 3575.62, 21, 1, smm_btc, 155021067588, True
btc_pax, None, 0.8, 3575.16, 21, 1, smm_btc, 155021068590, False
btc_pax, None, 0.8, 3575.16, 21, 1, smm_btc, 155021068590, True
btc_pax, None, 0.75861, 3574.78, 21, 1, smm_btc, 155021069492, False
btc_pax, None, 0.75861, 3574.78, 21, 1, smm_btc, 155021069492, True
btc_pax, None, 0.75861, 3574.79, 21, 1, smm_btc, 155021076094, False
btc_pax, None, 0.75861, 3574.79, 21, 1, smm_btc, 155021076094, True
btc_pax, None, 0.75861, 3574.82, 21, 1, smm_btc, 155021079596, False
btc_pax, None, 0.75861, 3574.82, 21, 1, smm_btc, 155021079596, True
btc_pax, None, 0.75861, 3575.14, 21, 1, smm_btc, 155021080498, False
btc_pax, None, 0.75861, 3575.14, 21, 1, smm_btc, 155021080498, True
btc_pax, None, 0.75861, 3572.83, 21, 1, smm_btc, 155021082700, False
btc_pax, None, 0.75861, 3572.83, 21, 1, smm_btc, 155021082700, True
btc_pax, None, 0.75861, 3564.14, 21, 1, smm_btc, 155021083302, False
btc_pax, None, 0.8, 3577.12, 23, 1, smm_btc, 155021058383, True
btc_pax, None, 0.75861, 3564.14, 21, 1, smm_btc, 155021083302, True
btc_pax, None, 0.8, 3577.12, 23, 1, smm_btc, 155021083605, False
btc_pax, None, 0.75861, 3574.82, 21, 1, smm_btc, 155021083906, False
btc_pax, None, 0.8, 3577.12, 23, 1, smm_btc, 155021083605, True
btc_pax, None, 0.8, 3579.39, 23, 1, smm_btc, 155021087308, False
btc_pax, None, 0.75861, 3574.82, 21, 1, smm_btc, 155021083906, True
btc_pax, None, 0.75861, 3574.89, 21, 1, smm_btc, 155021106310, False
btc_pax, None, 0.75861, 3574.89, 21, 1, smm_btc, 155021106310, True
btc_pax, None, 0.75861, 3575.41, 21, 1, smm_btc, 155021109612, False
btc_pax, None, 0.75861, 3575.41, 21, 1, smm_btc, 155021109612, True
btc_pax, None, 0.8, 3579.39, 23, 1, smm_btc, 155021087308, True
btc_pax, None, 0.75861, 3568.75, 21, 1, smm_btc, 155021110515, False
btc_pax, None, 0.8, 3588.24, 23, 1, smm_btc, 155021110516, False
btc_pax, None, 0.8, 3588.24, 23, 1, smm_btc, 155021110516, True
btc_pax, None, 0.8, 3579.39, 23, 1, smm_btc, 155021111118, False
btc_pax, None, 0.8, 3579.39, 23, 1, smm_btc, 155021111118, True
btc_pax, None, 0.8, 3588.17, 23, 1, smm_btc, 155021112320, False
btc_pax, None, 0.75861, 3568.75, 21, 1, smm_btc, 155021110515, True
btc_pax, None, 0.8, 3588.17, 23, 1, smm_btc, 155021112320, True
btc_pax, None, 0.75861, 3575.41, 21, 1, smm_btc, 155021112923, False
btc_pax, None, 0.8, 3579.39, 23, 1, smm_btc, 155021112924, False
btc_pax, None, 0.75861, 3575.41, 21, 1, smm_btc, 155021112923, True
btc_pax, None, 0.8, 3579.39, 23, 1, smm_btc, 155021112924, True
btc_pax, None, 0.75861, 3568.75, 21, 1, smm_btc, 155021118827, False
btc_pax, None, 0.8, 3586.26, 23, 1, smm_btc, 155021118828, False
btc_pax, None, 0.75861, 3568.75, 21, 1, smm_btc, 155021118827, True
btc_pax, None, 0.75861, 3568.65, 21, 1, smm_btc, 155021119430, False
btc_pax, None, 0.75861, 3568.65, 21, 1, smm_btc, 155021119430, True
btc_pax, None, 0.8, 3586.26, 23, 1, smm_btc, 155021118828, True
btc_pax, None, 0.8, 3578.58, 23, 1, smm_btc, 155021120633, False
btc_pax, None, 0.75861, 3575.41, 21, 1, smm_btc, 155021121634, False
btc_pax, None, 0.75861, 3575.41, 21, 1, smm_btc, 155021121634, True
btc_pax, None, 0.8, 3578.58, 23, 1, smm_btc, 155021120633, True
btc_pax, None, 0.75861, 3575.41, 21, 1, smm_btc, 155021124437, False
btc_pax, None, 0.75861, 3575.41, 21, 1, smm_btc, 155021124437, True
btc_pax, None, 0.8, 3587.28, 23, 1, smm_btc, 155021125039, False
btc_pax, None, 0.75861, 3568.75, 21, 1, smm_btc, 155021125340, False
btc_pax, None, 0.75861, 3568.75, 21, 1, smm_btc, 155021125340, True
btc_pax, None, 0.8, 3587.28, 23, 1, smm_btc, 155021125039, True
btc_pax, None, 0.75861, 3575.41, 21, 1, smm_btc, 155021125943, False
btc_pax, None, 0.8, 3578.58, 23, 1, smm_btc, 155021125944, False
btc_pax, None, 0.8, 3578.58, 23, 1, smm_btc, 155021125944, True
btc_pax, None, 0.8, 3578.56, 23, 1, smm_btc, 155021140246, False
btc_pax, None, 0.75861, 3575.41, 21, 1, smm_btc, 155021125943, True
btc_pax, None, 0.8, 3578.56, 23, 1, smm_btc, 155021140246, True
btc_pax, None, 0.75861, 3575.36, 21, 1, smm_btc, 155021144549, False
btc_pax, None, 0.8, 3578.61, 23, 1, smm_btc, 155021144550, False
btc_pax, None, 0.75861, 3575.36, 21, 1, smm_btc, 155021144549, True
btc_pax, None, 0.75861, 3575.41, 21, 1, smm_btc, 155021145752, False
btc_pax, None, 0.8, 3578.61, 23, 1, smm_btc, 155021144550, True
btc_pax, None, 0.8, 3578.56, 23, 1, smm_btc, 155021146454, False
btc_pax, None, 0.75861, 3575.41, 21, 1, smm_btc, 155021145752, True
btc_pax, None, 0.8, 3578.56, 23, 1, smm_btc, 155021146454, True
btc_pax, None, 0.75861, 3575.42, 21, 1, smm_btc, 155021147657, False
btc_pax, None, 0.8, 3576.93, 23, 1, smm_btc, 155021147658, False
btc_pax, None, 0.75861, 3575.42, 21, 1, smm_btc, 155021147657, True
btc_pax, None, 0.75861, 3575.42, 21, 1, smm_btc, 155021148860, False
btc_pax, None, 0.75861, 3575.42, 21, 1, smm_btc, 155021148860, True
btc_pax, None, 0.75861, 3575.42, 21, 1, smm_btc, 155021151862, False
btc_pax, None, 0.75861, 3575.42, 21, 1, smm_btc, 155021151862, True
btc_pax, None, 0.75861, 3572.38, 21, 1, smm_btc, 155021153164, False
btc_pax, None, 0.75861, 3572.38, 21, 1, smm_btc, 155021153164, True
btc_pax, None, 0.8, 3576.93, 23, 1, smm_btc, 155021147658, True
btc_pax, None, 0.75861, 3575.57, 21, 1, smm_btc, 155021154467, False
btc_pax, None, 0.8, 3578.06, 23, 1, smm_btc, 155021154768, False
btc_pax, None, 0.75861, 3575.57, 21, 1, smm_btc, 155021154467, True
btc_pax, None, 0.8, 3578.06, 23, 1, smm_btc, 155021154768, True
btc_pax, None, 0.75861, 3575.6, 21, 1, smm_btc, 155021157171, False
btc_pax, None, 0.8, 3578.03, 23, 1, smm_btc, 155021157172, False
btc_pax, None, 0.75861, 3575.6, 21, 1, smm_btc, 155021157171, True
btc_pax, None, 0.8, 3578.03, 23, 1, smm_btc, 155021157172, True
btc_pax, None, 0.75861, 3575.6, 21, 1, smm_btc, 155021160875, False
btc_pax, None, 0.8, 3578.34, 23, 1, smm_btc, 155021160876, False
btc_pax, None, 0.75861, 3575.6, 21, 1, smm_btc, 155021160875, True
btc_pax, None, 0.8, 3578.34, 23, 1, smm_btc, 155021160876, True
btc_pax, None, 0.75861, 3566.74, 21, 1, smm_btc, 155021162279, False
btc_pax, None, 0.8, 3585.33, 23, 1, smm_btc, 155021162280, False
btc_pax, None, 0.8, 3585.33, 23, 1, smm_btc, 155021162280, True
btc_pax, None, 0.75861, 3566.74, 21, 1, smm_btc, 155021162279, True
btc_pax, None, 0.8, 3585.33, 23, 1, smm_btc, 155021163483, False
btc_pax, None, 0.75861, 3575.6, 21, 1, smm_btc, 155021163784, False
btc_pax, None, 0.8, 3585.33, 23, 1, smm_btc, 155021163483, True
btc_pax, None, 0.75861, 3575.6, 21, 1, smm_btc, 155021163784, True
btc_pax, None, 0.8, 3578.37, 23, 1, smm_btc, 155021164687, False
btc_pax, None, 0.75861, 3575.56, 21, 1, smm_btc, 155021164988, False
btc_pax, None, 0.8, 3578.37, 23, 1, smm_btc, 155021164687, True
btc_pax, None, 0.8, 3578.38, 23, 1, smm_btc, 155021165590, False
btc_pax, None, 0.75861, 3575.56, 21, 1, smm_btc, 155021164988, True
btc_pax, None, 0.75861, 3575.6, 21, 1, smm_btc, 155021166292, False
btc_pax, None, 0.8, 3578.38, 23, 1, smm_btc, 155021165590, True
btc_pax, None, 0.8, 3578.34, 23, 1, smm_btc, 155021166894, False
btc_pax, None, 0.75861, 3575.6, 21, 1, smm_btc, 155021166292, True
btc_pax, None, 0.8, 3578.34, 23, 1, smm_btc, 155021166894, True
btc_pax, None, 0.75861, 3575.57, 21, 1, smm_btc, 155021169897, False
btc_pax, None, 0.8, 3578.37, 23, 1, smm_btc, 155021169898, False
btc_pax, None, 0.8, 3578.37, 23, 1, smm_btc, 155021169898, True
btc_pax, None, 0.75861, 3575.57, 21, 1, smm_btc, 155021169897, True
btc_pax, None, 0.8, 3579.29, 23, 1, smm_btc, 155021171601, False
btc_pax, None, 0.75861, 3575.6, 21, 1, smm_btc, 155021172702, False
btc_pax, None, 0.75861, 3575.6, 21, 1, smm_btc, 155021172702, True
btc_pax, None, 0.8, 3579.29, 23, 1, smm_btc, 155021171601, True
btc_pax, None, 0.75861, 3576.42, 21, 1, smm_btc, 155021174905, False
btc_pax, None, 0.8, 3579.37, 23, 1, smm_btc, 155021174906, False
btc_pax, None, 0.75861, 3576.42, 21, 1, smm_btc, 155021174905, True
btc_pax, None, 0.8, 3579.37, 23, 1, smm_btc, 155021174906, True
btc_pax, None, 0.75861, 3576.41, 21, 1, smm_btc, 155021175609, False
btc_pax, None, 0.8, 3580.18, 23, 1, smm_btc, 155021175610, False
btc_pax, None, 0.75861, 3576.41, 21, 1, smm_btc, 155021175609, True
btc_pax, None, 0.8, 3580.18, 23, 1, smm_btc, 155021175610, True
btc_pax, None, 0.75861, 3576.44, 21, 1, smm_btc, 155021176813, False
btc_pax, None, 0.8, 3579.31, 23, 1, smm_btc, 155021176914, False
btc_pax, None, 0.75861, 3576.44, 21, 1, smm_btc, 155021176813, True
btc_pax, None, 0.8, 3579.31, 23, 1, smm_btc, 155021176914, True
btc_pax, None, 0.75861, 3576.43, 21, 1, smm_btc, 155021178317, False
btc_pax, None, 0.8, 3580.18, 23, 1, smm_btc, 155021178318, False
btc_pax, None, 0.75861, 3576.43, 21, 1, smm_btc, 155021178317, True
btc_pax, None, 0.8, 3580.18, 23, 1, smm_btc, 155021178318, True
btc_pax, None, 0.75861, 3576.46, 21, 1, smm_btc, 155021180021, False
btc_pax, None, 0.8, 3580.15, 23, 1, smm_btc, 155021180022, False
btc_pax, None, 0.75861, 3576.46, 21, 1, smm_btc, 155021180021, True
btc_pax, None, 0.8, 3580.15, 23, 1, smm_btc, 155021180022, True
btc_pax, None, 0.75861, 3576.43, 21, 1, smm_btc, 155021183225, False
btc_pax, None, 0.8, 3580.18, 23, 1, smm_btc, 155021183226, False
btc_pax, None, 0.75861, 3576.43, 21, 1, smm_btc, 155021183225, True
btc_pax, None, 0.75861, 3576.49, 21, 1, smm_btc, 155021184328, False
btc_pax, None, 0.8, 3580.18, 23, 1, smm_btc, 155021183226, True
btc_pax, None, 0.75861, 3576.49, 21, 1, smm_btc, 155021184328, True
btc_pax, None, 0.8, 3580.15, 23, 1, smm_btc, 155021184631, False
btc_pax, None, 0.75861, 3576.46, 21, 1, smm_btc, 155021184932, False
btc_pax, None, 0.75861, 3576.46, 21, 1, smm_btc, 155021184932, True
btc_pax, None, 0.75861, 3576.87, 21, 1, smm_btc, 155021186634, False
btc_pax, None, 0.75861, 3576.87, 21, 1, smm_btc, 155021186634, True
btc_pax, None, 0.8, 3580.15, 23, 1, smm_btc, 155021184631, True
btc_pax, None, 0.8, 3580.2, 23, 1, smm_btc, 155021188037, False
btc_pax, None, 0.8, 3580.2, 23, 1, smm_btc, 155021188037, True
btc_pax, None, 0.75861, 3576.87, 21, 1, smm_btc, 155021188839, False
btc_pax, None, 0.8, 3580.15, 23, 1, smm_btc, 155021188840, False
btc_pax, None, 0.8, 3580.15, 23, 1, smm_btc, 155021188840, True
btc_pax, None, 0.8, 3582.35, 23, 1, smm_btc, 155021190842, False
btc_pax, None, 0.75861, 3576.87, 21, 1, smm_btc, 155021188839, True
btc_pax, None, 0.8, 3582.35, 23, 1, smm_btc, 155021190842, True
btc_pax, None, 0.75861, 3569.7, 21, 1, smm_btc, 155021192345, False
btc_pax, None, 0.8, 3590.0, 23, 1, smm_btc, 155021192346, False
btc_pax, None, 0.8, 3590.0, 23, 1, smm_btc, 155021192346, True
btc_pax, None, 0.8, 3582.35, 23, 1, smm_btc, 155021192948, False
btc_pax, None, 0.75861, 3569.7, 21, 1, smm_btc, 155021192345, True
btc_pax, None, 0.75861, 3578.08, 21, 1, smm_btc, 155021193650, False
btc_pax, None, 0.75861, 3578.08, 21, 1, smm_btc, 155021193650, True
btc_pax, None, 0.75861, 3578.08, 21, 1, smm_btc, 155021195552, False
btc_pax, None, 0.75861, 3578.08, 21, 1, smm_btc, 155021195552, True
btc_pax, None, 0.8, 3582.35, 23, 1, smm_btc, 155021192948, True
btc_pax, None, 0.75861, 3578.05, 21, 1, smm_btc, 155021199355, False
btc_pax, None, 0.8, 3582.38, 23, 1, smm_btc, 155021199456, False
btc_pax, None, 0.75861, 3578.05, 21, 1, smm_btc, 155021199355, True
btc_pax, None, 0.8, 3582.38, 23, 1, smm_btc, 155021199456, True
btc_pax, None, 0.75861, 3578.08, 21, 1, smm_btc, 155021201959, False
btc_pax, None, 0.8, 3582.35, 23, 1, smm_btc, 155021201960, False
btc_pax, None, 0.75861, 3578.08, 21, 1, smm_btc, 155021201959, True
btc_pax, None, 0.75861, 3578.6, 21, 1, smm_btc, 155021209562, False
btc_pax, None, 0.75861, 3578.6, 21, 1, smm_btc, 155021209562, True
btc_pax, None, 0.8, 3582.35, 23, 1, smm_btc, 155021201960, True
btc_pax, None, 0.8, 3582.39, 23, 1, smm_btc, 155021216465, False
btc_pax, None, 0.8, 3582.39, 23, 1, smm_btc, 155021216465, True
btc_pax, None, 0.8, 3582.35, 23, 1, smm_btc, 155021217067, False
btc_pax, None, 0.75861, 3579.1, 21, 1, smm_btc, 155021217968, False
btc_pax, None, 0.75861, 3579.1, 21, 1, smm_btc, 155021217968, True
btc_pax, None, 0.75861, 3579.6, 21, 1, smm_btc, 155021219470, False
btc_pax, None, 0.8, 3582.35, 23, 1, smm_btc, 155021217067, True
btc_pax, None, 0.8, 3583.74, 23, 1, smm_btc, 155021220872, False
btc_pax, None, 0.75861, 3579.6, 21, 1, smm_btc, 155021219470, True
btc_pax, None, 0.75861, 3580.1, 21, 1, smm_btc, 155021221574, False
btc_pax, None, 0.8, 3583.74, 23, 1, smm_btc, 155021220872, True
btc_pax, None, 0.8, 3583.97, 23, 1, smm_btc, 155021221876, False
btc_pax, None, 0.75861, 3580.1, 21, 1, smm_btc, 155021221574, True
btc_pax, None, 0.75861, 3584.44, 21, 1, smm_btc, 155021226178, False
btc_pax, None, 0.8, 3593.83, 23, 1, smm_btc, 155021226179, False
btc_pax, None, 0.75861, 3584.44, 21, 1, smm_btc, 155021226178, True
btc_pax, None, 0.8, 3593.83, 23, 1, smm_btc, 155021226179, True
btc_pax, None, 0.727441, 3584.48, 21, 1, smm_btc, 155021226982, False
btc_pax, None, 0.8, 3593.83, 23, 1, smm_btc, 155021226983, False
btc_pax, None, 0.727441, 3584.48, 21, 1, smm_btc, 155021226982, True
btc_pax, None, 0.727441, 3584.86, 21, 1, smm_btc, 155021227585, False
btc_pax, None, 0.8, 3593.83, 23, 1, smm_btc, 155021226983, True
btc_pax, None, 0.727441, 3584.86, 21, 1, smm_btc, 155021227585, True
btc_pax, None, 0.8, 3592.6, 23, 1, smm_btc, 155021227888, False
btc_pax, None, 0.727441, 3584.68, 21, 1, smm_btc, 155021228789, False
btc_pax, None, 0.8, 3592.6, 23, 1, smm_btc, 155021227888, True
btc_pax, None, 0.8, 3572.11, 21, 1, smm_btc, 155021230091, False
btc_pax, None, 0.8, 3591.95, 23, 1, smm_btc, 155021230092, False
btc_pax, None, 0.8, 3591.95, 23, 1, smm_btc, 155021230092, True
btc_pax, None, 0.8, 3572.11, 21, 1, smm_btc, 155021230091, True
btc_pax, None, 0.8, 3582.78, 23, 1, smm_btc, 155021230695, False
btc_pax, None, 0.8, 3581.23, 21, 1, smm_btc, 155021231096, False
btc_pax, None, 0.8, 3582.78, 23, 1, smm_btc, 155021230695, True
btc_pax, None, 0.8, 3581.23, 21, 1, smm_btc, 155021231096, True
btc_pax, None, 0.8, 3591.51, 23, 1, smm_btc, 155021231699, False
btc_pax, None, 0.8, 3581.23, 21, 1, smm_btc, 155021231900, False
btc_pax, None, 0.8, 3591.51, 23, 1, smm_btc, 155021231699, True
btc_pax, None, 0.8, 3582.75, 23, 1, smm_btc, 155021232202, False
btc_pax, None, 0.8, 3581.23, 21, 1, smm_btc, 155021231900, True
btc_pax, None, 0.8, 3582.75, 23, 1, smm_btc, 155021232202, True
btc_pax, None, 0.8, 3581.19, 21, 1, smm_btc, 155021232905, False
btc_pax, None, 0.8, 3582.79, 23, 1, smm_btc, 155021233006, False
btc_pax, None, 0.8, 3581.19, 21, 1, smm_btc, 155021232905, True
btc_pax, None, 0.8, 3582.79, 23, 1, smm_btc, 155021233006, True
btc_pax, None, 0.8, 3581.23, 21, 1, smm_btc, 155021233609, False
btc_pax, None, 0.8, 3582.75, 23, 1, smm_btc, 155021233710, False
btc_pax, None, 0.8, 3582.75, 23, 1, smm_btc, 155021233710, True
btc_pax, None, 0.8, 3581.61, 23, 1, smm_btc, 155021234612, False
btc_pax, None, 0.8, 3581.61, 23, 1, smm_btc, 155021234612, True
btc_pax, None, 0.8, 3568.92, 21, 1, smm_btc, 155021235014, False
btc_pax, None, 0.8, 3581.59, 23, 1, smm_btc, 155021235215, False
btc_pax, None, 0.8, 3568.92, 21, 1, smm_btc, 155021235014, True
btc_pax, None, 0.8, 3581.59, 23, 1, smm_btc, 155021235215, True
btc_pax, None, 0.8, 3566.06, 21, 1, smm_btc, 155021235718, False
btc_pax, None, 0.8, 3581.57, 23, 1, smm_btc, 155021235919, False
btc_pax, None, 0.8, 3566.06, 21, 1, smm_btc, 155021235718, True
btc_pax, None, 0.8, 3581.57, 23, 1, smm_btc, 155021235919, True
btc_pax, None, 0.8, 3566.87, 21, 1, smm_btc, 155021236322, False
btc_pax, None, 0.8, 3580.16, 23, 1, smm_btc, 155021236623, False
btc_pax, None, 0.8, 3580.16, 23, 1, smm_btc, 155021236623, True
btc_pax, None, 0.8, 3566.87, 21, 1, smm_btc, 155021236322, True
btc_pax, None, 0.8, 3579.36, 23, 1, smm_btc, 155021237226, False
btc_pax, None, 0.8, 3565.23, 21, 1, smm_btc, 155021237327, False
btc_pax, None, 0.8, 3579.36, 23, 1, smm_btc, 155021237226, True
btc_pax, None, 0.8, 3565.23, 21, 1, smm_btc, 155021237327, True
btc_pax, None, 0.8, 3578.11, 23, 1, smm_btc, 155021237830, False
btc_pax, None, 0.8, 3565.73, 21, 1, smm_btc, 155021237931, False
btc_pax, None, 0.8, 3578.11, 23, 1, smm_btc, 155021237830, True
btc_pax, None, 0.8, 3565.73, 21, 1, smm_btc, 155021237931, True
btc_pax, None, 0.8, 3578.09, 23, 1, smm_btc, 155021238534, False
btc_pax, None, 0.8, 3565.23, 21, 1, smm_btc, 155021238635, False
btc_pax, None, 0.8, 3578.09, 23, 1, smm_btc, 155021238534, True
btc_pax, None, 0.8, 3577.92, 23, 1, smm_btc, 155021239137, False
btc_pax, None, 0.8, 3577.92, 23, 1, smm_btc, 155021239137, True
btc_pax, None, 0.8, 3577.9, 23, 1, smm_btc, 155021239939, False
btc_pax, None, 0.8, 3577.9, 23, 1, smm_btc, 155021239939, True
btc_pax, None, 0.8, 3577.88, 23, 1, smm_btc, 155021240541, False
btc_pax, None, 0.8, 3577.88, 23, 1, smm_btc, 155021240541, True
btc_pax, None, 0.8, 3577.81, 23, 1, smm_btc, 155021241143, False
btc_pax, None, 0.8, 3577.81, 23, 1, smm_btc, 155021241143, True
btc_pax, None, 0.8, 3577.79, 23, 1, smm_btc, 155021242245, False
btc_pax, None, 0.8, 3577.79, 23, 1, smm_btc, 155021242245, True
btc_pax, None, 0.8, 3577.77, 23, 1, smm_btc, 155021243947, False
btc_pax, None, 0.8, 3577.77, 23, 1, smm_btc, 155021243947, True
btc_pax, None, 0.8, 3577.75, 23, 1, smm_btc, 155021244749, False
btc_pax, None, 0.8, 3565.23, 21, 1, smm_btc, 155021238635, True
btc_pax, None, 0.8, 3577.75, 23, 1, smm_btc, 155021244749, True
btc_pax, None, 0.8, 3566.18, 21, 1, smm_btc, 155021245052, False
btc_pax, None, 0.8, 3577.73, 23, 1, smm_btc, 155021245553, False
btc_pax, None, 0.8, 3577.73, 23, 1, smm_btc, 155021245553, True
btc_pax, None, 0.8, 3566.18, 21, 1, smm_btc, 155021245052, True
btc_pax, None, 0.8, 3577.71, 23, 1, smm_btc, 155021246356, False
btc_pax, None, 0.8, 3565.23, 21, 1, smm_btc, 155021246357, False
btc_pax, None, 0.8, 3577.71, 23, 1, smm_btc, 155021246356, True
btc_pax, None, 0.8, 3577.69, 23, 1, smm_btc, 155021247459, False
btc_pax, None, 0.8, 3565.23, 21, 1, smm_btc, 155021246357, True
btc_pax, None, 0.8, 3577.69, 23, 1, smm_btc, 155021247459, True
btc_pax, None, 0.8, 3565.23, 21, 1, smm_btc, 155021247862, False
btc_pax, None, 0.8, 3577.67, 23, 1, smm_btc, 155021248363, False
btc_pax, None, 0.8, 3577.67, 23, 1, smm_btc, 155021248363, True
btc_pax, None, 0.8, 3565.23, 21, 1, smm_btc, 155021247862, True
btc_pax, None, 0.793915, 3580.1, 23, 1, smm_btc, 155021249366, False
btc_pax, None, 0.8, 3566.87, 21, 1, smm_btc, 155021249367, False
btc_pax, None, 0.793915, 3580.1, 23, 1, smm_btc, 155021249366, True
btc_pax, None, 0.8, 3566.87, 21, 1, smm_btc, 155021249367, True
btc_pax, None, 0.793915, 3579.55, 23, 1, smm_btc, 155021250070, False
btc_pax, None, 0.8, 3566.39, 21, 1, smm_btc, 155021250071, False
btc_pax, None, 0.793915, 3579.55, 23, 1, smm_btc, 155021250070, True
btc_pax, None, 0.8, 3566.39, 21, 1, smm_btc, 155021250071, True
btc_pax, None, 0.793915, 3579.05, 23, 1, smm_btc, 155021250974, False
btc_pax, None, 0.8, 3566.87, 21, 1, smm_btc, 155021250975, False
btc_pax, None, 0.793915, 3579.05, 23, 1, smm_btc, 155021250974, True
btc_pax, None, 0.8, 3566.87, 21, 1, smm_btc, 155021250975, True
btc_pax, None, 0.793915, 3578.5, 23, 1, smm_btc, 155021251678, False
btc_pax, None, 0.8, 3566.39, 21, 1, smm_btc, 155021251679, False
btc_pax, None, 0.793915, 3578.5, 23, 1, smm_btc, 155021251678, True
btc_pax, None, 0.793915, 3578.28, 23, 1, smm_btc, 155021252281, False
btc_pax, None, 0.793915, 3578.28, 23, 1, smm_btc, 155021252281, True
btc_pax, None, 0.793915, 3578.12, 23, 1, smm_btc, 155021252883, False
btc_pax, None, 0.793915, 3578.12, 23, 1, smm_btc, 155021252883, True
btc_pax, None, 0.793915, 3578.02, 23, 1, smm_btc, 155021253485, False
btc_pax, None, 0.8, 3566.39, 21, 1, smm_btc, 155021251679, True
btc_pax, None, 0.793915, 3578.02, 23, 1, smm_btc, 155021253485, True
btc_pax, None, 0.8, 3564.63, 21, 1, smm_btc, 155021253788, False
btc_pax, None, 0.793915, 3577.99, 23, 1, smm_btc, 155021254089, False
btc_pax, None, 0.8, 3564.63, 21, 1, smm_btc, 155021253788, True
btc_pax, None, 0.793915, 3577.99, 23, 1, smm_btc, 155021254089, True
btc_pax, None, 0.8, 3565.23, 21, 1, smm_btc, 155021254392, False
btc_pax, None, 0.793915, 3577.86, 23, 1, smm_btc, 155021254693, False
btc_pax, None, 0.793915, 3577.86, 23, 1, smm_btc, 155021254693, True
btc_pax, None, 0.8, 3565.23, 21, 1, smm_btc, 155021254392, True
btc_pax, None, 0.793915, 3577.81, 23, 1, smm_btc, 155021255396, False
btc_pax, None, 0.8, 3565.72, 21, 1, smm_btc, 155021255397, False
btc_pax, None, 0.793915, 3577.81, 23, 1, smm_btc, 155021255396, True
btc_pax, None, 0.793915, 3578.08, 23, 1, smm_btc, 155021256099, False
btc_pax, None, 0.8, 3565.72, 21, 1, smm_btc, 155021255397, True
btc_pax, None, 0.793915, 3578.08, 23, 1, smm_btc, 155021256099, True
btc_pax, None, 0.8, 3566.87, 21, 1, smm_btc, 155021256302, False
btc_pax, None, 0.793915, 3577.99, 23, 1, smm_btc, 155021257003, False
btc_pax, None, 0.8, 3566.87, 21, 1, smm_btc, 155021256302, True
btc_pax, None, 0.793915, 3577.99, 23, 1, smm_btc, 155021257003, True
btc_pax, None, 0.8, 3566.87, 21, 1, smm_btc, 155021257306, False
btc_pax, None, 0.793915, 3580.09, 23, 1, smm_btc, 155021257907, False
btc_pax, None, 0.8, 3566.87, 21, 1, smm_btc, 155021257306, True
btc_pax, None, 0.793915, 3580.09, 23, 1, smm_btc, 155021257907, True
btc_pax, None, 0.8, 3567.5, 21, 1, smm_btc, 155021258210, False
btc_pax, None, 0.793915, 3579.86, 23, 1, smm_btc, 155021258511, False
btc_pax, None, 0.8, 3567.5, 21, 1, smm_btc, 155021258210, True
btc_pax, None, 0.8, 3577.1, 21, 1, smm_btc, 155021259213, False
btc_pax, None, 0.8, 3577.1, 21, 1, smm_btc, 155021259213, True
btc_pax, None, 0.8, 3577.14, 21, 1, smm_btc, 155021259915, False
btc_pax, None, 0.8, 3580.47, 23, 1, smm_btc, 155021259916, False
btc_pax, None, 0.8, 3577.14, 21, 1, smm_btc, 155021259915, True
btc_pax, None, 0.8, 3580.47, 23, 1, smm_btc, 155021259916, True
btc_pax, None, 0.8, 3577.14, 21, 1, smm_btc, 155021274219, False
btc_pax, None, 0.8, 3580.47, 23, 1, smm_btc, 155021274220, False
btc_pax, None, 0.8, 3577.14, 21, 1, smm_btc, 155021274219, True
btc_pax, None, 0.8, 3577.51, 21, 1, smm_btc, 155021277322, False
btc_pax, None, 0.8, 3580.47, 23, 1, smm_btc, 155021274220, True
btc_pax, None, 0.8, 3581.4, 23, 1, smm_btc, 155021279724, False
btc_pax, None, 0.8, 3577.51, 21, 1, smm_btc, 155021277322, True
btc_pax, None, 0.8, 3578.01, 21, 1, smm_btc, 155021283626, False
btc_pax, None, 0.8, 3578.01, 21, 1, smm_btc, 155021283626, True
btc_pax, None, 0.8, 3581.4, 23, 1, smm_btc, 155021279724, True
btc_pax, None, 0.8, 3577.96, 21, 1, smm_btc, 155021284229, False
btc_pax, None, 0.8, 3579.89, 23, 1, smm_btc, 155021284230, False
btc_pax, None, 0.8, 3577.96, 21, 1, smm_btc, 155021284229, True
btc_pax, None, 0.8, 3574.83, 21, 1, smm_btc, 155021285432, False
btc_pax, None, 0.8, 3579.89, 23, 1, smm_btc, 155021284230, True
btc_pax, None, 0.8, 3574.83, 21, 1, smm_btc, 155021285432, True
btc_pax, None, 0.8, 3579.26, 23, 1, smm_btc, 155021285735, False
btc_pax, None, 0.8, 3574.86, 21, 1, smm_btc, 155021286136, False
btc_pax, None, 0.8, 3574.86, 21, 1, smm_btc, 155021286136, True
btc_pax, None, 0.8, 3579.26, 23, 1, smm_btc, 155021285735, True
btc_pax, None, 0.8, 3574.83, 21, 1, smm_btc, 155021303039, False
btc_pax, None, 0.8, 3579.29, 23, 1, smm_btc, 155021303040, False
btc_pax, None, 0.8, 3574.83, 21, 1, smm_btc, 155021303039, True
btc_pax, None, 0.8, 3579.29, 23, 1, smm_btc, 155021303040, True
btc_pax, None, 0.8, 3574.86, 21, 1, smm_btc, 155021304043, False
btc_pax, None, 0.8, 3579.26, 23, 1, smm_btc, 155021304044, False
btc_pax, None, 0.8, 3579.26, 23, 1, smm_btc, 155021304044, True
btc_pax, None, 0.8, 3574.86, 21, 1, smm_btc, 155021304043, True
btc_pax, None, 0.8, 3579.29, 23, 1, smm_btc, 155021305647, False
btc_pax, None, 0.8, 3574.94, 21, 1, smm_btc, 155021305948, False
btc_pax, None, 0.8, 3574.94, 21, 1, smm_btc, 155021305948, True
btc_pax, None, 0.8, 3570.0, 21, 1, smm_btc, 155021306950, False
btc_pax, None, 0.8, 3579.29, 23, 1, smm_btc, 155021305647, True
btc_pax, None, 0.8, 3585.26, 23, 1, smm_btc, 155021307252, False
btc_pax, None, 0.8, 3570.0, 21, 1, smm_btc, 155021306950, True
btc_pax, None, 0.8, 3585.26, 23, 1, smm_btc, 155021307252, True
btc_pax, None, 0.8, 3576.09, 21, 1, smm_btc, 155021309255, False
btc_pax, None, 0.8, 3579.26, 23, 1, smm_btc, 155021309256, False
btc_pax, None, 0.8, 3579.26, 23, 1, smm_btc, 155021309256, True
btc_pax, None, 0.8, 3576.09, 21, 1, smm_btc, 155021309255, True
btc_pax, None, 0.8, 3587.68, 23, 1, smm_btc, 155021310159, False
btc_pax, None, 0.8, 3570.0, 21, 1, smm_btc, 155021310460, False
btc_pax, None, 0.8, 3587.68, 23, 1, smm_btc, 155021310159, True
btc_pax, None, 0.8, 3570.0, 21, 1, smm_btc, 155021310460, True
btc_pax, None, 0.8, 3579.3, 23, 1, smm_btc, 155021310763, False
btc_pax, None, 0.8, 3576.05, 21, 1, smm_btc, 155021311064, False
btc_pax, None, 0.8, 3576.05, 21, 1, smm_btc, 155021311064, True
btc_pax, None, 0.8, 3579.3, 23, 1, smm_btc, 155021310763, True
btc_pax, None, 0.8, 3576.09, 21, 1, smm_btc, 155021312367, False
btc_pax, None, 0.8, 3579.26, 23, 1, smm_btc, 155021312368, False
btc_pax, None, 0.8, 3576.09, 21, 1, smm_btc, 155021312367, True
btc_pax, None, 0.8, 3579.26, 23, 1, smm_btc, 155021312368, True
btc_pax, None, 0.8, 3576.06, 21, 1, smm_btc, 155021315171, False
btc_pax, None, 0.8, 3579.29, 23, 1, smm_btc, 155021315172, False
btc_pax, None, 0.8, 3576.06, 21, 1, smm_btc, 155021315171, True
btc_pax, None, 0.8, 3579.29, 23, 1, smm_btc, 155021315172, True
btc_pax, None, 0.8, 3576.09, 21, 1, smm_btc, 155021316175, False
btc_pax, None, 0.8, 3579.26, 23, 1, smm_btc, 155021316176, False
btc_pax, None, 0.8, 3576.09, 21, 1, smm_btc, 155021316175, True
btc_pax, None, 0.8, 3576.06, 21, 1, smm_btc, 155021319778, False
btc_pax, None, 0.8, 3579.26, 23, 1, smm_btc, 155021316176, True
btc_pax, None, 0.8, 3579.29, 23, 1, smm_btc, 155021320080, False
btc_pax, None, 0.8, 3576.06, 21, 1, smm_btc, 155021319778, True
btc_pax, None, 0.8, 3579.29, 23, 1, smm_btc, 155021320080, True
btc_pax, None, 0.8, 3576.09, 21, 1, smm_btc, 155021320883, False
btc_pax, None, 0.8, 3579.26, 23, 1, smm_btc, 155021320884, False
btc_pax, None, 0.8, 3576.09, 21, 1, smm_btc, 155021320883, True
btc_pax, None, 0.8, 3579.26, 23, 1, smm_btc, 155021320884, True
btc_pax, None, 0.8, 3576.06, 21, 1, smm_btc, 155021326287, False
btc_pax, None, 0.8, 3579.29, 23, 1, smm_btc, 155021326288, False
btc_pax, None, 0.8, 3576.06, 21, 1, smm_btc, 155021326287, True
btc_pax, None, 0.8, 3579.29, 23, 1, smm_btc, 155021326288, True
btc_pax, None, 0.8, 3576.09, 21, 1, smm_btc, 155021327291, False
btc_pax, None, 0.8, 3579.26, 23, 1, smm_btc, 155021327292, False
btc_pax, None, 0.8, 3579.26, 23, 1, smm_btc, 155021327292, True
btc_pax, None, 0.8, 3576.09, 21, 1, smm_btc, 155021327291, True
btc_pax, None, 0.8, 3579.29, 23, 1, smm_btc, 155021329295, False
btc_pax, None, 0.8, 3576.06, 21, 1, smm_btc, 155021329596, False
btc_pax, None, 0.8, 3576.06, 21, 1, smm_btc, 155021329596, True
btc_pax, None, 0.8, 3579.29, 23, 1, smm_btc, 155021329295, True
btc_pax, None, 0.8, 3576.09, 21, 1, smm_btc, 155021331799, False
btc_pax, None, 0.8, 3579.26, 23, 1, smm_btc, 155021331700, False
btc_pax, None, 0.8, 3576.09, 21, 1, smm_btc, 155021331799, True
btc_pax, None, 0.8, 3579.26, 23, 1, smm_btc, 155021331700, True
btc_pax, None, 0.8, 3576.06, 21, 1, smm_btc, 155021335303, False
btc_pax, None, 0.8, 3579.29, 23, 1, smm_btc, 155021335304, False
btc_pax, None, 0.8, 3576.06, 21, 1, smm_btc, 155021335303, True
btc_pax, None, 0.8, 3579.29, 23, 1, smm_btc, 155021335304, True
btc_pax, None, 0.8, 3576.06, 21, 1, smm_btc, 155021338307, False
btc_pax, None, 0.8, 3579.29, 23, 1, smm_btc, 155021338308, False
btc_pax, None, 0.8, 3576.06, 21, 1, smm_btc, 155021338307, True
btc_pax, None, 0.8, 3579.29, 23, 1, smm_btc, 155021338308, True
btc_pax, None, 0.8, 3576.09, 21, 1, smm_btc, 155021341311, False
btc_pax, None, 0.8, 3579.26, 23, 1, smm_btc, 155021341312, False
btc_pax, None, 0.8, 3576.09, 21, 1, smm_btc, 155021341311, True
btc_pax, None, 0.8, 3579.26, 23, 1, smm_btc, 155021341312, True
btc_pax, None, 0.8, 3574.83, 21, 1, smm_btc, 155021343515, False
btc_pax, None, 0.8, 3574.83, 21, 1, smm_btc, 155021343515, True
btc_pax, None, 0.8, 3574.86, 21, 1, smm_btc, 155021344117, False
btc_pax, None, 0.8, 3577.79, 23, 1, smm_btc, 155021344118, False
btc_pax, None, 0.8, 3574.86, 21, 1, smm_btc, 155021344117, True
btc_pax, None, 0.8, 3577.79, 23, 1, smm_btc, 155021344118, True
btc_pax, None, 0.8, 3574.83, 21, 1, smm_btc, 155021347921, False
btc_pax, None, 0.8, 3577.82, 23, 1, smm_btc, 155021347922, False
btc_pax, None, 0.8, 3574.83, 21, 1, smm_btc, 155021347921, True
btc_pax, None, 0.8, 3577.82, 23, 1, smm_btc, 155021347922, True
btc_pax, None, 0.8, 3574.86, 21, 1, smm_btc, 155021349925, False
btc_pax, None, 0.8, 3577.79, 23, 1, smm_btc, 155021349926, False
btc_pax, None, 0.8, 3574.86, 21, 1, smm_btc, 155021349925, True
btc_pax, None, 0.8, 3577.79, 23, 1, smm_btc, 155021349926, True
btc_pax, None, 0.8, 3574.83, 21, 1, smm_btc, 155021352629, False
btc_pax, None, 0.8, 3574.83, 21, 1, smm_btc, 155021352629, True
btc_pax, None, 0.8, 3574.86, 21, 1, smm_btc, 155021353531, False
btc_pax, None, 0.8, 3577.79, 23, 1, smm_btc, 155021353532, False
btc_pax, None, 0.8, 3574.86, 21, 1, smm_btc, 155021353531, True
btc_pax, None, 0.8, 3577.79, 23, 1, smm_btc, 155021353532, True
btc_pax, None, 0.8, 3574.83, 21, 1, smm_btc, 155021357235, False
btc_pax, None, 0.8, 3577.82, 23, 1, smm_btc, 155021357236, False
btc_pax, None, 0.8, 3574.83, 21, 1, smm_btc, 155021357235, True
btc_pax, None, 0.8, 3577.82, 23, 1, smm_btc, 155021357236, True
btc_pax, None, 0.8, 3567.29, 21, 1, smm_btc, 155021358239, False
btc_pax, None, 0.8, 3584.38, 23, 1, smm_btc, 155021358240, False
btc_pax, None, 0.8, 3567.29, 21, 1, smm_btc, 155021358239, True
btc_pax, None, 0.8, 3584.38, 23, 1, smm_btc, 155021358240, True
btc_pax, None, 0.8, 3574.91, 21, 1, smm_btc, 155021358943, False
btc_pax, None, 0.8, 3577.79, 23, 1, smm_btc, 155021358944, False
btc_pax, None, 0.8, 3574.91, 21, 1, smm_btc, 155021358943, True
btc_pax, None, 0.8, 3577.79, 23, 1, smm_btc, 155021358944, True
btc_pax, None, 0.8, 3575.26, 21, 1, smm_btc, 155021360547, False
btc_pax, None, 0.8, 3578.98, 23, 1, smm_btc, 155021360548, False
btc_pax, None, 0.8, 3575.26, 21, 1, smm_btc, 155021360547, True
btc_pax, None, 0.8, 3567.16, 21, 1, smm_btc, 155021361450, False
btc_pax, None, 0.8, 3578.98, 23, 1, smm_btc, 155021360548, True
btc_pax, None, 0.8, 3567.16, 21, 1, smm_btc, 155021361450, True
btc_pax, None, 0.8, 3579.29, 23, 1, smm_btc, 155021361853, False
btc_pax, None, 0.8, 3575.63, 21, 1, smm_btc, 155021362154, False
btc_pax, None, 0.8, 3579.29, 23, 1, smm_btc, 155021361853, True
btc_pax, None, 0.8, 3579.26, 23, 1, smm_btc, 155021362956, False
btc_pax, None, 0.8, 3579.26, 23, 1, smm_btc, 155021362956, True
btc_pax, None, 0.8, 3579.26, 23, 1, smm_btc, 155021380158, False
btc_pax, None, 0.8, 3575.63, 21, 1, smm_btc, 155021362154, True
btc_pax, None, 0.8, 3579.26, 23, 1, smm_btc, 155021380158, True
btc_pax, None, 0.8, 3575.58, 21, 1, smm_btc, 155021381561, False
btc_pax, None, 0.8, 3579.31, 23, 1, smm_btc, 155021381562, False
btc_pax, None, 0.8, 3575.58, 21, 1, smm_btc, 155021381561, True
btc_pax, None, 0.8, 3579.31, 23, 1, smm_btc, 155021381562, True
btc_pax, None, 0.8, 3575.63, 21, 1, smm_btc, 155021383165, False
btc_pax, None, 0.8, 3579.26, 23, 1, smm_btc, 155021383166, False
btc_pax, None, 0.8, 3575.63, 21, 1, smm_btc, 155021383165, True
btc_pax, None, 0.8, 3576.01, 21, 1, smm_btc, 155021385168, False
btc_pax, None, 0.8, 3576.01, 21, 1, smm_btc, 155021385168, True
btc_pax, None, 0.8, 3579.26, 23, 1, smm_btc, 155021383166, True
btc_pax, None, 0.8, 3576.97, 21, 1, smm_btc, 155021386871, False
btc_pax, None, 0.8, 3579.3, 23, 1, smm_btc, 155021386872, False
btc_pax, None, 0.8, 3576.97, 21, 1, smm_btc, 155021386871, True
btc_pax, None, 0.8, 3579.3, 23, 1, smm_btc, 155021386872, True
btc_pax, None, 0.8, 3576.97, 21, 1, smm_btc, 155021387775, False
btc_pax, None, 0.8, 3579.3, 23, 1, smm_btc, 155021387776, False
btc_pax, None, 0.8, 3576.97, 21, 1, smm_btc, 155021387775, True
btc_pax, None, 0.8, 3579.3, 23, 1, smm_btc, 155021387776, True
btc_pax, None, 0.8, 3577.01, 21, 1, smm_btc, 155021388479, False
btc_pax, None, 0.8, 3579.26, 23, 1, smm_btc, 155021388480, False
btc_pax, None, 0.8, 3577.01, 21, 1, smm_btc, 155021388479, True
btc_pax, None, 0.8, 3579.26, 23, 1, smm_btc, 155021388480, True
btc_pax, None, 0.8, 3574.86, 21, 1, smm_btc, 155021410483, False
btc_pax, None, 0.8, 3579.26, 23, 1, smm_btc, 155021410484, False
btc_pax, None, 0.8, 3579.26, 23, 1, smm_btc, 155021410484, True
btc_pax, None, 0.8, 3574.86, 21, 1, smm_btc, 155021410483, True
btc_pax, None, 0.8, 3564.93, 21, 1, smm_btc, 155021415087, False
btc_pax, None, 0.8, 3587.2, 23, 1, smm_btc, 155021415088, False
btc_pax, None, 0.8, 3564.93, 21, 1, smm_btc, 155021415087, True
btc_pax, None, 0.8, 3587.2, 23, 1, smm_btc, 155021415088, True
btc_pax, None, 0.8, 3578.45, 23, 1, smm_btc, 155021415691, False
btc_pax, None, 0.8, 3573.97, 21, 1, smm_btc, 155021415992, False
btc_pax, None, 0.8, 3573.97, 21, 1, smm_btc, 155021415992, True
btc_pax, None, 0.8, 3573.97, 21, 1, smm_btc, 155021416894, False
btc_pax, None, 0.8, 3573.97, 21, 1, smm_btc, 155021416894, True
btc_pax, None, 0.8, 3572.89, 21, 1, smm_btc, 155021417596, False
btc_pax, None, 0.8, 3578.45, 23, 1, smm_btc, 155021415691, True
btc_pax, None, 0.8, 3578.26, 23, 1, smm_btc, 155021417998, False
btc_pax, None, 0.8, 3572.89, 21, 1, smm_btc, 155021417596, True
btc_pax, None, 0.8, 3578.26, 23, 1, smm_btc, 155021417998, True
btc_pax, None, 0.8, 3564.93, 21, 1, smm_btc, 155021421701, False
btc_pax, None, 0.8, 3584.31, 23, 1, smm_btc, 155021421702, False
btc_pax, None, 0.8, 3564.93, 21, 1, smm_btc, 155021421701, True
btc_pax, None, 0.8, 3584.31, 23, 1, smm_btc, 155021421702, True
btc_pax, None, 0.8, 3572.92, 21, 1, smm_btc, 155021422305, False
btc_pax, None, 0.8, 3578.26, 23, 1, smm_btc, 155021422306, False
btc_pax, None, 0.8, 3572.92, 21, 1, smm_btc, 155021422305, True
btc_pax, None, 0.8, 3578.26, 23, 1, smm_btc, 155021422306, True
btc_pax, None, 0.8, 3572.14, 21, 1, smm_btc, 155021425309, False
btc_pax, None, 0.8, 3576.63, 23, 1, smm_btc, 155021425310, False
btc_pax, None, 0.8, 3572.14, 21, 1, smm_btc, 155021425309, True
btc_pax, None, 0.8, 3572.18, 21, 1, smm_btc, 155021427512, False
btc_pax, None, 0.8, 3576.63, 23, 1, smm_btc, 155021425310, True
btc_pax, None, 0.8, 3573.93, 23, 1, smm_btc, 155021428514, False
btc_pax, None, 0.8, 3572.18, 21, 1, smm_btc, 155021427512, True
btc_pax, None, 0.8, 3573.93, 23, 1, smm_btc, 155021428514, True
btc_pax, None, 0.8, 3573.98, 23, 1, smm_btc, 155021429617, False
btc_pax, None, 0.8, 3572.06, 21, 1, smm_btc, 155021429918, False
btc_pax, None, 0.8, 3573.98, 23, 1, smm_btc, 155021429617, True
btc_pax, None, 0.8, 3572.06, 21, 1, smm_btc, 155021429918, True
btc_pax, None, 0.8, 3573.96, 23, 1, smm_btc, 155021430621, False
btc_pax, None, 0.8, 3572.08, 21, 1, smm_btc, 155021430922, False
btc_pax, None, 0.8, 3572.08, 21, 1, smm_btc, 155021430922, True
btc_pax, None, 0.8, 3573.96, 23, 1, smm_btc, 155021430621, True
btc_pax, None, 0.8, 3572.11, 21, 1, smm_btc, 155021431625, False
btc_pax, None, 0.8, 3573.93, 23, 1, smm_btc, 155021431626, False
btc_pax, None, 0.8, 3573.93, 23, 1, smm_btc, 155021431626, True
btc_pax, None, 0.8, 3572.61, 23, 1, smm_btc, 155021434228, False
btc_pax, None, 0.8, 3560.43, 21, 1, smm_btc, 155021434229, False
btc_pax, None, 0.8, 3572.61, 23, 1, smm_btc, 155021434228, True
btc_pax, None, 0.8, 3560.43, 21, 1, smm_btc, 155021434229, True
btc_pax, None, 0.8, 3572.49, 23, 1, smm_btc, 155021434832, False
btc_pax, None, 0.8, 3561.15, 21, 1, smm_btc, 155021434833, False
btc_pax, None, 0.8, 3572.49, 23, 1, smm_btc, 155021434832, True
btc_pax, None, 0.8, 3572.39, 23, 1, smm_btc, 155021435435, False
btc_pax, None, 0.8, 3561.15, 21, 1, smm_btc, 155021434833, True
btc_pax, None, 0.8, 3572.39, 23, 1, smm_btc, 155021435435, True
btc_pax, None, 0.8, 3560.43, 21, 1, smm_btc, 155021435738, False
btc_pax, None, 0.8, 3572.35, 23, 1, smm_btc, 155021436039, False
btc_pax, None, 0.8, 3572.35, 23, 1, smm_btc, 155021436039, True
btc_pax, None, 0.8, 3572.33, 23, 1, smm_btc, 155021436641, False
btc_pax, None, 0.8, 3572.33, 23, 1, smm_btc, 155021436641, True
btc_pax, None, 0.8, 3573.92, 23, 1, smm_btc, 155021438243, False
btc_pax, None, 0.8, 3560.43, 21, 1, smm_btc, 155021435738, True
btc_pax, None, 0.8, 3573.92, 23, 1, smm_btc, 155021438243, True
btc_pax, None, 0.8, 3561.77, 21, 1, smm_btc, 155021438546, False
btc_pax, None, 0.8, 3573.92, 23, 1, smm_btc, 155021438847, False
btc_pax, None, 0.8, 3573.92, 23, 1, smm_btc, 155021438847, True
btc_pax, None, 0.8, 3573.92, 23, 1, smm_btc, 155021439449, False
btc_pax, None, 0.8, 3561.77, 21, 1, smm_btc, 155021438546, True
btc_pax, None, 0.8, 3573.92, 23, 1, smm_btc, 155021439449, True
btc_pax, None, 0.8, 3561.77, 21, 1, smm_btc, 155021439952, False
btc_pax, None, 0.8, 3573.92, 23, 1, smm_btc, 155021440253, False
btc_pax, None, 0.8, 3561.77, 21, 1, smm_btc, 155021439952, True
btc_pax, None, 0.8, 3573.92, 23, 1, smm_btc, 155021440253, True
btc_pax, None, 0.8, 3561.99, 21, 1, smm_btc, 155021440556, False
btc_pax, None, 0.8, 3573.92, 23, 1, smm_btc, 155021440857, False
btc_pax, None, 0.8, 3573.92, 23, 1, smm_btc, 155021440857, True
btc_pax, None, 0.8, 3573.87, 23, 1, smm_btc, 155021441759, False
btc_pax, None, 0.8, 3561.99, 21, 1, smm_btc, 155021440556, True
btc_pax, None, 0.8, 3573.87, 23, 1, smm_btc, 155021441759, True
btc_pax, None, 0.8, 3561.77, 21, 1, smm_btc, 155021442162, False
btc_pax, None, 0.8, 3573.92, 23, 1, smm_btc, 155021442463, False
btc_pax, None, 0.8, 3573.92, 23, 1, smm_btc, 155021442463, True
btc_pax, None, 0.8, 3561.77, 21, 1, smm_btc, 155021442162, True
btc_pax, None, 0.8, 3573.86, 23, 1, smm_btc, 155021443066, False
btc_pax, None, 0.8, 3560.97, 21, 1, smm_btc, 155021443067, False
btc_pax, None, 0.8, 3573.86, 23, 1, smm_btc, 155021443066, True
btc_pax, None, 0.8, 3560.97, 21, 1, smm_btc, 155021443067, True
btc_pax, None, 0.8, 3573.83, 23, 1, smm_btc, 155021443770, False
btc_pax, None, 0.8, 3561.77, 21, 1, smm_btc, 155021443771, False
btc_pax, None, 0.8, 3573.83, 23, 1, smm_btc, 155021443770, True
btc_pax, None, 0.8, 3573.76, 23, 1, smm_btc, 155021444373, False
btc_pax, None, 0.8, 3561.77, 21, 1, smm_btc, 155021443771, True
btc_pax, None, 0.8, 3573.76, 23, 1, smm_btc, 155021444373, True
btc_pax, None, 0.8, 3561.73, 21, 1, smm_btc, 155021444676, False
btc_pax, None, 0.8, 3573.61, 23, 1, smm_btc, 155021444977, False
btc_pax, None, 0.8, 3573.61, 23, 1, smm_btc, 155021444977, True
btc_pax, None, 0.8, 3561.73, 21, 1, smm_btc, 155021444676, True
btc_pax, None, 0.8, 3573.59, 23, 1, smm_btc, 155021445580, False
btc_pax, None, 0.8, 3561.73, 21, 1, smm_btc, 155021445581, False
btc_pax, None, 0.8, 3573.59, 23, 1, smm_btc, 155021445580, True
btc_pax, None, 0.8, 3573.51, 23, 1, smm_btc, 155021446183, False
btc_pax, None, 0.8, 3573.51, 23, 1, smm_btc, 155021446183, True
btc_pax, None, 0.8, 3561.73, 21, 1, smm_btc, 155021445581, True
btc_pax, None, 0.8, 3573.33, 23, 1, smm_btc, 155021446786, False
btc_pax, None, 0.8, 3561.73, 21, 1, smm_btc, 155021446787, False
btc_pax, None, 0.8, 3573.33, 23, 1, smm_btc, 155021446786, True
btc_pax, None, 0.8, 3561.73, 21, 1, smm_btc, 155021446787, True
btc_pax, None, 0.8, 3573.07, 23, 1, smm_btc, 155021447490, False
btc_pax, None, 0.8, 3560.43, 21, 1, smm_btc, 155021447491, False
btc_pax, None, 0.8, 3573.07, 23, 1, smm_btc, 155021447490, True
btc_pax, None, 0.8, 3573.02, 23, 1, smm_btc, 155021448193, False
btc_pax, None, 0.8, 3560.43, 21, 1, smm_btc, 155021447491, True
btc_pax, None, 0.8, 3573.02, 23, 1, smm_btc, 155021448193, True
btc_pax, None, 0.8, 3561.73, 21, 1, smm_btc, 155021448496, False
btc_pax, None, 0.8, 3572.85, 23, 1, smm_btc, 155021448797, False
btc_pax, None, 0.8, 3572.85, 23, 1, smm_btc, 155021448797, True
btc_pax, None, 0.8, 3561.73, 21, 1, smm_btc, 155021448496, True
btc_pax, None, 0.8, 3572.82, 23, 1, smm_btc, 155021449400, False
btc_pax, None, 0.8, 3560.43, 21, 1, smm_btc, 155021449401, False
btc_pax, None, 0.8, 3572.82, 23, 1, smm_btc, 155021449400, True
btc_pax, None, 0.8, 3573.83, 23, 1, smm_btc, 155021450003, False
btc_pax, None, 0.8, 3560.43, 21, 1, smm_btc, 155021449401, True
btc_pax, None, 0.8, 3573.83, 23, 1, smm_btc, 155021450003, True
btc_pax, None, 0.8, 3561.73, 21, 1, smm_btc, 155021450306, False
btc_pax, None, 0.8, 3573.58, 23, 1, smm_btc, 155021451107, False
btc_pax, None, 0.8, 3573.58, 23, 1, smm_btc, 155021451107, True
btc_pax, None, 0.8, 3573.32, 23, 1, smm_btc, 155021451709, False
btc_pax, None, 0.8, 3573.32, 23, 1, smm_btc, 155021451709, True
btc_pax, None, 0.8, 3561.73, 21, 1, smm_btc, 155021450306, True
btc_pax, None, 0.8, 3573.24, 23, 1, smm_btc, 155021452412, False
btc_pax, None, 0.8, 3561.77, 21, 1, smm_btc, 155021452413, False
btc_pax, None, 0.8, 3573.24, 23, 1, smm_btc, 155021452412, True
btc_pax, None, 0.8, 3573.1, 23, 1, smm_btc, 155021453715, False
btc_pax, None, 0.8, 3573.1, 23, 1, smm_btc, 155021453715, True
btc_pax, None, 0.8, 3573.05, 23, 1, smm_btc, 155021454417, False
btc_pax, None, 0.8, 3573.05, 23, 1, smm_btc, 155021454417, True
btc_pax, None, 0.8, 3561.77, 21, 1, smm_btc, 155021452413, True
btc_pax, None, 0.8, 3572.9, 23, 1, smm_btc, 155021455020, False
btc_pax, None, 0.8, 3561.73, 21, 1, smm_btc, 155021455021, False
btc_pax, None, 0.8, 3572.9, 23, 1, smm_btc, 155021455020, True
btc_pax, None, 0.8, 3572.86, 23, 1, smm_btc, 155021455723, False
btc_pax, None, 0.8, 3561.73, 21, 1, smm_btc, 155021455021, True
btc_pax, None, 0.8, 3572.86, 23, 1, smm_btc, 155021455723, True
btc_pax, None, 0.8, 3561.77, 21, 1, smm_btc, 155021456026, False
btc_pax, None, 0.538301, 3573.35, 23, 1, smm_btc, 155021456327, False
btc_pax, None, 0.538301, 3573.35, 23, 1, smm_btc, 155021456327, True
btc_pax, None, 0.8, 3561.77, 21, 1, smm_btc, 155021456026, True
btc_pax, None, 0.538301, 3573.29, 23, 1, smm_btc, 155021457030, False
btc_pax, None, 0.8, 3561.77, 21, 1, smm_btc, 155021457031, False
btc_pax, None, 0.538301, 3573.29, 23, 1, smm_btc, 155021457030, True
btc_pax, None, 0.538301, 3573.32, 23, 1, smm_btc, 155021457633, False
btc_pax, None, 0.8, 3561.77, 21, 1, smm_btc, 155021457031, True
btc_pax, None, 0.538301, 3573.32, 23, 1, smm_btc, 155021457633, True
btc_pax, None, 0.8, 3561.73, 21, 1, smm_btc, 155021458136, False
btc_pax, None, 0.538301, 3573.3, 23, 1, smm_btc, 155021458437, False
btc_pax, None, 0.538301, 3573.3, 23, 1, smm_btc, 155021458437, True
btc_pax, None, 0.8, 3561.73, 21, 1, smm_btc, 155021458136, True
btc_pax, None, 0.172473, 3573.44, 23, 1, smm_btc, 155021459340, False
btc_pax, None, 0.8, 3570.0, 21, 1, smm_btc, 155021459641, False
btc_pax, None, 0.172473, 3573.44, 23, 1, smm_btc, 155021459340, True
btc_pax, None, 0.8, 3570.0, 21, 1, smm_btc, 155021459641, True
btc_pax, None, 0.172473, 3573.41, 23, 1, smm_btc, 155021459944, False
btc_pax, None, 0.8, 3570.0, 21, 1, smm_btc, 155021460245, False
btc_pax, None, 0.8, 3570.0, 21, 1, smm_btc, 155021460245, True
btc_pax, None, 0.8, 3570.0, 21, 1, smm_btc, 155021460947, False
btc_pax, None, 0.8, 3570.0, 21, 1, smm_btc, 155021460947, True
btc_pax, None, 0.8, 3570.0, 21, 1, smm_btc, 155021461549, False
btc_pax, None, 0.8, 3570.0, 21, 1, smm_btc, 155021461549, True
btc_pax, None, 0.8, 3569.32, 21, 1, smm_btc, 155021462451, False
btc_pax, None, 0.8, 3569.32, 21, 1, smm_btc, 155021462451, True
btc_pax, None, 0.8, 3570.45, 21, 1, smm_btc, 155021467353, False
btc_pax, None, 0.8, 3570.45, 21, 1, smm_btc, 155021467353, True
btc_pax, None, 0.8, 3569.32, 21, 1, smm_btc, 155021467955, False
btc_pax, None, 0.8, 3569.32, 21, 1, smm_btc, 155021467955, True
btc_pax, None, 0.8, 3569.32, 21, 1, smm_btc, 155021468557, False
btc_pax, None, 0.8, 3569.32, 21, 1, smm_btc, 155021468557, True
btc_pax, None, 0.8, 3569.32, 21, 1, smm_btc, 155021469359, False
btc_pax, None, 0.8, 3569.32, 21, 1, smm_btc, 155021469359, True
btc_pax, None, 0.8, 3569.32, 21, 1, smm_btc, 155021470261, False
btc_pax, None, 0.8, 3569.32, 21, 1, smm_btc, 155021470261, True
btc_pax, None, 0.8, 3569.72, 21, 1, smm_btc, 155021472163, False
btc_pax, None, 0.8, 3569.72, 21, 1, smm_btc, 155021472163, True
btc_pax, None, 0.8, 3570.41, 21, 1, smm_btc, 155021473365, False
btc_pax, None, 0.8, 3570.41, 21, 1, smm_btc, 155021473365, True
btc_pax, None, 0.8, 3571.18, 21, 1, smm_btc, 155021474267, False
btc_pax, None, 0.8, 3571.18, 21, 1, smm_btc, 155021474267, True
btc_pax, None, 0.8, 3572.35, 21, 1, smm_btc, 155021475669, False
btc_pax, None, 0.172473, 3573.41, 23, 1, smm_btc, 155021459944, True
btc_pax, None, 0.172473, 3573.93, 23, 1, smm_btc, 155021477271, False
btc_pax, None, 0.172473, 3573.93, 23, 1, smm_btc, 155021477271, True
btc_pax, None, 0.8, 3572.35, 21, 1, smm_btc, 155021475669, True
btc_pax, None, 0.172473, 3573.97, 23, 1, smm_btc, 155021477974, False
btc_pax, None, 0.8, 3572.32, 21, 1, smm_btc, 155021478275, False
btc_pax, None, 0.172473, 3573.97, 23, 1, smm_btc, 155021477974, True
btc_pax, None, 0.8, 3572.32, 21, 1, smm_btc, 155021478275, True
btc_pax, None, 0.172473, 3573.93, 23, 1, smm_btc, 155021478778, False
btc_pax, None, 0.8, 3572.35, 21, 1, smm_btc, 155021479379, False
btc_pax, None, 0.8, 3572.35, 21, 1, smm_btc, 155021479379, True
btc_pax, None, 0.172473, 3573.93, 23, 1, smm_btc, 155021478778, True
btc_pax, None, 0.8, 3572.31, 21, 1, smm_btc, 155021480282, False
btc_pax, None, 0.172473, 3573.97, 23, 1, smm_btc, 155021480283, False
btc_pax, None, 0.8, 3572.31, 21, 1, smm_btc, 155021480282, True
btc_pax, None, 0.172473, 3573.97, 23, 1, smm_btc, 155021480283, True
btc_pax, None, 0.172473, 3573.96, 23, 1, smm_btc, 155021481386, False
btc_pax, None, 0.8, 3573.06, 21, 1, smm_btc, 155021482087, False
btc_pax, None, 0.8, 3573.06, 21, 1, smm_btc, 155021482087, True
btc_pax, None, 0.8, 3573.01, 21, 1, smm_btc, 155021482789, False
btc_pax, None, 0.8, 3573.01, 21, 1, smm_btc, 155021482789, True
btc_pax, None, 0.172473, 3573.96, 23, 1, smm_btc, 155021481386, True
btc_pax, None, 0.172473, 3573.93, 23, 1, smm_btc, 155021484092, False
btc_pax, None, 0.8, 3571.58, 21, 1, smm_btc, 155021484393, False
btc_pax, None, 0.8, 3571.58, 21, 1, smm_btc, 155021484393, True
btc_pax, None, 0.8, 3572.39, 21, 1, smm_btc, 155021485895, False
btc_pax, None, 0.8, 3572.39, 21, 1, smm_btc, 155021485895, True
btc_pax, None, 0.172473, 3573.93, 23, 1, smm_btc, 155021484092, True
btc_pax, None, 0.8, 3572.36, 21, 1, smm_btc, 155021486598, False
btc_pax, None, 0.172473, 3573.96, 23, 1, smm_btc, 155021486599, False
btc_pax, None, 0.8, 3572.36, 21, 1, smm_btc, 155021486598, True
btc_pax, None, 0.172473, 3573.96, 23, 1, smm_btc, 155021486599, True
btc_pax, None, 0.172473, 3573.93, 23, 1, smm_btc, 155021490702, False
btc_pax, None, 0.172473, 3573.93, 23, 1, smm_btc, 155021490702, True
btc_pax, None, 0.8, 3572.36, 21, 1, smm_btc, 155021491404, False
btc_pax, None, 0.172473, 3573.96, 23, 1, smm_btc, 155021491405, False
btc_pax, None, 0.8, 3572.36, 21, 1, smm_btc, 155021491404, True
btc_pax, None, 0.172473, 3573.96, 23, 1, smm_btc, 155021491405, True
btc_pax, None, 0.8, 3572.39, 21, 1, smm_btc, 155021492408, False
btc_pax, None, 0.172473, 3573.93, 23, 1, smm_btc, 155021492409, False
btc_pax, None, 0.8, 3572.39, 21, 1, smm_btc, 155021492408, True
btc_pax, None, 0.8, 3571.1, 21, 1, smm_btc, 155021493411, False
btc_pax, None, 0.8, 3571.1, 21, 1, smm_btc, 155021493411, True
btc_pax, None, 0.8, 3572.37, 21, 1, smm_btc, 155021495113, False
btc_pax, None, 0.8, 3572.37, 21, 1, smm_btc, 155021495113, True
btc_pax, None, 0.172473, 3573.93, 23, 1, smm_btc, 155021492409, True
btc_pax, None, 0.8, 3572.34, 21, 1, smm_btc, 155021499716, False
btc_pax, None, 0.172473, 3573.96, 23, 1, smm_btc, 155021499717, False
btc_pax, None, 0.8, 3572.34, 21, 1, smm_btc, 155021499716, True
btc_pax, None, 0.172473, 3573.96, 23, 1, smm_btc, 155021499717, True
btc_pax, None, 0.8, 3572.33, 21, 1, smm_btc, 155021500520, False
btc_pax, None, 0.172473, 3573.97, 23, 1, smm_btc, 155021500521, False
btc_pax, None, 0.8, 3572.33, 21, 1, smm_btc, 155021500520, True
btc_pax, None, 0.172473, 3573.97, 23, 1, smm_btc, 155021500521, True
btc_pax, None, 0.8, 3572.34, 21, 1, smm_btc, 155021501224, False
btc_pax, None, 0.172473, 3573.96, 23, 1, smm_btc, 155021501225, False
btc_pax, None, 0.8, 3572.34, 21, 1, smm_btc, 155021501224, True
btc_pax, None, 0.172473, 3573.96, 23, 1, smm_btc, 155021501225, True
btc_pax, None, 0.8, 3572.37, 21, 1, smm_btc, 155021502128, False
btc_pax, None, 0.172473, 3573.93, 23, 1, smm_btc, 155021502129, False
btc_pax, None, 0.8, 3572.37, 21, 1, smm_btc, 155021502128, True
btc_pax, None, 0.172473, 3573.93, 23, 1, smm_btc, 155021502129, True
btc_pax, None, 0.8, 3572.32, 21, 1, smm_btc, 155021506032, False
btc_pax, None, 0.172473, 3573.98, 23, 1, smm_btc, 155021506033, False
btc_pax, None, 0.8, 3572.32, 21, 1, smm_btc, 155021506032, True
btc_pax, None, 0.172473, 3573.98, 23, 1, smm_btc, 155021506033, True
btc_pax, None, 0.8, 3572.37, 21, 1, smm_btc, 155021507436, False
btc_pax, None, 0.172473, 3573.93, 23, 1, smm_btc, 155021507437, False
btc_pax, None, 0.172473, 3573.93, 23, 1, smm_btc, 155021507437, True
btc_pax, None, 0.8, 3572.37, 21, 1, smm_btc, 155021507436, True
btc_pax, None, 0.172473, 3583.1, 23, 1, smm_btc, 155021510140, False
btc_pax, None, 0.8, 3571.07, 21, 1, smm_btc, 155021510541, False
btc_pax, None, 0.172473, 3583.1, 23, 1, smm_btc, 155021510140, True
btc_pax, None, 0.172473, 3573.96, 23, 1, smm_btc, 155021510943, False
btc_pax, None, 0.8, 3571.07, 21, 1, smm_btc, 155021510541, True
btc_pax, None, 0.172473, 3573.96, 23, 1, smm_btc, 155021510943, True
btc_pax, None, 0.8, 3571.1, 21, 1, smm_btc, 155021512046, False
btc_pax, None, 0.172473, 3573.93, 23, 1, smm_btc, 155021512047, False
btc_pax, None, 0.8, 3571.1, 21, 1, smm_btc, 155021512046, True
btc_pax, None, 0.172473, 3573.93, 23, 1, smm_btc, 155021512047, True
btc_pax, None, 0.8, 3571.07, 21, 1, smm_btc, 155021515050, False
btc_pax, None, 0.172473, 3573.96, 23, 1, smm_btc, 155021515051, False
btc_pax, None, 0.8, 3571.07, 21, 1, smm_btc, 155021515050, True
btc_pax, None, 0.172473, 3573.96, 23, 1, smm_btc, 155021515051, True
btc_pax, None, 0.8, 3571.1, 21, 1, smm_btc, 155021517354, False
btc_pax, None, 0.172473, 3573.93, 23, 1, smm_btc, 155021517355, False
btc_pax, None, 0.8, 3571.1, 21, 1, smm_btc, 155021517354, True
btc_pax, None, 0.8, 3568.44, 21, 1, smm_btc, 155021518957, False
btc_pax, None, 0.172473, 3573.93, 23, 1, smm_btc, 155021517355, True
btc_pax, None, 0.172473, 3573.8, 23, 1, smm_btc, 155021519959, False
btc_pax, None, 0.8, 3568.44, 21, 1, smm_btc, 155021518957, True
btc_pax, None, 0.172473, 3573.8, 23, 1, smm_btc, 155021519959, True
btc_pax, None, 0.8, 3568.47, 21, 1, smm_btc, 155021521262, False
btc_pax, None, 0.172473, 3573.77, 23, 1, smm_btc, 155021521263, False
btc_pax, None, 0.8, 3568.47, 21, 1, smm_btc, 155021521262, True
btc_pax, None, 0.8, 3571.1, 21, 1, smm_btc, 155021527965, False
btc_pax, None, 0.8, 3571.1, 21, 1, smm_btc, 155021527965, True
btc_pax, None, 0.8, 3571.1, 21, 1, smm_btc, 155021529767, False
btc_pax, None, 0.8, 3571.1, 21, 1, smm_btc, 155021529767, True
btc_pax, None, 0.8, 3568.47, 21, 1, smm_btc, 155021531769, False
btc_pax, None, 0.8, 3568.47, 21, 1, smm_btc, 155021531769, True
btc_pax, None, 0.8, 3571.1, 21, 1, smm_btc, 155021532671, False
btc_pax, None, 0.8, 3571.1, 21, 1, smm_btc, 155021532671, True
btc_pax, None, 0.172473, 3573.77, 23, 1, smm_btc, 155021521263, True
btc_pax, None, 0.8, 3571.1, 21, 1, smm_btc, 155021537574, False
btc_pax, None, 0.172473, 3573.77, 23, 1, smm_btc, 155021537575, False
btc_pax, None, 0.172473, 3573.77, 23, 1, smm_btc, 155021537575, True
btc_pax, None, 0.8, 3571.1, 21, 1, smm_btc, 155021537574, True
btc_pax, None, 0.172473, 3573.96, 23, 1, smm_btc, 155021542878, False
btc_pax, None, 0.8, 3571.06, 21, 1, smm_btc, 155021543079, False
btc_pax, None, 0.172473, 3573.96, 23, 1, smm_btc, 155021542878, True
btc_pax, None, 0.8, 3571.06, 21, 1, smm_btc, 155021543079, True
btc_pax, None, 0.172473, 3573.96, 23, 1, smm_btc, 155021543482, False
btc_pax, None, 0.8, 3571.1, 21, 1, smm_btc, 155021543683, False
btc_pax, None, 0.172473, 3573.96, 23, 1, smm_btc, 155021543482, True
btc_pax, None, 0.172473, 3573.93, 23, 1, smm_btc, 155021544085, False
btc_pax, None, 0.8, 3571.1, 21, 1, smm_btc, 155021543683, True
btc_pax, None, 0.8, 3571.09, 21, 1, smm_btc, 155021550187, False
btc_pax, None, 0.8, 3571.09, 21, 1, smm_btc, 155021550187, True
btc_pax, None, 0.8, 3568.75, 21, 1, smm_btc, 155021553989, False
btc_pax, None, 0.8, 3568.75, 21, 1, smm_btc, 155021553989, True
btc_pax, None, 0.172473, 3573.93, 23, 1, smm_btc, 155021544085, True
btc_pax, None, 0.8, 3568.71, 21, 1, smm_btc, 155021557292, False
btc_pax, None, 0.172473, 3573.97, 23, 1, smm_btc, 155021557293, False
btc_pax, None, 0.8, 3568.71, 21, 1, smm_btc, 155021557292, True
btc_pax, None, 0.172473, 3573.97, 23, 1, smm_btc, 155021557293, True
btc_pax, None, 0.8, 3572.03, 21, 1, smm_btc, 155021558196, False
btc_pax, None, 0.172473, 3573.96, 23, 1, smm_btc, 155021558197, False
btc_pax, None, 0.8, 3572.03, 21, 1, smm_btc, 155021558196, True
btc_pax, None, 0.172473, 3573.96, 23, 1, smm_btc, 155021558197, True
btc_pax, None, 0.8, 3569.58, 21, 1, smm_btc, 155021559300, False
btc_pax, None, 0.172473, 3573.93, 23, 1, smm_btc, 155021559301, False
btc_pax, None, 0.8, 3569.58, 21, 1, smm_btc, 155021559300, True
btc_pax, None, 0.172473, 3573.93, 23, 1, smm_btc, 155021559301, True
btc_pax, None, 0.8, 3569.55, 21, 1, smm_btc, 155021560904, False
btc_pax, None, 0.172473, 3573.96, 23, 1, smm_btc, 155021560905, False
btc_pax, None, 0.8, 3569.55, 21, 1, smm_btc, 155021560904, True
btc_pax, None, 0.172473, 3573.96, 23, 1, smm_btc, 155021560905, True
btc_pax, None, 0.8, 3569.58, 21, 1, smm_btc, 155021562708, False
btc_pax, None, 0.172473, 3573.93, 23, 1, smm_btc, 155021562709, False
btc_pax, None, 0.8, 3569.58, 21, 1, smm_btc, 155021562708, True
btc_pax, None, 0.8, 3570.46, 21, 1, smm_btc, 155021566611, False
btc_pax, None, 0.8, 3570.46, 21, 1, smm_btc, 155021566611, True
btc_pax, None, 0.8, 3571.99, 21, 1, smm_btc, 155021569113, False
btc_pax, None, 0.8, 3571.99, 21, 1, smm_btc, 155021569113, True
btc_pax, None, 0.8, 3569.58, 21, 1, smm_btc, 155021570215, False
btc_pax, None, 0.8, 3569.58, 21, 1, smm_btc, 155021570215, True
btc_pax, None, 0.172473, 3573.93, 23, 1, smm_btc, 155021562709, True
btc_pax, None, 0.8, 3569.55, 21, 1, smm_btc, 155021571418, False
btc_pax, None, 0.172473, 3573.96, 23, 1, smm_btc, 155021571419, False
btc_pax, None, 0.8, 3569.55, 21, 1, smm_btc, 155021571418, True
btc_pax, None, 0.172473, 3573.96, 23, 1, smm_btc, 155021571419, True
btc_pax, None, 0.8, 3571.95, 21, 1, smm_btc, 155021572422, False
btc_pax, None, 0.172473, 3573.93, 23, 1, smm_btc, 155021572423, False
btc_pax, None, 0.8, 3571.95, 21, 1, smm_btc, 155021572422, True
btc_pax, None, 0.172473, 3573.93, 23, 1, smm_btc, 155021572423, True
btc_pax, None, 0.8, 3572.69, 21, 1, smm_btc, 155021576226, False
btc_pax, None, 0.172473, 3573.96, 23, 1, smm_btc, 155021576227, False
btc_pax, None, 0.8, 3572.69, 21, 1, smm_btc, 155021576226, True
btc_pax, None, 0.172473, 3573.96, 23, 1, smm_btc, 155021576227, True
btc_pax, None, 0.8, 3572.72, 21, 1, smm_btc, 155021578330, False
btc_pax, None, 0.172473, 3573.93, 23, 1, smm_btc, 155021578331, False
btc_pax, None, 0.8, 3572.72, 21, 1, smm_btc, 155021578330, True
btc_pax, None, 0.172473, 3573.93, 23, 1, smm_btc, 155021578331, True
btc_pax, None, 0.8, 3572.69, 21, 1, smm_btc, 155021580434, False
btc_pax, None, 0.172473, 3573.96, 23, 1, smm_btc, 155021580435, False
btc_pax, None, 0.8, 3572.69, 21, 1, smm_btc, 155021580434, True
btc_pax, None, 0.172473, 3573.96, 23, 1, smm_btc, 155021580435, True
btc_pax, None, 0.8, 3572.7, 21, 1, smm_btc, 155021582238, False
btc_pax, None, 0.172473, 3573.91, 23, 1, smm_btc, 155021582539, False
btc_pax, None, 0.8, 3563.46, 21, 1, smm_btc, 155021582840, False
btc_pax, None, 0.8, 3573.91, 23, 1, smm_btc, 155021583241, False
btc_pax, None, 0.8, 3563.46, 21, 1, smm_btc, 155021582840, True
btc_pax, None, 0.8, 3563.95, 21, 1, smm_btc, 155021583543, False
btc_pax, None, 0.8, 3563.95, 21, 1, smm_btc, 155021583543, True
btc_pax, None, 0.8, 3571.81, 21, 1, smm_btc, 155021584445, False
btc_pax, None, 0.8, 3573.96, 23, 1, smm_btc, 155021584446, False
btc_pax, None, 0.8, 3571.81, 21, 1, smm_btc, 155021584445, True
btc_pax, None, 0.8, 3571.88, 21, 1, smm_btc, 155021585248, False
btc_pax, None, 0.8, 3573.96, 23, 1, smm_btc, 155021584446, True
btc_pax, None, 0.8, 3573.93, 23, 1, smm_btc, 155021585550, False
btc_pax, None, 0.8, 3571.88, 21, 1, smm_btc, 155021585248, True
btc_pax, None, 0.8, 3571.91, 21, 1, smm_btc, 155021586252, False
btc_pax, None, 0.8, 3571.91, 21, 1, smm_btc, 155021586252, True
btc_pax, None, 0.8, 3573.93, 23, 1, smm_btc, 155021585550, True
btc_pax, None, 0.8, 3573.93, 23, 1, smm_btc, 155021588955, False
btc_pax, None, 0.8, 3573.41, 21, 1, smm_btc, 155021589256, False
btc_pax, None, 0.8, 3573.41, 21, 1, smm_btc, 155021589256, True
btc_pax, None, 0.8, 3573.93, 23, 1, smm_btc, 155021588955, True
btc_pax, None, 0.8, 3573.38, 21, 1, smm_btc, 155021591259, False
btc_pax, None, 0.8, 3575.46, 23, 1, smm_btc, 155021591260, False
btc_pax, None, 0.8, 3575.46, 23, 1, smm_btc, 155021591260, True
btc_pax, None, 0.8, 3575.2, 23, 1, smm_btc, 155021594762, False
btc_pax, None, 0.8, 3575.2, 23, 1, smm_btc, 155021594762, True
btc_pax, None, 0.8, 3575.1, 23, 1, smm_btc, 155021597164, False
btc_pax, None, 0.8, 3573.38, 21, 1, smm_btc, 155021591259, True
btc_pax, None, 0.8, 3575.1, 23, 1, smm_btc, 155021597164, True
btc_pax, None, 0.8, 3574.11, 21, 1, smm_btc, 155021600567, False
btc_pax, None, 0.8, 3575.13, 23, 1, smm_btc, 155021600568, False
btc_pax, None, 0.8, 3574.11, 21, 1, smm_btc, 155021600567, True
btc_pax, None, 0.8, 3575.13, 23, 1, smm_btc, 155021600568, True
btc_pax, None, 0.8, 3574.14, 21, 1, smm_btc, 155021601571, False
btc_pax, None, 0.8, 3575.1, 23, 1, smm_btc, 155021601572, False
btc_pax, None, 0.8, 3574.14, 21, 1, smm_btc, 155021601571, True
btc_pax, None, 0.8, 3575.1, 23, 1, smm_btc, 155021601572, True
btc_pax, None, 0.8, 3574.11, 21, 1, smm_btc, 155021603675, False
btc_pax, None, 0.8, 3575.13, 23, 1, smm_btc, 155021603676, False
btc_pax, None, 0.8, 3574.11, 21, 1, smm_btc, 155021603675, True
btc_pax, None, 0.8, 3575.13, 23, 1, smm_btc, 155021603676, True
btc_pax, None, 0.8, 3574.11, 21, 1, smm_btc, 155021604279, False
btc_pax, None, 0.8, 3575.13, 23, 1, smm_btc, 155021604280, False
btc_pax, None, 0.8, 3574.11, 21, 1, smm_btc, 155021604279, True
btc_pax, None, 0.8, 3575.13, 23, 1, smm_btc, 155021604280, True
btc_pax, None, 0.8, 3574.14, 21, 1, smm_btc, 155021605683, False
btc_pax, None, 0.8, 3575.1, 23, 1, smm_btc, 155021605684, False
btc_pax, None, 0.8, 3575.1, 23, 1, smm_btc, 155021605684, True
btc_pax, None, 0.8, 3575.2, 23, 1, smm_btc, 155021613786, False
btc_pax, None, 0.8, 3575.2, 23, 1, smm_btc, 155021613786, True
btc_pax, None, 0.8, 3574.14, 21, 1, smm_btc, 155021605683, True
btc_pax, None, 0.8, 3575.23, 23, 1, smm_btc, 155021618389, False
btc_pax, None, 0.8, 3574.11, 21, 1, smm_btc, 155021618990, False
btc_pax, None, 0.8, 3574.11, 21, 1, smm_btc, 155021618990, True
btc_pax, None, 0.8, 3575.23, 23, 1, smm_btc, 155021618389, True
btc_pax, None, 0.8, 3574.14, 21, 1, smm_btc, 155021619793, False
btc_pax, None, 0.8, 3575.2, 23, 1, smm_btc, 155021619794, False
btc_pax, None, 0.8, 3574.14, 21, 1, smm_btc, 155021619793, True
btc_pax, None, 0.8, 3573.35, 21, 1, smm_btc, 155021621896, False
btc_pax, None, 0.8, 3575.2, 23, 1, smm_btc, 155021619794, True
btc_pax, None, 0.8, 3576.45, 23, 1, smm_btc, 155021624898, False
btc_pax, None, 0.8, 3573.35, 21, 1, smm_btc, 155021621896, True
btc_pax, None, 0.8, 3574.13, 21, 1, smm_btc, 155021629500, False
btc_pax, None, 0.8, 3574.13, 21, 1, smm_btc, 155021629500, True
btc_pax, None, 0.8, 3576.45, 23, 1, smm_btc, 155021624898, True
btc_pax, None, 0.8, 3574.09, 21, 1, smm_btc, 155021631303, False
btc_pax, None, 0.8, 3576.49, 23, 1, smm_btc, 155021631304, False
btc_pax, None, 0.8, 3574.09, 21, 1, smm_btc, 155021631303, True
btc_pax, None, 0.8, 3576.49, 23, 1, smm_btc, 155021631304, True
btc_pax, None, 0.8, 3574.13, 21, 1, smm_btc, 155021632707, False
btc_pax, None, 0.8, 3576.45, 23, 1, smm_btc, 155021632708, False
btc_pax, None, 0.8, 3574.13, 21, 1, smm_btc, 155021632707, True
btc_pax, None, 0.8, 3576.45, 23, 1, smm_btc, 155021632708, True
btc_pax, None, 0.8, 3575.42, 21, 1, smm_btc, 155021634211, False
btc_pax, None, 0.8, 3576.49, 23, 1, smm_btc, 155021634312, False
btc_pax, None, 0.8, 3575.42, 21, 1, smm_btc, 155021634211, True
btc_pax, None, 0.8, 3576.49, 23, 1, smm_btc, 155021634312, True
btc_pax, None, 0.8, 3574.1, 21, 1, smm_btc, 155021634915, False
btc_pax, None, 0.8, 3574.1, 21, 1, smm_btc, 155021634915, True
btc_pax, None, 0.8, 3576.45, 23, 1, smm_btc, 155021635317, False
btc_pax, None, 0.8, 3574.13, 21, 1, smm_btc, 155021635818, False
btc_pax, None, 0.8, 3574.13, 21, 1, smm_btc, 155021635818, True
btc_pax, None, 0.8, 3576.45, 23, 1, smm_btc, 155021635317, True
btc_pax, None, 0.8, 3574.09, 21, 1, smm_btc, 155021637021, False
btc_pax, None, 0.8, 3576.49, 23, 1, smm_btc, 155021637022, False
btc_pax, None, 0.8, 3574.09, 21, 1, smm_btc, 155021637021, True
btc_pax, None, 0.8, 3576.49, 23, 1, smm_btc, 155021637022, True
btc_pax, None, 0.8, 3574.13, 21, 1, smm_btc, 155021638725, False
btc_pax, None, 0.8, 3576.45, 23, 1, smm_btc, 155021638726, False
btc_pax, None, 0.8, 3574.13, 21, 1, smm_btc, 155021638725, True
btc_pax, None, 0.8, 3576.45, 23, 1, smm_btc, 155021638726, True
btc_pax, None, 0.8, 3572.78, 21, 1, smm_btc, 155021644129, False
btc_pax, None, 0.8, 3576.48, 23, 1, smm_btc, 155021644130, False
btc_pax, None, 0.8, 3572.78, 21, 1, smm_btc, 155021644129, True
btc_pax, None, 0.8, 3576.48, 23, 1, smm_btc, 155021644130, True
btc_pax, None, 0.8, 3574.87, 21, 1, smm_btc, 155021645033, False
btc_pax, None, 0.8, 3576.45, 23, 1, smm_btc, 155021645134, False
btc_pax, None, 0.8, 3574.87, 21, 1, smm_btc, 155021645033, True
btc_pax, None, 0.8, 3576.45, 23, 1, smm_btc, 155021645134, True
btc_pax, None, 0.8, 3575.58, 21, 1, smm_btc, 155021646137, False
btc_pax, None, 0.8, 3576.48, 23, 1, smm_btc, 155021646138, False
btc_pax, None, 0.8, 3575.58, 21, 1, smm_btc, 155021646137, True
btc_pax, None, 0.8, 3573.71, 21, 1, smm_btc, 155021647140, False
btc_pax, None, 0.8, 3573.71, 21, 1, smm_btc, 155021647140, True
btc_pax, None, 0.8, 3576.48, 23, 1, smm_btc, 155021646138, True
btc_pax, None, 0.8, 3573.71, 21, 1, smm_btc, 155021648143, False
btc_pax, None, 0.8, 3576.48, 23, 1, smm_btc, 155021648144, False
btc_pax, None, 0.8, 3573.71, 21, 1, smm_btc, 155021648143, True
btc_pax, None, 0.8, 3576.48, 23, 1, smm_btc, 155021648144, True
btc_pax, None, 0.8, 3573.74, 21, 1, smm_btc, 155021649447, False
btc_pax, None, 0.8, 3576.45, 23, 1, smm_btc, 155021649448, False
btc_pax, None, 0.8, 3573.74, 21, 1, smm_btc, 155021649447, True
btc_pax, None, 0.8, 3572.81, 21, 1, smm_btc, 155021650850, False
btc_pax, None, 0.8, 3576.45, 23, 1, smm_btc, 155021649448, True
btc_pax, None, 0.719519, 3577.89, 23, 1, smm_btc, 155021653252, False
btc_pax, None, 0.8, 3572.81, 21, 1, smm_btc, 155021650850, True
btc_pax, None, 0.719519, 3577.89, 23, 1, smm_btc, 155021653252, True
btc_pax, None, 0.8, 3574.2, 21, 1, smm_btc, 155021653855, False
btc_pax, None, 0.719519, 3577.89, 23, 1, smm_btc, 155021653856, False
btc_pax, None, 0.8, 3574.2, 21, 1, smm_btc, 155021653855, True
btc_pax, None, 0.719519, 3577.89, 23, 1, smm_btc, 155021653856, True
btc_pax, None, 0.8, 3572.81, 21, 1, smm_btc, 155021654559, False
btc_pax, None, 0.719519, 3577.86, 23, 1, smm_btc, 155021654560, False
btc_pax, None, 0.8, 3572.81, 21, 1, smm_btc, 155021654559, True
btc_pax, None, 0.719519, 3577.86, 23, 1, smm_btc, 155021654560, True
btc_pax, None, 0.8, 3572.78, 21, 1, smm_btc, 155021662863, False
btc_pax, None, 0.719519, 3577.89, 23, 1, smm_btc, 155021662864, False
btc_pax, None, 0.8, 3572.78, 21, 1, smm_btc, 155021662863, True
btc_pax, None, 0.8, 3572.81, 21, 1, smm_btc, 155021663866, False
btc_pax, None, 0.719519, 3577.89, 23, 1, smm_btc, 155021662864, True
btc_pax, None, 0.719519, 3577.86, 23, 1, smm_btc, 155021664168, False
btc_pax, None, 0.8, 3572.81, 21, 1, smm_btc, 155021663866, True
btc_pax, None, 0.8, 3574.44, 21, 1, smm_btc, 155021665570, False
btc_pax, None, 0.8, 3574.44, 21, 1, smm_btc, 155021665570, True
btc_pax, None, 0.8, 3572.81, 21, 1, smm_btc, 155021666672, False
btc_pax, None, 0.719519, 3577.86, 23, 1, smm_btc, 155021664168, True
btc_pax, None, 0.719519, 3577.26, 23, 1, smm_btc, 155021677874, False
btc_pax, None, 0.8, 3572.81, 21, 1, smm_btc, 155021666672, True
btc_pax, None, 0.8, 3573.05, 21, 1, smm_btc, 155021679276, False
btc_pax, None, 0.8, 3573.05, 21, 1, smm_btc, 155021679276, True
btc_pax, None, 0.8, 3573.27, 21, 1, smm_btc, 155021681078, False
btc_pax, None, 0.719519, 3577.26, 23, 1, smm_btc, 155021677874, True
btc_pax, None, 0.8, 3573.27, 21, 1, smm_btc, 155021681078, True
btc_pax, None, 0.719519, 3577.29, 23, 1, smm_btc, 155021685881, False
btc_pax, None, 0.8, 3573.24, 21, 1, smm_btc, 155021686182, False
btc_pax, None, 0.8, 3573.24, 21, 1, smm_btc, 155021686182, True
btc_pax, None, 0.719519, 3577.29, 23, 1, smm_btc, 155021685881, True
btc_pax, None, 0.719519, 3577.26, 23, 1, smm_btc, 155021686885, False
btc_pax, None, 0.8, 3572.81, 21, 1, smm_btc, 155021688086, False
btc_pax, None, 0.8, 3572.81, 21, 1, smm_btc, 155021688086, True
btc_pax, None, 0.8, 3573.53, 21, 1, smm_btc, 155021688888, False
btc_pax, None, 0.719519, 3577.26, 23, 1, smm_btc, 155021686885, True
btc_pax, None, 0.719519, 3577.31, 23, 1, smm_btc, 155021690890, False
btc_pax, None, 0.8, 3573.53, 21, 1, smm_btc, 155021688888, True
btc_pax, None, 0.719519, 3577.31, 23, 1, smm_btc, 155021690890, True
btc_pax, None, 0.719519, 3577.26, 23, 1, smm_btc, 155021691493, False
btc_pax, None, 0.8, 3573.3, 21, 1, smm_btc, 155021691794, False
btc_pax, None, 0.8, 3573.3, 21, 1, smm_btc, 155021691794, True
btc_pax, None, 0.719519, 3577.26, 23, 1, smm_btc, 155021691493, True
btc_pax, None, 0.8, 3573.26, 21, 1, smm_btc, 155021693797, False
btc_pax, None, 0.719519, 3577.3, 23, 1, smm_btc, 155021693798, False
btc_pax, None, 0.8, 3573.26, 21, 1, smm_btc, 155021693797, True
btc_pax, None, 0.8, 3573.71, 21, 1, smm_btc, 155021694300, False
btc_pax, None, 0.719519, 3577.3, 23, 1, smm_btc, 155021693798, True
btc_pax, None, 0.8, 3573.71, 21, 1, smm_btc, 155021694300, True
btc_pax, None, 0.719519, 3577.86, 23, 1, smm_btc, 155021694703, False
btc_pax, None, 0.8, 3573.74, 21, 1, smm_btc, 155021695004, False
btc_pax, None, 0.8, 3573.74, 21, 1, smm_btc, 155021695004, True
btc_pax, None, 0.8, 3573.3, 21, 1, smm_btc, 155021696506, False
btc_pax, None, 0.8, 3573.3, 21, 1, smm_btc, 155021696506, True
btc_pax, None, 0.8, 3573.27, 21, 1, smm_btc, 155021698408, False
btc_pax, None, 0.719519, 3577.86, 23, 1, smm_btc, 155021694703, True
btc_pax, None, 0.8, 3573.27, 21, 1, smm_btc, 155021698408, True
btc_pax, None, 0.719519, 3577.86, 23, 1, smm_btc, 155021699511, False
btc_pax, None, 0.8, 3573.3, 21, 1, smm_btc, 155021699812, False
btc_pax, None, 0.8, 3573.3, 21, 1, smm_btc, 155021699812, True
btc_pax, None, 0.719519, 3577.86, 23, 1, smm_btc, 155021699511, True
btc_pax, None, 0.8, 3573.27, 21, 1, smm_btc, 155021708815, False
btc_pax, None, 0.719519, 3576.74, 23, 1, smm_btc, 155021708816, False
btc_pax, None, 0.8, 3573.27, 21, 1, smm_btc, 155021708815, True
btc_pax, None, 0.719519, 3576.74, 23, 1, smm_btc, 155021708816, True
btc_pax, None, 0.8, 3573.3, 21, 1, smm_btc, 155021710919, False
btc_pax, None, 0.719519, 3576.71, 23, 1, smm_btc, 155021711020, False
btc_pax, None, 0.8, 3573.3, 21, 1, smm_btc, 155021710919, True
btc_pax, None, 0.719519, 3576.71, 23, 1, smm_btc, 155021711020, True
btc_pax, None, 0.8, 3573.27, 21, 1, smm_btc, 155021711723, False
btc_pax, None, 0.719519, 3576.74, 23, 1, smm_btc, 155021711724, False
btc_pax, None, 0.8, 3573.27, 21, 1, smm_btc, 155021711723, True
btc_pax, None, 0.719519, 3576.74, 23, 1, smm_btc, 155021711724, True
btc_pax, None, 0.8, 3573.3, 21, 1, smm_btc, 155021712627, False
btc_pax, None, 0.719519, 3576.71, 23, 1, smm_btc, 155021712628, False
btc_pax, None, 0.8, 3573.3, 21, 1, smm_btc, 155021712627, True
btc_pax, None, 0.719519, 3576.71, 23, 1, smm_btc, 155021712628, True
btc_pax, None, 0.8, 3573.27, 21, 1, smm_btc, 155021725931, False
btc_pax, None, 0.719519, 3576.74, 23, 1, smm_btc, 155021725932, False
btc_pax, None, 0.8, 3573.27, 21, 1, smm_btc, 155021725931, True
btc_pax, None, 0.719519, 3576.74, 23, 1, smm_btc, 155021725932, True
btc_pax, None, 0.8, 3573.3, 21, 1, smm_btc, 155021727235, False
btc_pax, None, 0.719519, 3576.71, 23, 1, smm_btc, 155021729936, False
btc_pax, None, 0.8, 3573.3, 21, 1, smm_btc, 155021727235, True
btc_pax, None, 0.8, 3573.25, 21, 1, smm_btc, 155021731338, False
btc_pax, None, 0.719519, 3576.71, 23, 1, smm_btc, 155021729936, True
btc_pax, None, 0.8, 3573.25, 21, 1, smm_btc, 155021731338, True
btc_pax, None, 0.8, 3573.3, 21, 1, smm_btc, 155021732241, False
btc_pax, None, 0.719519, 3576.71, 23, 1, smm_btc, 155021732642, False
btc_pax, None, 0.8, 3573.3, 21, 1, smm_btc, 155021732241, True
btc_pax, None, 0.719519, 3576.71, 23, 1, smm_btc, 155021732642, True
btc_pax, None, 0.719519, 3576.76, 23, 1, smm_btc, 155021736745, False
btc_pax, None, 0.719519, 3576.76, 23, 1, smm_btc, 155021736745, True
btc_pax, None, 0.719519, 3576.71, 23, 1, smm_btc, 155021737647, False
btc_pax, None, 0.719519, 3576.71, 23, 1, smm_btc, 155021737647, True
btc_pax, None, 0.8, 3575.34, 21, 1, smm_btc, 155021738249, False
btc_pax, None, 0.448175, 3586.53, 23, 1, smm_btc, 155021738350, False
btc_pax, None, 0.8, 3575.34, 21, 1, smm_btc, 155021738249, True
btc_pax, None, 0.8, 3575.36, 21, 1, smm_btc, 155021738952, False
btc_pax, None, 0.448175, 3586.53, 23, 1, smm_btc, 155021738350, True
btc_pax, None, 0.8, 3575.36, 21, 1, smm_btc, 155021738952, True
btc_pax, None, 0.448175, 3587.0, 23, 1, smm_btc, 155021739255, False
btc_pax, None, 0.8, 3575.38, 21, 1, smm_btc, 155021739556, False
btc_pax, None, 0.8, 3575.38, 21, 1, smm_btc, 155021739556, True
btc_pax, None, 0.448175, 3587.0, 23, 1, smm_btc, 155021739255, True
btc_pax, None, 0.8, 3575.4, 21, 1, smm_btc, 155021740159, False
btc_pax, None, 0.448175, 3587.3, 23, 1, smm_btc, 155021740160, False
btc_pax, None, 0.8, 3575.4, 21, 1, smm_btc, 155021740159, True
btc_pax, None, 0.448175, 3587.3, 23, 1, smm_btc, 155021740160, True
btc_pax, None, 0.8, 3575.42, 21, 1, smm_btc, 155021740863, False
btc_pax, None, 0.448175, 3587.48, 23, 1, smm_btc, 155021740864, False
btc_pax, None, 0.8, 3575.42, 21, 1, smm_btc, 155021740863, True
btc_pax, None, 0.448175, 3587.48, 23, 1, smm_btc, 155021740864, True
btc_pax, None, 0.8, 3575.44, 21, 1, smm_btc, 155021741567, False
btc_pax, None, 0.448175, 3586.53, 23, 1, smm_btc, 155021741568, False
btc_pax, None, 0.8, 3575.44, 21, 1, smm_btc, 155021741567, True
btc_pax, None, 0.448175, 3586.53, 23, 1, smm_btc, 155021741568, True
btc_pax, None, 0.8, 3575.8, 21, 1, smm_btc, 155021742171, False
btc_pax, None, 0.448175, 3586.53, 23, 1, smm_btc, 155021742172, False
btc_pax, None, 0.8, 3575.8, 21, 1, smm_btc, 155021742171, True
btc_pax, None, 0.8, 3576.17, 21, 1, smm_btc, 155021742774, False
btc_pax, None, 0.8, 3576.17, 21, 1, smm_btc, 155021742774, True
btc_pax, None, 0.8, 3576.27, 21, 1, smm_btc, 155021743676, False
btc_pax, None, 0.8, 3576.27, 21, 1, smm_btc, 155021743676, True
btc_pax, None, 0.448175, 3586.53, 23, 1, smm_btc, 155021742172, True
btc_pax, None, 0.8, 3576.42, 21, 1, smm_btc, 155021744379, False
btc_pax, None, 0.448175, 3587.3, 23, 1, smm_btc, 155021744380, False
btc_pax, None, 0.8, 3576.42, 21, 1, smm_btc, 155021744379, True
btc_pax, None, 0.448175, 3587.3, 23, 1, smm_btc, 155021744380, True
btc_pax, None, 0.8, 3576.56, 21, 1, smm_btc, 155021744983, False
btc_pax, None, 0.448175, 3587.16, 23, 1, smm_btc, 155021744984, False
btc_pax, None, 0.8, 3576.56, 21, 1, smm_btc, 155021744983, True
btc_pax, None, 0.8, 3576.64, 21, 1, smm_btc, 155021745586, False
btc_pax, None, 0.448175, 3587.16, 23, 1, smm_btc, 155021744984, True
btc_pax, None, 0.8, 3576.64, 21, 1, smm_btc, 155021745586, True
btc_pax, None, 0.448175, 3587.13, 23, 1, smm_btc, 155021745889, False
btc_pax, None, 0.78931, 3578.13, 21, 1, smm_btc, 155021746190, False
btc_pax, None, 0.448175, 3587.13, 23, 1, smm_btc, 155021745889, True
btc_pax, None, 0.448175, 3586.18, 23, 1, smm_btc, 155021747192, False
btc_pax, None, 0.448175, 3586.18, 23, 1, smm_btc, 155021747192, True
btc_pax, None, 0.448175, 3587.17, 23, 1, smm_btc, 155021747994, False
btc_pax, None, 0.448175, 3587.17, 23, 1, smm_btc, 155021747994, True
btc_pax, None, 0.448175, 3578.63, 23, 1, smm_btc, 155021748996, False
btc_pax, None, 0.8, 3567.49, 21, 1, smm_btc, 155021748997, False
btc_pax, None, 0.448175, 3578.63, 23, 1, smm_btc, 155021748996, True
btc_pax, None, 0.8, 3567.49, 21, 1, smm_btc, 155021748997, True
btc_pax, None, 0.448175, 3578.04, 23, 1, smm_btc, 155021749600, False
btc_pax, None, 0.8, 3567.49, 21, 1, smm_btc, 155021749601, False
btc_pax, None, 0.448175, 3578.04, 23, 1, smm_btc, 155021749600, True
btc_pax, None, 0.448175, 3577.78, 23, 1, smm_btc, 155021750203, False
btc_pax, None, 0.448175, 3577.78, 23, 1, smm_btc, 155021750203, True
btc_pax, None, 0.448175, 3577.59, 23, 1, smm_btc, 155021750905, False
btc_pax, None, 0.448175, 3577.59, 23, 1, smm_btc, 155021750905, True
btc_pax, None, 0.8, 3567.49, 21, 1, smm_btc, 155021749601, True
btc_pax, None, 0.448175, 3577.53, 23, 1, smm_btc, 155021751508, False
btc_pax, None, 0.8, 3567.49, 21, 1, smm_btc, 155021751509, False
btc_pax, None, 0.448175, 3577.53, 23, 1, smm_btc, 155021751508, True
btc_pax, None, 0.448175, 3577.32, 23, 1, smm_btc, 155021752111, False
btc_pax, None, 0.8, 3567.49, 21, 1, smm_btc, 155021751509, True
btc_pax, None, 0.448175, 3577.32, 23, 1, smm_btc, 155021752111, True
btc_pax, None, 0.8, 3567.49, 21, 1, smm_btc, 155021752414, False
btc_pax, None, 0.448175, 3577.27, 23, 1, smm_btc, 155021752815, False
btc_pax, None, 0.448175, 3577.27, 23, 1, smm_btc, 155021752815, True
btc_pax, None, 0.8, 3567.49, 21, 1, smm_btc, 155021752414, True
btc_pax, None, 0.448175, 3577.12, 23, 1, smm_btc, 155021753418, False
btc_pax, None, 0.8, 3567.25, 21, 1, smm_btc, 155021753419, False
btc_pax, None, 0.448175, 3577.12, 23, 1, smm_btc, 155021753418, True
btc_pax, None, 0.8, 3567.25, 21, 1, smm_btc, 155021753419, True
btc_pax, None, 0.448175, 3577.09, 23, 1, smm_btc, 155021754022, False
btc_pax, None, 0.8, 3567.25, 21, 1, smm_btc, 155021754123, False
btc_pax, None, 0.448175, 3577.09, 23, 1, smm_btc, 155021754022, True
btc_pax, None, 0.448175, 3577.07, 23, 1, smm_btc, 155021754625, False
btc_pax, None, 0.448175, 3577.07, 23, 1, smm_btc, 155021754625, True
btc_pax, None, 0.8, 3567.25, 21, 1, smm_btc, 155021754123, True
btc_pax, None, 0.448175, 3577.05, 23, 1, smm_btc, 155021755228, False
btc_pax, None, 0.8, 3566.88, 21, 1, smm_btc, 155021755329, False
btc_pax, None, 0.448175, 3577.05, 23, 1, smm_btc, 155021755228, True
btc_pax, None, 0.448175, 3577.01, 23, 1, smm_btc, 155021756231, False
btc_pax, None, 0.8, 3566.88, 21, 1, smm_btc, 155021755329, True
btc_pax, None, 0.448175, 3577.01, 23, 1, smm_btc, 155021756231, True
btc_pax, None, 0.8, 3566.88, 21, 1, smm_btc, 155021756534, False
btc_pax, None, 0.448175, 3576.86, 23, 1, smm_btc, 155021756835, False
btc_pax, None, 0.448175, 3576.86, 23, 1, smm_btc, 155021756835, True
btc_pax, None, 0.448175, 3576.78, 23, 1, smm_btc, 155021757437, False
btc_pax, None, 0.448175, 3576.78, 23, 1, smm_btc, 155021757437, True
btc_pax, None, 0.448175, 3576.73, 23, 1, smm_btc, 155021758539, False
btc_pax, None, 0.448175, 3576.73, 23, 1, smm_btc, 155021758539, True
btc_pax, None, 0.448175, 3576.63, 23, 1, smm_btc, 155021759141, False
btc_pax, None, 0.448175, 3576.63, 23, 1, smm_btc, 155021759141, True
btc_pax, None, 0.448175, 3576.61, 23, 1, smm_btc, 155021759743, False
btc_pax, None, 0.448175, 3576.61, 23, 1, smm_btc, 155021759743, True
btc_pax, None, 0.448175, 3576.59, 23, 1, smm_btc, 155021760445, False
btc_pax, None, 0.448175, 3576.59, 23, 1, smm_btc, 155021760445, True
btc_pax, None, 0.8, 3566.88, 21, 1, smm_btc, 155021756534, True
btc_pax, None, 0.448175, 3576.57, 23, 1, smm_btc, 155021761148, False
btc_pax, None, 0.8, 3566.88, 21, 1, smm_btc, 155021761149, False
btc_pax, None, 0.448175, 3576.57, 23, 1, smm_btc, 155021761148, True
btc_pax, None, 0.448175, 3576.55, 23, 1, smm_btc, 155021761851, False
btc_pax, None, 0.8, 3566.88, 21, 1, smm_btc, 155021761149, True
btc_pax, None, 0.448175, 3576.55, 23, 1, smm_btc, 155021761851, True
btc_pax, None, 0.8, 3566.98, 21, 1, smm_btc, 155021762154, False
btc_pax, None, 0.448175, 3576.53, 23, 1, smm_btc, 155021762455, False
btc_pax, None, 0.448175, 3576.53, 23, 1, smm_btc, 155021762455, True
btc_pax, None, 0.8, 3566.98, 21, 1, smm_btc, 155021762154, True
btc_pax, None, 0.448175, 3576.51, 23, 1, smm_btc, 155021763358, False
btc_pax, None, 0.8, 3566.98, 21, 1, smm_btc, 155021763359, False
btc_pax, None, 0.448175, 3576.51, 23, 1, smm_btc, 155021763358, True
btc_pax, None, 0.8, 3566.98, 21, 1, smm_btc, 155021763359, True
btc_pax, None, 0.448175, 3576.49, 23, 1, smm_btc, 155021764362, False
btc_pax, None, 0.8, 3566.88, 21, 1, smm_btc, 155021764363, False
btc_pax, None, 0.448175, 3576.49, 23, 1, smm_btc, 155021764362, True
btc_pax, None, 0.448175, 3576.47, 23, 1, smm_btc, 155021765965, False
btc_pax, None, 0.8, 3566.88, 21, 1, smm_btc, 155021764363, True
btc_pax, None, 0.448175, 3576.47, 23, 1, smm_btc, 155021765965, True
btc_pax, None, 0.8, 3568.71, 21, 1, smm_btc, 155021766268, False
btc_pax, None, 0.448175, 3578.38, 23, 1, smm_btc, 155021766869, False
btc_pax, None, 0.8, 3568.71, 21, 1, smm_btc, 155021766268, True
btc_pax, None, 0.8, 3567.3, 21, 1, smm_btc, 155021767671, False
btc_pax, None, 0.8, 3567.3, 21, 1, smm_btc, 155021767671, True
btc_pax, None, 0.8, 3567.3, 21, 1, smm_btc, 155021768273, False
btc_pax, None, 0.448175, 3578.38, 23, 1, smm_btc, 155021766869, True
btc_pax, None, 0.448175, 3578.36, 23, 1, smm_btc, 155021769275, False
btc_pax, None, 0.8, 3567.3, 21, 1, smm_btc, 155021768273, True
btc_pax, None, 0.448175, 3578.36, 23, 1, smm_btc, 155021769275, True
btc_pax, None, 0.8, 3567.99, 21, 1, smm_btc, 155021769578, False
btc_pax, None, 0.448175, 3578.36, 23, 1, smm_btc, 155021769979, False
btc_pax, None, 0.448175, 3578.36, 23, 1, smm_btc, 155021769979, True
btc_pax, None, 0.8, 3567.99, 21, 1, smm_btc, 155021769578, True
btc_pax, None, 0.448175, 3578.34, 23, 1, smm_btc, 155021770682, False
btc_pax, None, 0.8, 3567.3, 21, 1, smm_btc, 155021770683, False
btc_pax, None, 0.448175, 3578.34, 23, 1, smm_btc, 155021770682, True
btc_pax, None, 0.8, 3567.3, 21, 1, smm_btc, 155021770683, True
btc_pax, None, 0.448175, 3578.38, 23, 1, smm_btc, 155021771586, False
btc_pax, None, 0.8, 3567.99, 21, 1, smm_btc, 155021771587, False
btc_pax, None, 0.8, 3567.99, 21, 1, smm_btc, 155021771587, True
btc_pax, None, 0.8, 3567.3, 21, 1, smm_btc, 155021772189, False
btc_pax, None, 0.8, 3567.3, 21, 1, smm_btc, 155021772189, True
btc_pax, None, 0.8, 3567.3, 21, 1, smm_btc, 155021772891, False
btc_pax, None, 0.8, 3567.3, 21, 1, smm_btc, 155021772891, True
btc_pax, None, 0.8, 3568.71, 21, 1, smm_btc, 155021774493, False
btc_pax, None, 0.8, 3568.71, 21, 1, smm_btc, 155021774493, True
btc_pax, None, 0.8, 3567.3, 21, 1, smm_btc, 155021775495, False
btc_pax, None, 0.448175, 3578.38, 23, 1, smm_btc, 155021771586, True
btc_pax, None, 0.448175, 3578.27, 23, 1, smm_btc, 155021779897, False
btc_pax, None, 0.448175, 3578.27, 23, 1, smm_btc, 155021779897, True
btc_pax, None, 0.448175, 3578.06, 23, 1, smm_btc, 155021780499, False
btc_pax, None, 0.8, 3567.3, 21, 1, smm_btc, 155021775495, True
btc_pax, None, 0.8, 3567.3, 21, 1, smm_btc, 155021780701, False
btc_pax, None, 0.8, 3567.3, 21, 1, smm_btc, 155021780701, True
btc_pax, None, 0.8, 3575.52, 21, 1, smm_btc, 155021782003, False
btc_pax, None, 0.8, 3579.86, 23, 1, smm_btc, 155021782004, False
btc_pax, None, 0.8, 3579.86, 23, 1, smm_btc, 155021782004, True
btc_pax, None, 0.8, 3578.24, 23, 1, smm_btc, 155021783006, False
btc_pax, None, 0.8, 3569.02, 21, 1, smm_btc, 155021783007, False
btc_pax, None, 0.8, 3578.24, 23, 1, smm_btc, 155021783006, True
btc_pax, None, 0.8, 3569.02, 21, 1, smm_btc, 155021783007, True
btc_pax, None, 0.8, 3575.12, 21, 1, smm_btc, 155021783910, False
btc_pax, None, 0.058129, 3578.31, 23, 1, smm_btc, 155021783911, False
btc_pax, None, 0.8, 3575.12, 21, 1, smm_btc, 155021783910, True
btc_pax, None, 0.058129, 3578.31, 23, 1, smm_btc, 155021783911, True
btc_pax, None, 0.8, 3575.72, 21, 1, smm_btc, 155021784814, False
btc_pax, None, 0.058129, 3578.29, 23, 1, smm_btc, 155021784815, False
btc_pax, None, 0.8, 3575.72, 21, 1, smm_btc, 155021784814, True
btc_pax, None, 0.8, 3574.75, 21, 1, smm_btc, 155021785517, False
btc_pax, None, 0.058129, 3578.29, 23, 1, smm_btc, 155021784815, True
btc_pax, None, 0.058129, 3578.26, 23, 1, smm_btc, 155021785819, False
btc_pax, None, 0.8, 3574.75, 21, 1, smm_btc, 155021785517, True
btc_pax, None, 0.8, 3574.75, 21, 1, smm_btc, 155021787821, False
btc_pax, None, 0.8, 3574.75, 21, 1, smm_btc, 155021787821, True
btc_pax, None, 0.8, 3575.15, 21, 1, smm_btc, 155021788423, False
btc_pax, None, 0.058129, 3578.26, 23, 1, smm_btc, 155021785819, True
btc_pax, None, 0.8, 3575.15, 21, 1, smm_btc, 155021788423, True
btc_pax, None, 0.8, 3569.12, 21, 1, smm_btc, 155021789026, False
btc_pax, None, 0.058129, 3590.0, 23, 1, smm_btc, 155021789127, False
btc_pax, None, 0.8, 3569.12, 21, 1, smm_btc, 155021789026, True
btc_pax, None, 0.058129, 3590.0, 23, 1, smm_btc, 155021789127, True
btc_pax, None, 0.8, 3576.64, 21, 1, smm_btc, 155021789730, False
btc_pax, None, 0.058129, 3579.86, 23, 1, smm_btc, 155021789731, False
btc_pax, None, 0.058129, 3579.86, 23, 1, smm_btc, 155021789731, True
btc_pax, None, 0.058129, 3580.25, 23, 1, smm_btc, 155021790633, False
btc_pax, None, 0.8, 3576.64, 21, 1, smm_btc, 155021789730, True
btc_pax, None, 0.058129, 3580.25, 23, 1, smm_btc, 155021790633, True
btc_pax, None, 0.8, 3576.64, 21, 1, smm_btc, 155021793936, False
btc_pax, None, 0.058129, 3580.25, 23, 1, smm_btc, 155021793937, False
btc_pax, None, 0.058129, 3580.25, 23, 1, smm_btc, 155021793937, True
btc_pax, None, 0.058129, 3580.3, 23, 1, smm_btc, 155021798139, False
btc_pax, None, 0.8, 3576.64, 21, 1, smm_btc, 155021793936, True
btc_pax, None, 0.8, 3576.61, 21, 1, smm_btc, 155021798741, False
btc_pax, None, 0.058129, 3580.3, 23, 1, smm_btc, 155021798139, True
btc_pax, None, 0.058129, 3580.28, 23, 1, smm_btc, 155021799043, False
btc_pax, None, 0.8, 3576.61, 21, 1, smm_btc, 155021798741, True
btc_pax, None, 0.8, 3580.21, 21, 1, smm_btc, 155021800345, False
btc_pax, None, 0.8, 3580.21, 21, 1, smm_btc, 155021800345, True
btc_pax, None, 0.058129, 3580.28, 23, 1, smm_btc, 155021799043, True
btc_pax, None, 0.8, 3579.28, 21, 1, smm_btc, 155021801248, False
btc_pax, None, 0.058129, 3581.56, 23, 1, smm_btc, 155021801249, False
btc_pax, None, 0.8, 3579.28, 21, 1, smm_btc, 155021801248, True
btc_pax, None, 0.058129, 3581.56, 23, 1, smm_btc, 155021801249, True
btc_pax, None, 0.8, 3576.6, 21, 1, smm_btc, 155021801852, False
btc_pax, None, 0.058129, 3581.57, 23, 1, smm_btc, 155021801853, False
btc_pax, None, 0.8, 3576.6, 21, 1, smm_btc, 155021801852, True
btc_pax, None, 0.058129, 3581.57, 23, 1, smm_btc, 155021801853, True
btc_pax, None, 0.8, 3571.19, 21, 1, smm_btc, 155021803056, False
btc_pax, None, 0.058129, 3591.19, 23, 1, smm_btc, 155021803057, False
btc_pax, None, 0.058129, 3591.19, 23, 1, smm_btc, 155021803057, True
btc_pax, None, 0.058129, 3580.41, 23, 1, smm_btc, 155021803659, False
btc_pax, None, 0.8, 3571.19, 21, 1, smm_btc, 155021803056, True
btc_pax, None, 0.8, 3576.64, 21, 1, smm_btc, 155021804561, False
btc_pax, None, 0.8, 3576.64, 21, 1, smm_btc, 155021804561, True
btc_pax, None, 0.058129, 3580.41, 23, 1, smm_btc, 155021803659, True
btc_pax, None, 0.8, 3576.59, 21, 1, smm_btc, 155021805264, False
btc_pax, None, 0.058129, 3580.46, 23, 1, smm_btc, 155021805265, False
btc_pax, None, 0.8, 3576.59, 21, 1, smm_btc, 155021805264, True
btc_pax, None, 0.058129, 3580.46, 23, 1, smm_btc, 155021805265, True
btc_pax, None, 0.8, 3576.64, 21, 1, smm_btc, 155021808168, False
btc_pax, None, 0.058129, 3581.04, 23, 1, smm_btc, 155021808169, False
btc_pax, None, 0.8, 3576.64, 21, 1, smm_btc, 155021808168, True
btc_pax, None, 0.058129, 3581.04, 23, 1, smm_btc, 155021808169, True
btc_pax, None, 0.8, 3576.59, 21, 1, smm_btc, 155021809572, False
btc_pax, None, 0.058129, 3581.09, 23, 1, smm_btc, 155021809573, False
btc_pax, None, 0.8, 3576.59, 21, 1, smm_btc, 155021809572, True
btc_pax, None, 0.058129, 3581.09, 23, 1, smm_btc, 155021809573, True
btc_pax, None, 0.8, 3576.64, 21, 1, smm_btc, 155021811076, False
btc_pax, None, 0.058129, 3581.04, 23, 1, smm_btc, 155021811077, False
btc_pax, None, 0.8, 3576.64, 21, 1, smm_btc, 155021811076, True
btc_pax, None, 0.058129, 3581.04, 23, 1, smm_btc, 155021811077, True
btc_pax, None, 0.8, 3576.6, 21, 1, smm_btc, 155021812980, False
btc_pax, None, 0.058129, 3581.08, 23, 1, smm_btc, 155021813081, False
btc_pax, None, 0.8, 3576.6, 21, 1, smm_btc, 155021812980, True
btc_pax, None, 0.058129, 3581.08, 23, 1, smm_btc, 155021813081, True
btc_pax, None, 0.8, 3576.64, 21, 1, smm_btc, 155021815484, False
btc_pax, None, 0.058129, 3581.04, 23, 1, smm_btc, 155021815485, False
btc_pax, None, 0.058129, 3581.04, 23, 1, smm_btc, 155021815485, True
btc_pax, None, 0.058129, 3581.0, 23, 1, smm_btc, 155021816587, False
btc_pax, None, 0.8, 3576.64, 21, 1, smm_btc, 155021815484, True
btc_pax, None, 0.8, 3577.64, 21, 1, smm_btc, 155021820189, False
btc_pax, None, 0.8, 3577.64, 21, 1, smm_btc, 155021820189, True
btc_pax, None, 0.8, 3577.9, 21, 1, smm_btc, 155021831991, False
btc_pax, None, 0.8, 3582.78, 23, 1, smm_btc, 155021831992, False
btc_pax, None, 0.8, 3577.9, 21, 1, smm_btc, 155021831991, True
btc_pax, None, 0.8, 3582.78, 23, 1, smm_btc, 155021831992, True
btc_pax, None, 0.8, 3577.93, 21, 1, smm_btc, 155021832595, False
btc_pax, None, 0.8, 3582.75, 23, 1, smm_btc, 155021832596, False
btc_pax, None, 0.8, 3577.93, 21, 1, smm_btc, 155021832595, True
btc_pax, None, 0.8, 3578.42, 21, 1, smm_btc, 155021837598, False
btc_pax, None, 0.8, 3578.42, 21, 1, smm_btc, 155021837598, True
btc_pax, None, 0.8, 3582.75, 23, 1, smm_btc, 155021832596, True
btc_pax, None, 0.8, 3578.37, 21, 1, smm_btc, 155021840301, False
btc_pax, None, 0.8, 3582.8, 23, 1, smm_btc, 155021840302, False
btc_pax, None, 0.8, 3578.37, 21, 1, smm_btc, 155021840301, True
btc_pax, None, 0.8, 3582.8, 23, 1, smm_btc, 155021840302, True
btc_pax, None, 0.8, 3578.42, 21, 1, smm_btc, 155021841305, False
btc_pax, None, 0.8, 3582.75, 23, 1, smm_btc, 155021841306, False
btc_pax, None, 0.8, 3582.75, 23, 1, smm_btc, 155021841306, True
btc_pax, None, 0.8, 3578.42, 21, 1, smm_btc, 155021841305, True
btc_pax, None, 0.8, 3582.79, 23, 1, smm_btc, 155021843809, False
btc_pax, None, 0.8, 3582.79, 23, 1, smm_btc, 155021843809, True
btc_pax, None, 0.8, 3580.96, 23, 1, smm_btc, 155021844711, False
btc_pax, None, 0.8, 3580.96, 23, 1, smm_btc, 155021844711, True
btc_pax, None, 0.8, 3577.93, 21, 1, smm_btc, 155021845713, False
btc_pax, None, 0.8, 3582.74, 23, 1, smm_btc, 155021845714, False
btc_pax, None, 0.8, 3577.93, 21, 1, smm_btc, 155021845713, True
btc_pax, None, 0.8, 3582.74, 23, 1, smm_btc, 155021845714, True
btc_pax, None, 0.8, 3577.88, 21, 1, smm_btc, 155021847117, False
btc_pax, None, 0.8, 3582.79, 23, 1, smm_btc, 155021847118, False
btc_pax, None, 0.8, 3577.88, 21, 1, smm_btc, 155021847117, True
btc_pax, None, 0.8, 3582.79, 23, 1, smm_btc, 155021847118, True
btc_pax, None, 0.8, 3577.93, 21, 1, smm_btc, 155021848121, False
btc_pax, None, 0.8, 3582.74, 23, 1, smm_btc, 155021848222, False
btc_pax, None, 0.8, 3577.93, 21, 1, smm_btc, 155021848121, True
btc_pax, None, 0.8, 3582.74, 23, 1, smm_btc, 155021848222, True
btc_pax, None, 0.8, 3577.93, 21, 1, smm_btc, 155021851225, False
btc_pax, None, 0.8, 3581.96, 23, 1, smm_btc, 155021851226, False
btc_pax, None, 0.8, 3581.96, 23, 1, smm_btc, 155021851226, True
btc_pax, None, 0.8, 3577.93, 21, 1, smm_btc, 155021851225, True
btc_pax, None, 0.8, 3582.01, 23, 1, smm_btc, 155021852829, False
btc_pax, None, 0.8, 3577.88, 21, 1, smm_btc, 155021853130, False
btc_pax, None, 0.8, 3582.01, 23, 1, smm_btc, 155021852829, True
btc_pax, None, 0.8, 3581.96, 23, 1, smm_btc, 155021853732, False
btc_pax, None, 0.8, 3577.88, 21, 1, smm_btc, 155021853130, True
btc_pax, None, 0.8, 3571.55, 21, 1, smm_btc, 155021855134, False
btc_pax, None, 0.8, 3581.96, 23, 1, smm_btc, 155021853732, True
btc_pax, None, 0.8, 3571.55, 21, 1, smm_btc, 155021855134, True
btc_pax, None, 0.8, 3577.6, 21, 1, smm_btc, 155021855937, False
btc_pax, None, 0.8, 3581.97, 23, 1, smm_btc, 155021855938, False
btc_pax, None, 0.8, 3577.6, 21, 1, smm_btc, 155021855937, True
btc_pax, None, 0.8, 3581.97, 23, 1, smm_btc, 155021855938, True
btc_pax, None, 0.8, 3578.11, 21, 1, smm_btc, 155021856541, False
btc_pax, None, 0.8, 3578.11, 21, 1, smm_btc, 155021856541, True
btc_pax, None, 0.8, 3577.59, 21, 1, smm_btc, 155021857143, False
btc_pax, None, 0.8, 3581.98, 23, 1, smm_btc, 155021857144, False
btc_pax, None, 0.8, 3577.59, 21, 1, smm_btc, 155021857143, True
btc_pax, None, 0.8, 3581.98, 23, 1, smm_btc, 155021857144, True
btc_pax, None, 0.8, 3577.63, 21, 1, smm_btc, 155021857847, False
btc_pax, None, 0.8, 3581.94, 23, 1, smm_btc, 155021857848, False
btc_pax, None, 0.8, 3581.94, 23, 1, smm_btc, 155021857848, True
btc_pax, None, 0.8, 3581.62, 23, 1, smm_btc, 155021861250, False
btc_pax, None, 0.8, 3577.63, 21, 1, smm_btc, 155021857847, True
btc_pax, None, 0.8, 3570.88, 21, 1, smm_btc, 155021864452, False
btc_pax, None, 0.8, 3581.62, 23, 1, smm_btc, 155021861250, True
btc_pax, None, 0.8, 3587.49, 23, 1, smm_btc, 155021864754, False
btc_pax, None, 0.8, 3570.88, 21, 1, smm_btc, 155021864452, True
btc_pax, None, 0.8, 3587.49, 23, 1, smm_btc, 155021864754, True
btc_pax, None, 0.8, 3576.83, 21, 1, smm_btc, 155021865457, False
btc_pax, None, 0.8, 3581.62, 23, 1, smm_btc, 155021865858, False
btc_pax, None, 0.8, 3576.83, 21, 1, smm_btc, 155021865457, True
btc_pax, None, 0.8, 3581.62, 23, 1, smm_btc, 155021865858, True
btc_pax, None, 0.8, 3576.63, 21, 1, smm_btc, 155021866761, False
btc_pax, None, 0.8, 3581.67, 23, 1, smm_btc, 155021866862, False
btc_pax, None, 0.8, 3576.63, 21, 1, smm_btc, 155021866761, True
btc_pax, None, 0.8, 3576.67, 21, 1, smm_btc, 155021868264, False
btc_pax, None, 0.8, 3581.67, 23, 1, smm_btc, 155021866862, True
btc_pax, None, 0.8, 3581.66, 23, 1, smm_btc, 155021869166, False
btc_pax, None, 0.8, 3576.67, 21, 1, smm_btc, 155021868264, True
btc_pax, None, 0.8, 3581.66, 23, 1, smm_btc, 155021869166, True
btc_pax, None, 0.8, 3576.68, 21, 1, smm_btc, 155021869969, False
btc_pax, None, 0.8, 3581.62, 23, 1, smm_btc, 155021869970, False
btc_pax, None, 0.8, 3576.68, 21, 1, smm_btc, 155021869969, True
btc_pax, None, 0.8, 3576.75, 21, 1, smm_btc, 155021877772, False
btc_pax, None, 0.8, 3576.75, 21, 1, smm_btc, 155021877772, True
btc_pax, None, 0.8, 3576.73, 21, 1, smm_btc, 155021880074, False
btc_pax, None, 0.8, 3581.62, 23, 1, smm_btc, 155021869970, True
btc_pax, None, 0.8, 3580.88, 23, 1, smm_btc, 155021881476, False
btc_pax, None, 0.8, 3576.73, 21, 1, smm_btc, 155021880074, True
btc_pax, None, 0.8, 3576.68, 21, 1, smm_btc, 155021883178, False
btc_pax, None, 0.8, 3576.68, 21, 1, smm_btc, 155021883178, True
btc_pax, None, 0.8, 3576.69, 21, 1, smm_btc, 155021889480, False
btc_pax, None, 0.8, 3576.69, 21, 1, smm_btc, 155021889480, True
btc_pax, None, 0.8, 3576.7, 21, 1, smm_btc, 155021890082, False
btc_pax, None, 0.8, 3576.7, 21, 1, smm_btc, 155021890082, True
btc_pax, None, 0.8, 3576.69, 21, 1, smm_btc, 155021891084, False
btc_pax, None, 0.8, 3576.69, 21, 1, smm_btc, 155021891084, True
btc_pax, None, 0.8, 3576.69, 21, 1, smm_btc, 155021892786, False
btc_pax, None, 0.8, 3576.69, 21, 1, smm_btc, 155021892786, True
btc_pax, None, 0.8, 3576.7, 21, 1, smm_btc, 155021893988, False
btc_pax, None, 0.8, 3576.7, 21, 1, smm_btc, 155021893988, True
btc_pax, None, 0.8, 3576.71, 21, 1, smm_btc, 155021894990, False
btc_pax, None, 0.8, 3576.71, 21, 1, smm_btc, 155021894990, True
btc_pax, None, 0.8, 3576.72, 21, 1, smm_btc, 155021896392, False
btc_pax, None, 0.8, 3576.72, 21, 1, smm_btc, 155021896392, True
btc_pax, None, 0.8, 3576.69, 21, 1, smm_btc, 155021897994, False
btc_pax, None, 0.8, 3576.69, 21, 1, smm_btc, 155021897994, True
btc_pax, None, 0.8, 3576.68, 21, 1, smm_btc, 155021899296, False
btc_pax, None, 0.8, 3576.68, 21, 1, smm_btc, 155021899296, True
btc_pax, None, 0.8, 3576.69, 21, 1, smm_btc, 155021900398, False
btc_pax, None, 0.8, 3576.69, 21, 1, smm_btc, 155021900398, True
btc_pax, None, 0.8, 3576.7, 21, 1, smm_btc, 155021901500, False
btc_pax, None, 0.8, 3576.7, 21, 1, smm_btc, 155021901500, True
btc_pax, None, 0.8, 3576.71, 21, 1, smm_btc, 155021902402, False
btc_pax, None, 0.8, 3576.71, 21, 1, smm_btc, 155021902402, True
btc_pax, None, 0.8, 3576.72, 21, 1, smm_btc, 155021903604, False
btc_pax, None, 0.8, 3576.72, 21, 1, smm_btc, 155021903604, True
btc_pax, None, 0.8, 3576.68, 21, 1, smm_btc, 155021905306, False
btc_pax, None, 0.8, 3576.68, 21, 1, smm_btc, 155021905306, True
btc_pax, None, 0.8, 3576.69, 21, 1, smm_btc, 155021906008, False
btc_pax, None, 0.8, 3576.69, 21, 1, smm_btc, 155021906008, True
btc_pax, None, 0.8, 3576.7, 21, 1, smm_btc, 155021907110, False
btc_pax, None, 0.8, 3576.7, 21, 1, smm_btc, 155021907110, True
btc_pax, None, 0.8, 3576.69, 21, 1, smm_btc, 155021908212, False
btc_pax, None, 0.8, 3576.69, 21, 1, smm_btc, 155021908212, True
btc_pax, None, 0.8, 3576.7, 21, 1, smm_btc, 155021909514, False
btc_pax, None, 0.8, 3576.7, 21, 1, smm_btc, 155021909514, True
btc_pax, None, 0.8, 3576.69, 21, 1, smm_btc, 155021911116, False
btc_pax, None, 0.8, 3580.88, 23, 1, smm_btc, 155021881476, True
btc_pax, None, 0.8, 3576.69, 21, 1, smm_btc, 155021911116, True
btc_pax, None, 0.8, 3581.35, 23, 1, smm_btc, 155021911619, False
btc_pax, None, 0.8, 3576.7, 21, 1, smm_btc, 155021912220, False
btc_pax, None, 0.8, 3576.7, 21, 1, smm_btc, 155021912220, True
btc_pax, None, 0.8, 3576.69, 21, 1, smm_btc, 155021912922, False
btc_pax, None, 0.8, 3576.69, 21, 1, smm_btc, 155021912922, True
btc_pax, None, 0.8, 3576.7, 21, 1, smm_btc, 155021914624, False
btc_pax, None, 0.8, 3576.7, 21, 1, smm_btc, 155021914624, True
btc_pax, None, 0.8, 3576.69, 21, 1, smm_btc, 155021915326, False
btc_pax, None, 0.8, 3576.69, 21, 1, smm_btc, 155021915326, True
btc_pax, None, 0.8, 3576.69, 21, 1, smm_btc, 155021916628, False
btc_pax, None, 0.8, 3576.69, 21, 1, smm_btc, 155021916628, True
btc_pax, None, 0.8, 3581.35, 23, 1, smm_btc, 155021911619, True
btc_pax, None, 0.8, 3576.65, 21, 1, smm_btc, 155021917831, False
btc_pax, None, 0.8, 3581.39, 23, 1, smm_btc, 155021918532, False
btc_pax, None, 0.8, 3581.39, 23, 1, smm_btc, 155021918532, True
btc_pax, None, 0.8, 3576.65, 21, 1, smm_btc, 155021917831, True
btc_pax, None, 0.8, 3581.38, 23, 1, smm_btc, 155021919235, False
btc_pax, None, 0.8, 3576.66, 21, 1, smm_btc, 155021919536, False
btc_pax, None, 0.8, 3581.38, 23, 1, smm_btc, 155021919235, True
btc_pax, None, 0.8, 3576.66, 21, 1, smm_btc, 155021919536, True
btc_pax, None, 0.8, 3581.09, 23, 1, smm_btc, 155021921639, False
btc_pax, None, 0.8, 3576.69, 21, 1, smm_btc, 155021922040, False
btc_pax, None, 0.8, 3576.69, 21, 1, smm_btc, 155021922040, True
btc_pax, None, 0.8, 3576.7, 21, 1, smm_btc, 155021922942, False
btc_pax, None, 0.8, 3576.7, 21, 1, smm_btc, 155021922942, True
btc_pax, None, 0.8, 3581.09, 23, 1, smm_btc, 155021921639, True
btc_pax, None, 0.8, 3576.67, 21, 1, smm_btc, 155021923545, False
btc_pax, None, 0.8, 3581.12, 23, 1, smm_btc, 155021923546, False
btc_pax, None, 0.8, 3581.12, 23, 1, smm_btc, 155021923546, True
btc_pax, None, 0.8, 3576.67, 21, 1, smm_btc, 155021923545, True
btc_pax, None, 0.8, 3581.09, 23, 1, smm_btc, 155021924449, False
btc_pax, None, 0.8, 3577.0, 21, 1, smm_btc, 155021924750, False
btc_pax, None, 0.8, 3577.0, 21, 1, smm_btc, 155021924750, True
btc_pax, None, 0.8, 3577.01, 21, 1, smm_btc, 155021925452, False
btc_pax, None, 0.8, 3577.01, 21, 1, smm_btc, 155021925452, True
btc_pax, None, 0.8, 3577.02, 21, 1, smm_btc, 155021926554, False
btc_pax, None, 0.8, 3577.02, 21, 1, smm_btc, 155021926554, True
btc_pax, None, 0.8, 3577.03, 21, 1, smm_btc, 155021927756, False
btc_pax, None, 0.8, 3577.03, 21, 1, smm_btc, 155021927756, True
btc_pax, None, 0.8, 3581.09, 23, 1, smm_btc, 155021924449, True
btc_pax, None, 0.8, 3581.12, 23, 1, smm_btc, 155021928359, False
btc_pax, None, 0.8, 3576.69, 21, 1, smm_btc, 155021928960, False
btc_pax, None, 0.8, 3581.12, 23, 1, smm_btc, 155021928359, True
btc_pax, None, 0.8, 3581.09, 23, 1, smm_btc, 155021929262, False
btc_pax, None, 0.8, 3576.69, 21, 1, smm_btc, 155021928960, True
btc_pax, None, 0.8, 3576.68, 21, 1, smm_btc, 155021930764, False
btc_pax, None, 0.8, 3576.68, 21, 1, smm_btc, 155021930764, True
btc_pax, None, 0.8, 3576.69, 21, 1, smm_btc, 155021931566, False
btc_pax, None, 0.8, 3581.09, 23, 1, smm_btc, 155021929262, True
btc_pax, None, 0.8, 3578.37, 23, 1, smm_btc, 155021932268, False
btc_pax, None, 0.8, 3567.04, 21, 1, smm_btc, 155021932269, False
btc_pax, None, 0.8, 3578.37, 23, 1, smm_btc, 155021932268, True
btc_pax, None, 0.8, 3578.29, 23, 1, smm_btc, 155021932871, False
btc_pax, None, 0.8, 3578.29, 23, 1, smm_btc, 155021932871, True
btc_pax, None, 0.8, 3578.19, 23, 1, smm_btc, 155021933473, False
btc_pax, None, 0.8, 3567.04, 21, 1, smm_btc, 155021932269, True
btc_pax, None, 0.8, 3578.19, 23, 1, smm_btc, 155021933473, True
btc_pax, None, 0.8, 3566.99, 21, 1, smm_btc, 155021934176, False
btc_pax, None, 0.8, 3577.46, 23, 1, smm_btc, 155021934577, False
btc_pax, None, 0.8, 3577.46, 23, 1, smm_btc, 155021934577, True
btc_pax, None, 0.8, 3566.99, 21, 1, smm_btc, 155021934176, True
btc_pax, None, 0.8, 3577.45, 23, 1, smm_btc, 155021935980, False
btc_pax, None, 0.8, 3566.79, 21, 1, smm_btc, 155021935981, False
btc_pax, None, 0.8, 3577.45, 23, 1, smm_btc, 155021935980, True
btc_pax, None, 0.8, 3566.79, 21, 1, smm_btc, 155021935981, True
btc_pax, None, 0.682979, 3578.04, 23, 1, smm_btc, 155021936584, False
btc_pax, None, 0.8, 3566.79, 21, 1, smm_btc, 155021936585, False
btc_pax, None, 0.682979, 3578.04, 23, 1, smm_btc, 155021936584, True
btc_pax, None, 0.8, 3566.79, 21, 1, smm_btc, 155021936585, True
btc_pax, None, 0.682979, 3578.02, 23, 1, smm_btc, 155021937188, False
btc_pax, None, 0.8, 3569.12, 21, 1, smm_btc, 155021937189, False
btc_pax, None, 0.682979, 3578.02, 23, 1, smm_btc, 155021937188, True
btc_pax, None, 0.8, 3569.12, 21, 1, smm_btc, 155021937189, True
btc_pax, None, 0.682979, 3578.13, 23, 1, smm_btc, 155021937792, False
btc_pax, None, 0.8, 3569.12, 21, 1, smm_btc, 155021937793, False
btc_pax, None, 0.8, 3569.12, 21, 1, smm_btc, 155021937793, True
btc_pax, None, 0.8, 3566.79, 21, 1, smm_btc, 155021938695, False
btc_pax, None, 0.682979, 3578.13, 23, 1, smm_btc, 155021937792, True
btc_pax, None, 0.8, 3566.79, 21, 1, smm_btc, 155021938695, True
btc_pax, None, 0.569179, 3577.99, 23, 1, smm_btc, 155021939798, False
btc_pax, None, 0.8, 3566.79, 21, 1, smm_btc, 155021939799, False
btc_pax, None, 0.8, 3566.79, 21, 1, smm_btc, 155021939799, True
btc_pax, None, 0.8, 3566.79, 21, 1, smm_btc, 155021940301, False
btc_pax, None, 0.8, 3566.79, 21, 1, smm_btc, 155021940301, True
btc_pax, None, 0.8, 3566.79, 21, 1, smm_btc, 155021941203, False
btc_pax, None, 0.569179, 3577.99, 23, 1, smm_btc, 155021939798, True
btc_pax, None, 0.569179, 3579.53, 23, 1, smm_btc, 155021942305, False
btc_pax, None, 0.8, 3566.79, 21, 1, smm_btc, 155021941203, True
btc_pax, None, 0.569179, 3579.53, 23, 1, smm_btc, 155021942305, True
btc_pax, None, 0.8, 3566.99, 21, 1, smm_btc, 155021942608, False
btc_pax, None, 0.569179, 3579.31, 23, 1, smm_btc, 155021943309, False
btc_pax, None, 0.569179, 3579.31, 23, 1, smm_btc, 155021943309, True
btc_pax, None, 0.8, 3566.99, 21, 1, smm_btc, 155021942608, True
btc_pax, None, 0.569179, 3579.09, 23, 1, smm_btc, 155021943912, False
btc_pax, None, 0.8, 3568.16, 21, 1, smm_btc, 155021943913, False
btc_pax, None, 0.569179, 3579.09, 23, 1, smm_btc, 155021943912, True
btc_pax, None, 0.569179, 3579.02, 23, 1, smm_btc, 155021944515, False
btc_pax, None, 0.569179, 3579.02, 23, 1, smm_btc, 155021944515, True
btc_pax, None, 0.569179, 3578.96, 23, 1, smm_btc, 155021945217, False
btc_pax, None, 0.569179, 3578.96, 23, 1, smm_btc, 155021945217, True
btc_pax, None, 0.8, 3568.16, 21, 1, smm_btc, 155021943913, True
btc_pax, None, 0.569179, 3578.9, 23, 1, smm_btc, 155021945820, False
btc_pax, None, 0.8, 3566.79, 21, 1, smm_btc, 155021945821, False
btc_pax, None, 0.569179, 3578.9, 23, 1, smm_btc, 155021945820, True
btc_pax, None, 0.8, 3566.79, 21, 1, smm_btc, 155021945821, True
btc_pax, None, 0.569179, 3578.86, 23, 1, smm_btc, 155021947024, False
btc_pax, None, 0.8, 3566.99, 21, 1, smm_btc, 155021947025, False
btc_pax, None, 0.569179, 3578.86, 23, 1, smm_btc, 155021947024, True
btc_pax, None, 0.569179, 3578.84, 23, 1, smm_btc, 155021947927, False
btc_pax, None, 0.569179, 3578.84, 23, 1, smm_btc, 155021947927, True
btc_pax, None, 0.8, 3566.99, 21, 1, smm_btc, 155021947025, True
btc_pax, None, 0.569179, 3578.82, 23, 1, smm_btc, 155021948830, False
btc_pax, None, 0.8, 3568.16, 21, 1, smm_btc, 155021948831, False
btc_pax, None, 0.569179, 3578.82, 23, 1, smm_btc, 155021948830, True
btc_pax, None, 0.569179, 3578.8, 23, 1, smm_btc, 155021950133, False
btc_pax, None, 0.569179, 3578.8, 23, 1, smm_btc, 155021950133, True
btc_pax, None, 0.8, 3568.16, 21, 1, smm_btc, 155021948831, True
btc_pax, None, 0.569179, 3578.75, 23, 1, smm_btc, 155021951236, False
btc_pax, None, 0.8, 3569.12, 21, 1, smm_btc, 155021951237, False
btc_pax, None, 0.569179, 3578.75, 23, 1, smm_btc, 155021951236, True
btc_pax, None, 0.569179, 3578.67, 23, 1, smm_btc, 155021951839, False
btc_pax, None, 0.8, 3569.12, 21, 1, smm_btc, 155021951237, True
btc_pax, None, 0.569179, 3578.67, 23, 1, smm_btc, 155021951839, True
btc_pax, None, 0.8, 3568.16, 21, 1, smm_btc, 155021952142, False
btc_pax, None, 0.569179, 3578.59, 23, 1, smm_btc, 155021952443, False
btc_pax, None, 0.569179, 3578.59, 23, 1, smm_btc, 155021952443, True
btc_pax, None, 0.569179, 3578.57, 23, 1, smm_btc, 155021953945, False
btc_pax, None, 0.569179, 3578.57, 23, 1, smm_btc, 155021953945, True
btc_pax, None, 0.569179, 3579.51, 23, 1, smm_btc, 155021955047, False
btc_pax, None, 0.569179, 3579.51, 23, 1, smm_btc, 155021955047, True
btc_pax, None, 0.569179, 3579.29, 23, 1, smm_btc, 155021955649, False
btc_pax, None, 0.569179, 3579.29, 23, 1, smm_btc, 155021955649, True
btc_pax, None, 0.569179, 3579.11, 23, 1, smm_btc, 155021956351, False
btc_pax, None, 0.569179, 3579.11, 23, 1, smm_btc, 155021956351, True
btc_pax, None, 0.569179, 3579.02, 23, 1, smm_btc, 155021957153, False
btc_pax, None, 0.8, 3568.16, 21, 1, smm_btc, 155021952142, True
btc_pax, None, 0.569179, 3579.02, 23, 1, smm_btc, 155021957153, True
btc_pax, None, 0.8, 3569.12, 21, 1, smm_btc, 155021957456, False
btc_pax, None, 0.569179, 3578.85, 23, 1, smm_btc, 155021957757, False
btc_pax, None, 0.569179, 3578.85, 23, 1, smm_btc, 155021957757, True
btc_pax, None, 0.8, 3569.12, 21, 1, smm_btc, 155021957456, True
btc_pax, None, 0.569179, 3578.82, 23, 1, smm_btc, 155021958660, False
btc_pax, None, 0.8, 3568.16, 21, 1, smm_btc, 155021958661, False
btc_pax, None, 0.569179, 3578.82, 23, 1, smm_btc, 155021958660, True
btc_pax, None, 0.8, 3568.16, 21, 1, smm_btc, 155021958661, True
btc_pax, None, 0.569179, 3578.79, 23, 1, smm_btc, 155021959464, False
btc_pax, None, 0.8, 3569.62, 21, 1, smm_btc, 155021959465, False
btc_pax, None, 0.569179, 3578.79, 23, 1, smm_btc, 155021959464, True
btc_pax, None, 0.569179, 3578.77, 23, 1, smm_btc, 155021960467, False
btc_pax, None, 0.569179, 3578.77, 23, 1, smm_btc, 155021960467, True
btc_pax, None, 0.569179, 3578.75, 23, 1, smm_btc, 155021961269, False
btc_pax, None, 0.8, 3569.62, 21, 1, smm_btc, 155021959465, True
btc_pax, None, 0.569179, 3578.75, 23, 1, smm_btc, 155021961269, True
btc_pax, None, 0.8, 3569.78, 21, 1, smm_btc, 155021961572, False
btc_pax, None, 0.569179, 3578.69, 23, 1, smm_btc, 155021961873, False
btc_pax, None, 0.569179, 3578.69, 23, 1, smm_btc, 155021961873, True
btc_pax, None, 0.8, 3569.78, 21, 1, smm_btc, 155021961572, True
btc_pax, None, 0.569179, 3578.86, 23, 1, smm_btc, 155021962576, False
btc_pax, None, 0.8, 3569.62, 21, 1, smm_btc, 155021962577, False
btc_pax, None, 0.569179, 3578.86, 23, 1, smm_btc, 155021962576, True
btc_pax, None, 0.8, 3569.62, 21, 1, smm_btc, 155021962577, True
btc_pax, None, 0.569179, 3578.83, 23, 1, smm_btc, 155021963780, False
btc_pax, None, 0.8, 3569.62, 21, 1, smm_btc, 155021963781, False
btc_pax, None, 0.569179, 3578.83, 23, 1, smm_btc, 155021963780, True
btc_pax, None, 0.569179, 3578.78, 23, 1, smm_btc, 155021965183, False
btc_pax, None, 0.8, 3569.62, 21, 1, smm_btc, 155021963781, True
btc_pax, None, 0.569179, 3578.78, 23, 1, smm_btc, 155021965183, True
btc_pax, None, 0.8, 3568.16, 21, 1, smm_btc, 155021965486, False
btc_pax, None, 0.569179, 3578.76, 23, 1, smm_btc, 155021965887, False
btc_pax, None, 0.8, 3568.16, 21, 1, smm_btc, 155021965486, True
btc_pax, None, 0.569179, 3578.76, 23, 1, smm_btc, 155021965887, True
btc_pax, None, 0.8, 3569.78, 21, 1, smm_btc, 155021966190, False
btc_pax, None, 0.569179, 3578.89, 23, 1, smm_btc, 155021966491, False
btc_pax, None, 0.569179, 3578.89, 23, 1, smm_btc, 155021966491, True
btc_pax, None, 0.569179, 3578.96, 23, 1, smm_btc, 155021967093, False
btc_pax, None, 0.8, 3569.78, 21, 1, smm_btc, 155021966190, True
btc_pax, None, 0.569179, 3578.96, 23, 1, smm_btc, 155021967093, True
btc_pax, None, 0.8, 3569.62, 21, 1, smm_btc, 155021967396, False
btc_pax, None, 0.569179, 3578.69, 23, 1, smm_btc, 155021967697, False
btc_pax, None, 0.8, 3581.11, 23, 1, smm_btc, 155021969298, False
btc_pax, None, 0.8, 3581.11, 23, 1, smm_btc, 155021969298, True
btc_pax, None, 0.8, 3569.62, 21, 1, smm_btc, 155021967396, True
btc_pax, None, 0.8, 3581.08, 23, 1, smm_btc, 155021970201, False
btc_pax, None, 0.8, 3578.7, 21, 1, smm_btc, 155021970602, False
btc_pax, None, 0.8, 3581.08, 23, 1, smm_btc, 155021970201, True
btc_pax, None, 0.8, 3581.59, 23, 1, smm_btc, 155021971304, False
btc_pax, None, 0.8, 3578.7, 21, 1, smm_btc, 155021970602, True
btc_pax, None, 0.8, 3581.59, 23, 1, smm_btc, 155021971304, True
btc_pax, None, 0.8, 3581.59, 23, 1, smm_btc, 155021975507, False
btc_pax, None, 0.8, 3570.88, 21, 1, smm_btc, 155021977708, False
btc_pax, None, 0.8, 3581.59, 23, 1, smm_btc, 155021975507, True
btc_pax, None, 0.8, 3570.88, 21, 1, smm_btc, 155021977708, True
btc_pax, None, 0.8, 3581.63, 23, 1, smm_btc, 155021978311, False
btc_pax, None, 0.8, 3579.55, 21, 1, smm_btc, 155021978612, False
btc_pax, None, 0.8, 3581.63, 23, 1, smm_btc, 155021978311, True
btc_pax, None, 0.8, 3581.59, 23, 1, smm_btc, 155021978914, False
btc_pax, None, 0.8, 3579.55, 21, 1, smm_btc, 155021978612, True
btc_pax, None, 0.8, 3580.36, 21, 1, smm_btc, 155021979716, False
btc_pax, None, 0.8, 3580.36, 21, 1, smm_btc, 155021979716, True
btc_pax, None, 0.8, 3581.59, 23, 1, smm_btc, 155021978914, True
btc_pax, None, 0.8, 3580.33, 21, 1, smm_btc, 155021981619, False
btc_pax, None, 0.8, 3581.62, 23, 1, smm_btc, 155021981720, False
btc_pax, None, 0.8, 3580.33, 21, 1, smm_btc, 155021981619, True
btc_pax, None, 0.8, 3581.62, 23, 1, smm_btc, 155021981720, True
btc_pax, None, 0.8, 3579.42, 21, 1, smm_btc, 155021982523, False
btc_pax, None, 0.8, 3581.59, 23, 1, smm_btc, 155021982624, False
btc_pax, None, 0.8, 3579.42, 21, 1, smm_btc, 155021982523, True
btc_pax, None, 0.8, 3581.59, 23, 1, smm_btc, 155021982624, True
btc_pax, None, 0.8, 3579.38, 21, 1, smm_btc, 155021984827, False
btc_pax, None, 0.8, 3581.63, 23, 1, smm_btc, 155021984828, False
btc_pax, None, 0.8, 3579.38, 21, 1, smm_btc, 155021984827, True
btc_pax, None, 0.8, 3581.63, 23, 1, smm_btc, 155021984828, True
btc_pax, None, 0.8, 3579.42, 21, 1, smm_btc, 155021985831, False
btc_pax, None, 0.8, 3581.59, 23, 1, smm_btc, 155021985832, False
btc_pax, None, 0.8, 3579.42, 21, 1, smm_btc, 155021985831, True
btc_pax, None, 0.8, 3581.59, 23, 1, smm_btc, 155021985832, True
btc_pax, None, 0.8, 3581.61, 23, 1, smm_btc, 155021986735, False
btc_pax, None, 0.8, 3571.8, 21, 1, smm_btc, 155021987036, False
btc_pax, None, 0.8, 3581.61, 23, 1, smm_btc, 155021986735, True
btc_pax, None, 0.8, 3581.56, 23, 1, smm_btc, 155021987338, False
btc_pax, None, 0.8, 3571.8, 21, 1, smm_btc, 155021987036, True
btc_pax, None, 0.8, 3579.42, 21, 1, smm_btc, 155021988840, False
btc_pax, None, 0.8, 3579.42, 21, 1, smm_btc, 155021988840, True
btc_pax, None, 0.8, 3578.7, 21, 1, smm_btc, 155021995542, False
btc_pax, None, 0.8, 3581.56, 23, 1, smm_btc, 155021987338, True
btc_pax, None, 0.8, 3580.44, 23, 1, smm_btc, 155021995844, False
btc_pax, None, 0.8, 3578.7, 21, 1, smm_btc, 155021995542, True
btc_pax, None, 0.8, 3580.44, 23, 1, smm_btc, 155021995844, True
btc_pax, None, 0.8, 3578.67, 21, 1, smm_btc, 155021996947, False
btc_pax, None, 0.8, 3580.47, 23, 1, smm_btc, 155021996948, False
btc_pax, None, 0.8, 3578.67, 21, 1, smm_btc, 155021996947, True
btc_pax, None, 0.8, 3580.47, 23, 1, smm_btc, 155021996948, True
btc_pax, None, 0.8, 3578.7, 21, 1, smm_btc, 155021998351, False
btc_pax, None, 0.8, 3580.44, 23, 1, smm_btc, 155021998352, False
btc_pax, None, 0.8, 3580.44, 23, 1, smm_btc, 155021998352, True
btc_pax, None, 0.8, 3580.43, 23, 1, smm_btc, 155022002054, False
btc_pax, None, 0.8, 3580.43, 23, 1, smm_btc, 155022002054, True
btc_pax, None, 0.8, 3578.7, 21, 1, smm_btc, 155021998351, True
btc_pax, None, 0.8, 3579.22, 23, 1, smm_btc, 155022003657, False
btc_pax, None, 0.8, 3579.22, 23, 1, smm_btc, 155022003657, True
btc_pax, None, 0.8, 3569.78, 21, 1, smm_btc, 155022003959, False
btc_pax, None, 0.8, 3578.75, 23, 1, smm_btc, 155022004260, False
btc_pax, None, 0.8, 3569.78, 21, 1, smm_btc, 155022003959, True
btc_pax, None, 0.8, 3578.75, 23, 1, smm_btc, 155022004260, True
btc_pax, None, 0.8, 3569.77, 21, 1, smm_btc, 155022004563, False
btc_pax, None, 0.8, 3578.67, 23, 1, smm_btc, 155022004864, False
btc_pax, None, 0.8, 3569.77, 21, 1, smm_btc, 155022004563, True
btc_pax, None, 0.8, 3578.67, 23, 1, smm_btc, 155022004864, True
btc_pax, None, 0.8, 3569.8, 21, 1, smm_btc, 155022005167, False
btc_pax, None, 0.8, 3578.65, 23, 1, smm_btc, 155022005468, False
btc_pax, None, 0.8, 3578.65, 23, 1, smm_btc, 155022005468, True
btc_pax, None, 0.8, 3578.63, 23, 1, smm_btc, 155022006070, False
btc_pax, None, 0.8, 3569.8, 21, 1, smm_btc, 155022005167, True
btc_pax, None, 0.8, 3578.63, 23, 1, smm_btc, 155022006070, True
btc_pax, None, 0.8, 3569.94, 21, 1, smm_btc, 155022006473, False
btc_pax, None, 0.8, 3578.61, 23, 1, smm_btc, 155022006774, False
btc_pax, None, 0.8, 3578.61, 23, 1, smm_btc, 155022006774, True
btc_pax, None, 0.8, 3578.59, 23, 1, smm_btc, 155022007576, False
btc_pax, None, 0.8, 3569.94, 21, 1, smm_btc, 155022006473, True
btc_pax, None, 0.8, 3578.59, 23, 1, smm_btc, 155022007576, True
btc_pax, None, 0.8, 3569.8, 21, 1, smm_btc, 155022007879, False
btc_pax, None, 0.8, 3578.57, 23, 1, smm_btc, 155022008180, False
btc_pax, None, 0.8, 3569.8, 21, 1, smm_btc, 155022007879, True
btc_pax, None, 0.8, 3578.57, 23, 1, smm_btc, 155022008180, True
btc_pax, None, 0.8, 3569.9, 21, 1, smm_btc, 155022010383, False
btc_pax, None, 0.8, 3578.56, 23, 1, smm_btc, 155022010884, False
btc_pax, None, 0.8, 3569.9, 21, 1, smm_btc, 155022010383, True
btc_pax, None, 0.8, 3569.9, 21, 1, smm_btc, 155022011286, False
btc_pax, None, 0.8, 3569.9, 21, 1, smm_btc, 155022011286, True
btc_pax, None, 0.8, 3569.9, 21, 1, smm_btc, 155022013588, False
btc_pax, None, 0.8, 3569.9, 21, 1, smm_btc, 155022013588, True
btc_pax, None, 0.8, 3570.45, 21, 1, smm_btc, 155022014390, False
btc_pax, None, 0.8, 3578.56, 23, 1, smm_btc, 155022010884, True
btc_pax, None, 0.7, 3578.56, 23, 1, smm_btc, 155022018292, False
btc_pax, None, 0.8, 3570.45, 21, 1, smm_btc, 155022014390, True
btc_pax, None, 0.8, 3578.15, 21, 1, smm_btc, 155022020894, False
btc_pax, None, 0.8, 3578.61, 23, 1, smm_btc, 155022020895, False
btc_pax, None, 0.8, 3578.15, 21, 1, smm_btc, 155022020894, True
btc_pax, None, 0.8, 3578.61, 23, 1, smm_btc, 155022020895, True
btc_pax, None, 0.8, 3578.19, 21, 1, smm_btc, 155022022998, False
btc_pax, None, 0.8, 3578.57, 23, 1, smm_btc, 155022023099, False
btc_pax, None, 0.8, 3578.57, 23, 1, smm_btc, 155022023099, True
btc_pax, None, 0.8, 3579.17, 23, 1, smm_btc, 155022023901, False
btc_pax, None, 0.8, 3578.19, 21, 1, smm_btc, 155022022998, True
btc_pax, None, 0.8, 3579.17, 23, 1, smm_btc, 155022023901, True
btc_pax, None, 0.8, 3578.16, 21, 1, smm_btc, 155022029504, False
btc_pax, None, 0.8, 3579.2, 23, 1, smm_btc, 155022029505, False
btc_pax, None, 0.8, 3578.16, 21, 1, smm_btc, 155022029504, True
btc_pax, None, 0.8, 3578.91, 21, 1, smm_btc, 155022031507, False
btc_pax, None, 0.8, 3579.2, 23, 1, smm_btc, 155022029505, True
btc_pax, None, 0.212232, 3590.0, 23, 1, smm_btc, 155022031909, False
btc_pax, None, 0.212232, 3590.0, 23, 1, smm_btc, 155022031909, True
btc_pax, None, 0.212232, 3588.91, 23, 1, smm_btc, 155022032511, False
btc_pax, None, 0.212232, 3588.91, 23, 1, smm_btc, 155022032511, True
btc_pax, None, 0.212232, 3590.0, 23, 1, smm_btc, 155022033213, False
btc_pax, None, 0.8, 3578.91, 21, 1, smm_btc, 155022031507, True
btc_pax, None, 0.212232, 3590.0, 23, 1, smm_btc, 155022033213, True
btc_pax, None, 0.8, 3578.93, 21, 1, smm_btc, 155022033816, False
btc_pax, None, 0.212232, 3590.0, 23, 1, smm_btc, 155022033817, False
btc_pax, None, 0.212232, 3590.0, 23, 1, smm_btc, 155022033817, True
btc_pax, None, 0.212232, 3590.0, 23, 1, smm_btc, 155022036219, False
btc_pax, None, 0.212232, 3590.0, 23, 1, smm_btc, 155022036219, True
btc_pax, None, 0.212232, 3590.21, 23, 1, smm_btc, 155022037121, False
btc_pax, None, 0.212232, 3590.21, 23, 1, smm_btc, 155022037121, True
btc_pax, None, 0.212232, 3590.0, 23, 1, smm_btc, 155022038823, False
btc_pax, None, 0.212232, 3590.0, 23, 1, smm_btc, 155022038823, True
btc_pax, None, 0.212232, 3588.7, 23, 1, smm_btc, 155022039625, False
btc_pax, None, 0.212232, 3588.7, 23, 1, smm_btc, 155022039625, True
btc_pax, None, 0.8, 3578.93, 21, 1, smm_btc, 155022033816, True
btc_pax, None, 0.212232, 3590.0, 23, 1, smm_btc, 155022040228, False
btc_pax, None, 0.791288, 3579.18, 21, 1, smm_btc, 155022040829, False
btc_pax, None, 0.791288, 3579.18, 21, 1, smm_btc, 155022040829, True
btc_pax, None, 0.791288, 3579.04, 21, 1, smm_btc, 155022042131, False
btc_pax, None, 0.212232, 3590.0, 23, 1, smm_btc, 155022040228, True
btc_pax, None, 0.212232, 3590.0, 23, 1, smm_btc, 155022042433, False
btc_pax, None, 0.791288, 3579.04, 21, 1, smm_btc, 155022042131, True
btc_pax, None, 0.212232, 3590.0, 23, 1, smm_btc, 155022042433, True
btc_pax, None, 0.791288, 3579.11, 21, 1, smm_btc, 155022043236, False
btc_pax, None, 0.212232, 3588.92, 23, 1, smm_btc, 155022043237, False
btc_pax, None, 0.791288, 3579.11, 21, 1, smm_btc, 155022043236, True
btc_pax, None, 0.212232, 3588.92, 23, 1, smm_btc, 155022043237, True
btc_pax, None, 0.791288, 3579.14, 21, 1, smm_btc, 155022044140, False
btc_pax, None, 0.212232, 3589.06, 23, 1, smm_btc, 155022044141, False
btc_pax, None, 0.791288, 3579.14, 21, 1, smm_btc, 155022044140, True
btc_pax, None, 0.212232, 3589.06, 23, 1, smm_btc, 155022044141, True
btc_pax, None, 0.791288, 3579.2, 21, 1, smm_btc, 155022044744, False
btc_pax, None, 0.212232, 3589.06, 23, 1, smm_btc, 155022044745, False
btc_pax, None, 0.791288, 3579.2, 21, 1, smm_btc, 155022044744, True
btc_pax, None, 0.791288, 3579.23, 21, 1, smm_btc, 155022045347, False
btc_pax, None, 0.791288, 3579.23, 21, 1, smm_btc, 155022045347, True
btc_pax, None, 0.791288, 3579.32, 21, 1, smm_btc, 155022046149, False
btc_pax, None, 0.791288, 3579.32, 21, 1, smm_btc, 155022046149, True
btc_pax, None, 0.212232, 3589.06, 23, 1, smm_btc, 155022044745, True
btc_pax, None, 0.791288, 3579.39, 21, 1, smm_btc, 155022046752, False
btc_pax, None, 0.212232, 3590.0, 23, 1, smm_btc, 155022046753, False
btc_pax, None, 0.791288, 3579.39, 21, 1, smm_btc, 155022046752, True
btc_pax, None, 0.791288, 3579.41, 21, 1, smm_btc, 155022047555, False
btc_pax, None, 0.791288, 3579.41, 21, 1, smm_btc, 155022047555, True
btc_pax, None, 0.791288, 3579.38, 21, 1, smm_btc, 155022048257, False
btc_pax, None, 0.791288, 3579.38, 21, 1, smm_btc, 155022048257, True
btc_pax, None, 0.212232, 3590.0, 23, 1, smm_btc, 155022046753, True
btc_pax, None, 0.791288, 3579.78, 21, 1, smm_btc, 155022048860, False
btc_pax, None, 0.212232, 3589.41, 23, 1, smm_btc, 155022048861, False
btc_pax, None, 0.212232, 3589.41, 23, 1, smm_btc, 155022048861, True
btc_pax, None, 0.212232, 3589.22, 23, 1, smm_btc, 155022050663, False
btc_pax, None, 0.212232, 3589.22, 23, 1, smm_btc, 155022050663, True
btc_pax, None, 0.212232, 3589.41, 23, 1, smm_btc, 155022051465, False
btc_pax, None, 0.212232, 3589.41, 23, 1, smm_btc, 155022051465, True
btc_pax, None, 0.212232, 3589.19, 23, 1, smm_btc, 155022053267, False
btc_pax, None, 0.212232, 3589.19, 23, 1, smm_btc, 155022053267, True
btc_pax, None, 0.212232, 3589.41, 23, 1, smm_btc, 155022054269, False
btc_pax, None, 0.212232, 3589.41, 23, 1, smm_btc, 155022054269, True
btc_pax, None, 0.212232, 3589.33, 23, 1, smm_btc, 155022055671, False
btc_pax, None, 0.212232, 3589.33, 23, 1, smm_btc, 155022055671, True
btc_pax, None, 0.212232, 3589.64, 23, 1, smm_btc, 155022056273, False
btc_pax, None, 0.791288, 3579.78, 21, 1, smm_btc, 155022048860, True
btc_pax, None, 0.791288, 3579.97, 21, 1, smm_btc, 155022056875, False
btc_pax, None, 0.212232, 3589.64, 23, 1, smm_btc, 155022056273, True
btc_pax, None, 0.8, 3577.93, 21, 1, smm_btc, 155022058177, False
btc_pax, None, 0.212232, 3580.46, 23, 1, smm_btc, 155022058178, False
btc_pax, None, 0.8, 3577.93, 21, 1, smm_btc, 155022058177, True
btc_pax, None, 0.212232, 3580.46, 23, 1, smm_btc, 155022058178, True
btc_pax, None, 0.8, 3577.96, 21, 1, smm_btc, 155022059781, False
btc_pax, None, 0.212232, 3580.43, 23, 1, smm_btc, 155022059782, False
btc_pax, None, 0.8, 3577.96, 21, 1, smm_btc, 155022059781, True
btc_pax, None, 0.8, 3577.61, 21, 1, smm_btc, 155022062284, False
btc_pax, None, 0.8, 3577.61, 21, 1, smm_btc, 155022062284, True
btc_pax, None, 0.212232, 3580.43, 23, 1, smm_btc, 155022059782, True
btc_pax, None, 0.8, 3577.58, 21, 1, smm_btc, 155022067387, False
btc_pax, None, 0.212232, 3580.46, 23, 1, smm_btc, 155022067388, False
btc_pax, None, 0.8, 3577.58, 21, 1, smm_btc, 155022067387, True
btc_pax, None, 0.212232, 3580.46, 23, 1, smm_btc, 155022067388, True
btc_pax, None, 0.8, 3571.23, 21, 1, smm_btc, 155022068791, False
btc_pax, None, 0.212232, 3586.95, 23, 1, smm_btc, 155022068792, False
btc_pax, None, 0.8, 3571.23, 21, 1, smm_btc, 155022068791, True
btc_pax, None, 0.212232, 3586.95, 23, 1, smm_btc, 155022068792, True
btc_pax, None, 0.8, 3570.09, 21, 1, smm_btc, 155022069395, False
btc_pax, None, 0.212232, 3586.95, 23, 1, smm_btc, 155022069396, False
btc_pax, None, 0.8, 3570.09, 21, 1, smm_btc, 155022069395, True
btc_pax, None, 0.8, 3576.94, 21, 1, smm_btc, 155022070098, False
btc_pax, None, 0.212232, 3586.95, 23, 1, smm_btc, 155022069396, True
btc_pax, None, 0.212232, 3580.36, 23, 1, smm_btc, 155022070800, False
btc_pax, None, 0.212232, 3580.36, 23, 1, smm_btc, 155022070800, True
btc_pax, None, 0.212232, 3579.03, 23, 1, smm_btc, 155022073502, False
btc_pax, None, 0.212232, 3579.03, 23, 1, smm_btc, 155022073502, True
btc_pax, None, 0.212232, 3576.93, 23, 1, smm_btc, 155022077104, False
btc_pax, None, 0.8, 3567.77, 21, 1, smm_btc, 155022077105, False
btc_pax, None, 0.212232, 3576.93, 23, 1, smm_btc, 155022077104, True
btc_pax, None, 0.8, 3567.77, 21, 1, smm_btc, 155022077105, True
btc_pax, None, 0.212232, 3576.87, 23, 1, smm_btc, 155022077708, False
btc_pax, None, 0.8, 3567.12, 21, 1, smm_btc, 155022077709, False
btc_pax, None, 0.212232, 3576.87, 23, 1, smm_btc, 155022077708, True
btc_pax, None, 0.8, 3567.12, 21, 1, smm_btc, 155022077709, True
btc_pax, None, 0.178735, 3576.93, 23, 1, smm_btc, 155022078312, False
btc_pax, None, 0.8, 3567.77, 21, 1, smm_btc, 155022078313, False
btc_pax, None, 0.178735, 3576.93, 23, 1, smm_btc, 155022078312, True
btc_pax, None, 0.8, 3567.77, 21, 1, smm_btc, 155022078313, True
btc_pax, None, 0.178735, 3576.93, 23, 1, smm_btc, 155022078916, False
btc_pax, None, 0.8, 3567.12, 21, 1, smm_btc, 155022078917, False
btc_pax, None, 0.178735, 3576.93, 23, 1, smm_btc, 155022078916, True
btc_pax, None, 0.8, 3567.12, 21, 1, smm_btc, 155022078917, True
btc_pax, None, 0.178735, 3577.49, 23, 1, smm_btc, 155022080820, False
btc_pax, None, 0.8, 3568.49, 21, 1, smm_btc, 155022080821, False
btc_pax, None, 0.178735, 3577.49, 23, 1, smm_btc, 155022080820, True
btc_pax, None, 0.178735, 3577.43, 23, 1, smm_btc, 155022081423, False
btc_pax, None, 0.8, 3568.49, 21, 1, smm_btc, 155022080821, True
btc_pax, None, 0.178735, 3577.43, 23, 1, smm_btc, 155022081423, True
btc_pax, None, 0.8, 3567.77, 21, 1, smm_btc, 155022081726, False
btc_pax, None, 0.178735, 3578.3, 23, 1, smm_btc, 155022082027, False
btc_pax, None, 0.8, 3567.77, 21, 1, smm_btc, 155022081726, True
btc_pax, None, 0.178735, 3578.3, 23, 1, smm_btc, 155022082027, True
btc_pax, None, 0.8, 3566.85, 21, 1, smm_btc, 155022082330, False
btc_pax, None, 0.178735, 3578.09, 23, 1, smm_btc, 155022082631, False
btc_pax, None, 0.8, 3566.85, 21, 1, smm_btc, 155022082330, True
btc_pax, None, 0.178735, 3578.09, 23, 1, smm_btc, 155022082631, True
btc_pax, None, 0.8, 3566.72, 21, 1, smm_btc, 155022082934, False
btc_pax, None, 0.178735, 3577.86, 23, 1, smm_btc, 155022083235, False
btc_pax, None, 0.178735, 3577.86, 23, 1, smm_btc, 155022083235, True
btc_pax, None, 0.178735, 3577.75, 23, 1, smm_btc, 155022084237, False
btc_pax, None, 0.178735, 3577.75, 23, 1, smm_btc, 155022084237, True
btc_pax, None, 0.178735, 3577.59, 23, 1, smm_btc, 155022084839, False
btc_pax, None, 0.178735, 3577.59, 23, 1, smm_btc, 155022084839, True
btc_pax, None, 0.178735, 3577.16, 23, 1, smm_btc, 155022085641, False
btc_pax, None, 0.178735, 3577.16, 23, 1, smm_btc, 155022085641, True
btc_pax, None, 0.178735, 3577.16, 23, 1, smm_btc, 155022086243, False
btc_pax, None, 0.178735, 3577.16, 23, 1, smm_btc, 155022086243, True
btc_pax, None, 0.8, 3566.72, 21, 1, smm_btc, 155022082934, True
btc_pax, None, 0.178735, 3577.31, 23, 1, smm_btc, 155022086946, False
btc_pax, None, 0.8, 3566.85, 21, 1, smm_btc, 155022087047, False
btc_pax, None, 0.178735, 3577.31, 23, 1, smm_btc, 155022086946, True
btc_pax, None, 0.178735, 3577.29, 23, 1, smm_btc, 155022088249, False
btc_pax, None, 0.8, 3566.85, 21, 1, smm_btc, 155022087047, True
btc_pax, None, 0.178735, 3577.29, 23, 1, smm_btc, 155022088249, True
btc_pax, None, 0.8, 3566.72, 21, 1, smm_btc, 155022088552, False
btc_pax, None, 0.178735, 3577.27, 23, 1, smm_btc, 155022088953, False
btc_pax, None, 0.178735, 3577.27, 23, 1, smm_btc, 155022088953, True
btc_pax, None, 0.178735, 3577.25, 23, 1, smm_btc, 155022090255, False
btc_pax, None, 0.178735, 3577.25, 23, 1, smm_btc, 155022090255, True
btc_pax, None, 0.178735, 3577.1, 23, 1, smm_btc, 155022091057, False
btc_pax, None, 0.8, 3566.72, 21, 1, smm_btc, 155022088552, True
btc_pax, None, 0.178735, 3577.1, 23, 1, smm_btc, 155022091057, True
btc_pax, None, 0.8, 3566.72, 21, 1, smm_btc, 155022091560, False
btc_pax, None, 0.178735, 3577.05, 23, 1, smm_btc, 155022091861, False
btc_pax, None, 0.178735, 3577.05, 23, 1, smm_btc, 155022091861, True
btc_pax, None, 0.178735, 3576.89, 23, 1, smm_btc, 155022092463, False
btc_pax, None, 0.178735, 3576.89, 23, 1, smm_btc, 155022092463, True
btc_pax, None, 0.178735, 3576.85, 23, 1, smm_btc, 155022093465, False
btc_pax, None, 0.178735, 3576.85, 23, 1, smm_btc, 155022093465, True
btc_pax, None, 0.8, 3566.72, 21, 1, smm_btc, 155022091560, True
btc_pax, None, 0.178735, 3577.02, 23, 1, smm_btc, 155022094068, False
btc_pax, None, 0.8, 3566.72, 21, 1, smm_btc, 155022094169, False
btc_pax, None, 0.178735, 3577.02, 23, 1, smm_btc, 155022094068, True
btc_pax, None, 0.8, 3566.72, 21, 1, smm_btc, 155022094169, True
btc_pax, None, 0.178735, 3577.0, 23, 1, smm_btc, 155022094772, False
btc_pax, None, 0.8, 3566.85, 21, 1, smm_btc, 155022094773, False
btc_pax, None, 0.178735, 3577.0, 23, 1, smm_btc, 155022094772, True
btc_pax, None, 0.8, 3566.85, 21, 1, smm_btc, 155022094773, True
btc_pax, None, 0.178735, 3576.93, 23, 1, smm_btc, 155022095376, False
btc_pax, None, 0.8, 3566.85, 21, 1, smm_btc, 155022095377, False
btc_pax, None, 0.178735, 3576.93, 23, 1, smm_btc, 155022095376, True
btc_pax, None, 0.178735, 3576.86, 23, 1, smm_btc, 155022095979, False
btc_pax, None, 0.8, 3566.85, 21, 1, smm_btc, 155022095377, True
btc_pax, None, 0.178735, 3576.86, 23, 1, smm_btc, 155022095979, True
btc_pax, None, 0.8, 3566.72, 21, 1, smm_btc, 155022096282, False
btc_pax, None, 0.178735, 3576.84, 23, 1, smm_btc, 155022096683, False
btc_pax, None, 0.8, 3566.72, 21, 1, smm_btc, 155022096282, True
btc_pax, None, 0.178735, 3576.84, 23, 1, smm_btc, 155022096683, True
btc_pax, None, 0.8, 3566.99, 21, 1, smm_btc, 155022097286, False
btc_pax, None, 0.178735, 3575.46, 23, 1, smm_btc, 155022097587, False
btc_pax, None, 0.8, 3566.99, 21, 1, smm_btc, 155022097286, True
btc_pax, None, 0.8, 3566.85, 21, 1, smm_btc, 155022098389, False
btc_pax, None, 0.8, 3566.85, 21, 1, smm_btc, 155022098389, True
btc_pax, None, 0.8, 3577.39, 23, 1, smm_btc, 155022099691, False
btc_pax, None, 0.8, 3566.99, 21, 1, smm_btc, 155022099692, False
btc_pax, None, 0.8, 3577.39, 23, 1, smm_btc, 155022099691, True
btc_pax, None, 0.8, 3577.07, 23, 1, smm_btc, 155022100494, False
btc_pax, None, 0.8, 3566.99, 21, 1, smm_btc, 155022099692, True
btc_pax, None, 0.8, 3577.07, 23, 1, smm_btc, 155022100494, True
btc_pax, None, 0.8, 3566.72, 21, 1, smm_btc, 155022100797, False
btc_pax, None, 0.8, 3576.81, 23, 1, smm_btc, 155022101098, False
btc_pax, None, 0.8, 3576.81, 23, 1, smm_btc, 155022101098, True
btc_pax, None, 0.8, 3576.55, 23, 1, smm_btc, 155022101700, False
btc_pax, None, 0.8, 3576.55, 23, 1, smm_btc, 155022101700, True
btc_pax, None, 0.8, 3576.52, 23, 1, smm_btc, 155022103002, False
btc_pax, None, 0.8, 3576.52, 23, 1, smm_btc, 155022103002, True
btc_pax, None, 0.8, 3576.51, 23, 1, smm_btc, 155022103804, False
btc_pax, None, 0.8, 3576.51, 23, 1, smm_btc, 155022103804, True
btc_pax, None, 0.8, 3576.37, 23, 1, smm_btc, 155022104406, False
btc_pax, None, 0.8, 3576.37, 23, 1, smm_btc, 155022104406, True
btc_pax, None, 0.8, 3576.87, 23, 1, smm_btc, 155022105008, False
btc_pax, None, 0.8, 3566.72, 21, 1, smm_btc, 155022100797, True
btc_pax, None, 0.8, 3576.87, 23, 1, smm_btc, 155022105008, True
btc_pax, None, 0.8, 3566.85, 21, 1, smm_btc, 155022105311, False
btc_pax, None, 0.8, 3576.85, 23, 1, smm_btc, 155022105612, False
btc_pax, None, 0.8, 3566.85, 21, 1, smm_btc, 155022105311, True
btc_pax, None, 0.8, 3566.99, 21, 1, smm_btc, 155022105914, False
btc_pax, None, 0.8, 3566.99, 21, 1, smm_btc, 155022105914, True
btc_pax, None, 0.8, 3576.85, 23, 1, smm_btc, 155022105612, True
btc_pax, None, 0.8, 3566.85, 21, 1, smm_btc, 155022110417, False
btc_pax, None, 0.8, 3576.83, 23, 1, smm_btc, 155022110818, False
btc_pax, None, 0.8, 3566.85, 21, 1, smm_btc, 155022110417, True
btc_pax, None, 0.8, 3576.83, 23, 1, smm_btc, 155022110818, True
btc_pax, None, 0.8, 3568.1, 21, 1, smm_btc, 155022111121, False
btc_pax, None, 0.8, 3576.82, 23, 1, smm_btc, 155022111422, False
btc_pax, None, 0.8, 3568.1, 21, 1, smm_btc, 155022111121, True
btc_pax, None, 0.8, 3576.82, 23, 1, smm_btc, 155022111422, True
btc_pax, None, 0.8, 3567.72, 21, 1, smm_btc, 155022111825, False
btc_pax, None, 0.8, 3576.85, 23, 1, smm_btc, 155022112126, False
btc_pax, None, 0.8, 3567.72, 21, 1, smm_btc, 155022111825, True
btc_pax, None, 0.8, 3567.72, 21, 1, smm_btc, 155022112828, False
btc_pax, None, 0.8, 3567.72, 21, 1, smm_btc, 155022112828, True
btc_pax, None, 0.8, 3567.72, 21, 1, smm_btc, 155022113930, False
btc_pax, None, 0.8, 3567.72, 21, 1, smm_btc, 155022113930, True
btc_pax, None, 0.8, 3568.15, 21, 1, smm_btc, 155022114832, False
btc_pax, None, 0.8, 3576.85, 23, 1, smm_btc, 155022112126, True
btc_pax, None, 0.8, 3568.15, 21, 1, smm_btc, 155022114832, True
btc_pax, None, 0.8, 3576.52, 23, 1, smm_btc, 155022115835, False
btc_pax, None, 0.8, 3568.15, 21, 1, smm_btc, 155022115836, False
btc_pax, None, 0.8, 3576.52, 23, 1, smm_btc, 155022115835, True
btc_pax, None, 0.8, 3576.42, 23, 1, smm_btc, 155022116438, False
btc_pax, None, 0.8, 3576.42, 23, 1, smm_btc, 155022116438, True
btc_pax, None, 0.8, 3576.3, 23, 1, smm_btc, 155022117040, False
btc_pax, None, 0.8, 3568.15, 21, 1, smm_btc, 155022115836, True
btc_pax, None, 0.8, 3567.72, 21, 1, smm_btc, 155022117342, False
btc_pax, None, 0.8, 3567.72, 21, 1, smm_btc, 155022117342, True
btc_pax, None, 0.8, 3567.72, 21, 1, smm_btc, 155022117944, False
btc_pax, None, 0.8, 3567.72, 21, 1, smm_btc, 155022117944, True
btc_pax, None, 0.8, 3567.72, 21, 1, smm_btc, 155022119146, False
btc_pax, None, 0.8, 3586.48, 23, 1, smm_btc, 155022119147, False
btc_pax, None, 0.8, 3567.72, 21, 1, smm_btc, 155022119146, True
btc_pax, None, 0.8, 3586.48, 23, 1, smm_btc, 155022119147, True
btc_pax, None, 0.8, 3575.95, 21, 1, smm_btc, 155022119750, False
btc_pax, None, 0.8, 3577.86, 23, 1, smm_btc, 155022119751, False
btc_pax, None, 0.8, 3575.95, 21, 1, smm_btc, 155022119750, True
btc_pax, None, 0.8, 3577.86, 23, 1, smm_btc, 155022119751, True
btc_pax, None, 0.8, 3575.98, 21, 1, smm_btc, 155022120654, False
btc_pax, None, 0.8, 3577.83, 23, 1, smm_btc, 155022120655, False
btc_pax, None, 0.8, 3575.98, 21, 1, smm_btc, 155022120654, True
btc_pax, None, 0.8, 3577.83, 23, 1, smm_btc, 155022120655, True
btc_pax, None, 0.8, 3575.95, 21, 1, smm_btc, 155022121258, False
btc_pax, None, 0.8, 3577.69, 23, 1, smm_btc, 155022121259, False
btc_pax, None, 0.8, 3575.95, 21, 1, smm_btc, 155022121258, True
btc_pax, None, 0.8, 3577.69, 23, 1, smm_btc, 155022121259, True
btc_pax, None, 0.8, 3577.66, 23, 1, smm_btc, 155022122262, False
btc_pax, None, 0.8, 3577.66, 23, 1, smm_btc, 155022122262, True
btc_pax, None, 0.8, 3575.98, 21, 1, smm_btc, 155022123464, False
btc_pax, None, 0.8, 3577.83, 23, 1, smm_btc, 155022123465, False
btc_pax, None, 0.8, 3575.98, 21, 1, smm_btc, 155022123464, True
btc_pax, None, 0.8, 3576.09, 21, 1, smm_btc, 155022124167, False
btc_pax, None, 0.8, 3577.83, 23, 1, smm_btc, 155022123465, True
btc_pax, None, 0.8, 3577.86, 23, 1, smm_btc, 155022125669, False
btc_pax, None, 0.8, 3577.86, 23, 1, smm_btc, 155022125669, True
btc_pax, None, 0.8, 3576.09, 21, 1, smm_btc, 155022124167, True
btc_pax, None, 0.8, 3577.83, 23, 1, smm_btc, 155022126672, False
btc_pax, None, 0.8, 3577.83, 23, 1, smm_btc, 155022126672, True
btc_pax, None, 0.8, 3578.5, 23, 1, smm_btc, 155022127374, False
btc_pax, None, 0.8, 3576.91, 21, 1, smm_btc, 155022127675, False
btc_pax, None, 0.8, 3576.91, 21, 1, smm_btc, 155022127675, True
btc_pax, None, 0.8, 3578.5, 23, 1, smm_btc, 155022127374, True
btc_pax, None, 0.8, 3576.94, 21, 1, smm_btc, 155022128378, False
btc_pax, None, 0.8, 3578.47, 23, 1, smm_btc, 155022128379, False
btc_pax, None, 0.8, 3576.94, 21, 1, smm_btc, 155022128378, True
btc_pax, None, 0.8, 3577.54, 21, 1, smm_btc, 155022129281, False
btc_pax, None, 0.8, 3578.47, 23, 1, smm_btc, 155022128379, True
btc_pax, None, 0.8, 3579.03, 23, 1, smm_btc, 155022129583, False
btc_pax, None, 0.8, 3577.54, 21, 1, smm_btc, 155022129281, True
btc_pax, None, 0.8, 3579.03, 23, 1, smm_btc, 155022129583, True
btc_pax, None, 0.8, 3577.54, 21, 1, smm_btc, 155022131286, False
btc_pax, None, 0.8, 3579.03, 23, 1, smm_btc, 155022131287, False
btc_pax, None, 0.8, 3577.54, 21, 1, smm_btc, 155022131286, True
btc_pax, None, 0.8, 3579.03, 23, 1, smm_btc, 155022131287, True
btc_pax, None, 0.8, 3577.5, 21, 1, smm_btc, 155022131890, False
btc_pax, None, 0.8, 3579.07, 23, 1, smm_btc, 155022131991, False
btc_pax, None, 0.8, 3579.07, 23, 1, smm_btc, 155022131991, True
btc_pax, None, 0.8, 3579.03, 23, 1, smm_btc, 155022132793, False
btc_pax, None, 0.8, 3577.5, 21, 1, smm_btc, 155022131890, True
btc_pax, None, 0.8, 3577.54, 21, 1, smm_btc, 155022133795, False
btc_pax, None, 0.8, 3577.54, 21, 1, smm_btc, 155022133795, True
btc_pax, None, 0.8, 3577.72, 21, 1, smm_btc, 155022138397, False
btc_pax, None, 0.8, 3577.72, 21, 1, smm_btc, 155022138397, True
btc_pax, None, 0.8, 3578.61, 21, 1, smm_btc, 155022139199, False
btc_pax, None, 0.8, 3579.03, 23, 1, smm_btc, 155022132793, True
btc_pax, None, 0.8, 3579.06, 23, 1, smm_btc, 155022139401, False
btc_pax, None, 0.8, 3578.61, 21, 1, smm_btc, 155022139199, True
btc_pax, None, 0.8, 3579.06, 23, 1, smm_btc, 155022139401, True
btc_pax, None, 0.8, 3578.61, 21, 1, smm_btc, 155022142704, False
btc_pax, None, 0.8, 3579.06, 23, 1, smm_btc, 155022142705, False
btc_pax, None, 0.8, 3578.61, 21, 1, smm_btc, 155022142704, True
btc_pax, None, 0.8, 3579.86, 21, 1, smm_btc, 155022143307, False
btc_pax, None, 0.8, 3590.0, 23, 1, smm_btc, 155022143308, False
btc_pax, None, 0.8, 3590.0, 23, 1, smm_btc, 155022143308, True
btc_pax, None, 0.8, 3590.05, 23, 1, smm_btc, 155022144310, False
btc_pax, None, 0.8, 3590.05, 23, 1, smm_btc, 155022144310, True
btc_pax, None, 0.8, 3590.0, 23, 1, smm_btc, 155022145212, False
btc_pax, None, 0.8, 3590.0, 23, 1, smm_btc, 155022145212, True
btc_pax, None, 0.8, 3589.33, 23, 1, smm_btc, 155022146814, False
btc_pax, None, 0.8, 3589.33, 23, 1, smm_btc, 155022146814, True
btc_pax, None, 0.8, 3590.0, 23, 1, smm_btc, 155022148016, False
btc_pax, None, 0.8, 3590.0, 23, 1, smm_btc, 155022148016, True
btc_pax, None, 0.8, 3590.0, 23, 1, smm_btc, 155022150018, False
btc_pax, None, 0.8, 3590.0, 23, 1, smm_btc, 155022150018, True
btc_pax, None, 0.8, 3589.33, 23, 1, smm_btc, 155022151220, False
btc_pax, None, 0.8, 3589.33, 23, 1, smm_btc, 155022151220, True
btc_pax, None, 0.8, 3590.0, 23, 1, smm_btc, 155022151922, False
btc_pax, None, 0.8, 3590.0, 23, 1, smm_btc, 155022151922, True
btc_pax, None, 0.8, 3588.88, 23, 1, smm_btc, 155022152524, False
btc_pax, None, 0.8, 3588.88, 23, 1, smm_btc, 155022152524, True
btc_pax, None, 0.8, 3588.79, 23, 1, smm_btc, 155022154926, False
btc_pax, None, 0.8, 3588.79, 23, 1, smm_btc, 155022154926, True
btc_pax, None, 0.8, 3588.88, 23, 1, smm_btc, 155022156328, False
btc_pax, None, 0.8, 3588.88, 23, 1, smm_btc, 155022156328, True
btc_pax, None, 0.8, 3589.33, 23, 1, smm_btc, 155022157530, False
btc_pax, None, 0.8, 3589.33, 23, 1, smm_btc, 155022157530, True
btc_pax, None, 0.8, 3590.0, 23, 1, smm_btc, 155022158132, False
btc_pax, None, 0.8, 3590.0, 23, 1, smm_btc, 155022158132, True
btc_pax, None, 0.8, 3578.05, 21, 1, smm_btc, 155022161834, False
btc_pax, None, 0.8, 3580.35, 23, 1, smm_btc, 155022161835, False
btc_pax, None, 0.8, 3578.05, 21, 1, smm_btc, 155022161834, True
btc_pax, None, 0.8, 3580.35, 23, 1, smm_btc, 155022161835, True
btc_pax, None, 0.8, 3578.1, 21, 1, smm_btc, 155022163138, False
btc_pax, None, 0.8, 3580.3, 23, 1, smm_btc, 155022163139, False
btc_pax, None, 0.8, 3578.1, 21, 1, smm_btc, 155022163138, True
btc_pax, None, 0.8, 3578.9, 21, 1, smm_btc, 155022164841, False
btc_pax, None, 0.8, 3580.3, 23, 1, smm_btc, 155022163139, True
btc_pax, None, 0.8, 3576.13, 23, 1, smm_btc, 155022168543, False
btc_pax, None, 0.8, 3565.91, 21, 1, smm_btc, 155022168544, False
btc_pax, None, 0.8, 3576.13, 23, 1, smm_btc, 155022168543, True
btc_pax, None, 0.8, 3575.44, 23, 1, smm_btc, 155022169146, False
btc_pax, None, 0.8, 3565.91, 21, 1, smm_btc, 155022168544, True
btc_pax, None, 0.8, 3575.44, 23, 1, smm_btc, 155022169146, True
btc_pax, None, 0.8, 3565.91, 21, 1, smm_btc, 155022169449, False
btc_pax, None, 0.8, 3575.34, 23, 1, smm_btc, 155022169750, False
btc_pax, None, 0.8, 3565.91, 21, 1, smm_btc, 155022169449, True
btc_pax, None, 0.8, 3575.34, 23, 1, smm_btc, 155022169750, True
btc_pax, None, 0.8, 3565.91, 21, 1, smm_btc, 155022170053, False
btc_pax, None, 0.8, 3575.3, 23, 1, smm_btc, 155022170354, False
btc_pax, None, 0.8, 3565.91, 21, 1, smm_btc, 155022170053, True
btc_pax, None, 0.8, 3575.3, 23, 1, smm_btc, 155022170354, True
btc_pax, None, 0.8, 3565.91, 21, 1, smm_btc, 155022171557, False
btc_pax, None, 0.8, 3575.3, 23, 1, smm_btc, 155022171858, False
btc_pax, None, 0.8, 3565.91, 21, 1, smm_btc, 155022171557, True
btc_pax, None, 0.8, 3574.4, 21, 1, smm_btc, 155022172160, False
btc_pax, None, 0.8, 3574.4, 21, 1, smm_btc, 155022172160, True
btc_pax, None, 0.8, 3576.87, 23, 1, smm_btc, 155022172462, False
btc_pax, None, 0.8, 3573.81, 21, 1, smm_btc, 155022172963, False
btc_pax, None, 0.8, 3573.81, 21, 1, smm_btc, 155022172963, True
btc_pax, None, 0.8, 3576.87, 23, 1, smm_btc, 155022172462, True
btc_pax, None, 0.8, 3573.84, 21, 1, smm_btc, 155022173766, False
btc_pax, None, 0.8, 3576.8, 23, 1, smm_btc, 155022173767, False
btc_pax, None, 0.8, 3573.84, 21, 1, smm_btc, 155022173766, True
btc_pax, None, 0.8, 3576.8, 23, 1, smm_btc, 155022173767, True
btc_pax, None, 0.8, 3573.53, 21, 1, smm_btc, 155022175070, False
btc_pax, None, 0.8, 3575.34, 23, 1, smm_btc, 155022175071, False
btc_pax, None, 0.8, 3573.53, 21, 1, smm_btc, 155022175070, True
btc_pax, None, 0.8, 3573.52, 21, 1, smm_btc, 155022175673, False
btc_pax, None, 0.8, 3573.52, 21, 1, smm_btc, 155022175673, True
btc_pax, None, 0.8, 3573.54, 21, 1, smm_btc, 155022176475, False
btc_pax, None, 0.8, 3575.34, 23, 1, smm_btc, 155022175071, True
btc_pax, None, 0.8, 3573.54, 21, 1, smm_btc, 155022176475, True
btc_pax, None, 0.8, 3575.3, 23, 1, smm_btc, 155022176778, False
btc_pax, None, 0.8, 3572.68, 21, 1, smm_btc, 155022177079, False
btc_pax, None, 0.8, 3572.68, 21, 1, smm_btc, 155022177079, True
btc_pax, None, 0.8, 3572.46, 21, 1, smm_btc, 155022177981, False
btc_pax, None, 0.8, 3572.46, 21, 1, smm_btc, 155022177981, True
btc_pax, None, 0.8, 3575.3, 23, 1, smm_btc, 155022176778, True
btc_pax, None, 0.8, 3572.46, 21, 1, smm_btc, 155022178684, False
btc_pax, None, 0.8, 3572.46, 21, 1, smm_btc, 155022178684, True
btc_pax, None, 0.8, 3572.49, 21, 1, smm_btc, 155022179286, False
btc_pax, None, 0.8, 3575.3, 23, 1, smm_btc, 155022179987, False
btc_pax, None, 0.8, 3572.49, 21, 1, smm_btc, 155022179286, True
btc_pax, None, 0.8, 3575.3, 23, 1, smm_btc, 155022179987, True
btc_pax, None, 0.8, 3573.53, 21, 1, smm_btc, 155022180590, False
btc_pax, None, 0.8, 3575.34, 23, 1, smm_btc, 155022180591, False
btc_pax, None, 0.8, 3573.53, 21, 1, smm_btc, 155022180590, True
btc_pax, None, 0.8, 3573.55, 21, 1, smm_btc, 155022181493, False
btc_pax, None, 0.8, 3575.34, 23, 1, smm_btc, 155022180591, True
btc_pax, None, 0.8, 3573.55, 21, 1, smm_btc, 155022181493, True
btc_pax, None, 0.8, 3575.33, 23, 1, smm_btc, 155022182196, False
btc_pax, None, 0.8, 3572.98, 21, 1, smm_btc, 155022183797, False
btc_pax, None, 0.8, 3572.98, 21, 1, smm_btc, 155022183797, True
btc_pax, None, 0.8, 3575.33, 23, 1, smm_btc, 155022182196, True
btc_pax, None, 0.8, 3572.04, 21, 1, smm_btc, 155022184300, False
btc_pax, None, 0.8, 3575.3, 23, 1, smm_btc, 155022184401, False
btc_pax, None, 0.8, 3572.04, 21, 1, smm_btc, 155022184300, True
btc_pax, None, 0.8, 3575.3, 23, 1, smm_btc, 155022184401, True
btc_pax, None, 0.8, 3572.04, 21, 1, smm_btc, 155022185204, False
btc_pax, None, 0.8, 3572.04, 21, 1, smm_btc, 155022185204, True
btc_pax, None, 0.8, 3580.94, 23, 1, smm_btc, 155022185506, False
btc_pax, None, 0.8, 3580.94, 23, 1, smm_btc, 155022185506, True
btc_pax, None, 0.8, 3572.04, 21, 1, smm_btc, 155022186108, False
btc_pax, None, 0.8, 3575.3, 23, 1, smm_btc, 155022186109, False
btc_pax, None, 0.8, 3572.04, 21, 1, smm_btc, 155022186108, True
btc_pax, None, 0.8, 3573.75, 21, 1, smm_btc, 155022188911, False
btc_pax, None, 0.8, 3575.3, 23, 1, smm_btc, 155022186109, True
btc_pax, None, 0.8, 3575.31, 23, 1, smm_btc, 155022189213, False
btc_pax, None, 0.8, 3573.75, 21, 1, smm_btc, 155022188911, True
btc_pax, None, 0.8, 3573.2, 21, 1, smm_btc, 155022190815, False
btc_pax, None, 0.8, 3573.2, 21, 1, smm_btc, 155022190815, True
btc_pax, None, 0.8, 3575.31, 23, 1, smm_btc, 155022189213, True
btc_pax, None, 0.8, 3573.17, 21, 1, smm_btc, 155022192918, False
btc_pax, None, 0.8, 3575.34, 23, 1, smm_btc, 155022192919, False
btc_pax, None, 0.8, 3573.17, 21, 1, smm_btc, 155022192918, True
btc_pax, None, 0.8, 3575.34, 23, 1, smm_btc, 155022192919, True
btc_pax, None, 0.8, 3573.2, 21, 1, smm_btc, 155022194422, False
btc_pax, None, 0.8, 3575.31, 23, 1, smm_btc, 155022194423, False
btc_pax, None, 0.8, 3575.31, 23, 1, smm_btc, 155022194423, True
btc_pax, None, 0.8, 3575.26, 23, 1, smm_btc, 155022196625, False
btc_pax, None, 0.8, 3575.26, 23, 1, smm_btc, 155022196625, True
btc_pax, None, 0.8, 3573.2, 21, 1, smm_btc, 155022194422, True
btc_pax, None, 0.8, 3575.31, 23, 1, smm_btc, 155022197628, False
btc_pax, None, 0.8, 3574.03, 21, 1, smm_btc, 155022197929, False
btc_pax, None, 0.8, 3575.31, 23, 1, smm_btc, 155022197628, True
btc_pax, None, 0.8, 3575.34, 23, 1, smm_btc, 155022198231, False
btc_pax, None, 0.8, 3574.03, 21, 1, smm_btc, 155022197929, True
btc_pax, None, 0.8, 3575.34, 23, 1, smm_btc, 155022198231, True
btc_pax, None, 0.8, 3574.06, 21, 1, smm_btc, 155022199434, False
btc_pax, None, 0.8, 3575.31, 23, 1, smm_btc, 155022199535, False
btc_pax, None, 0.8, 3574.06, 21, 1, smm_btc, 155022199434, True
btc_pax, None, 0.8, 3575.31, 23, 1, smm_btc, 155022199535, True
btc_pax, None, 0.8, 3574.02, 21, 1, smm_btc, 155022205238, False
btc_pax, None, 0.8, 3575.35, 23, 1, smm_btc, 155022205239, False
btc_pax, None, 0.8, 3574.02, 21, 1, smm_btc, 155022205238, True
btc_pax, None, 0.8, 3566.59, 21, 1, smm_btc, 155022206141, False
btc_pax, None, 0.8, 3575.35, 23, 1, smm_btc, 155022205239, True
btc_pax, None, 0.8, 3581.57, 23, 1, smm_btc, 155022206443, False
btc_pax, None, 0.8, 3566.59, 21, 1, smm_btc, 155022206141, True
btc_pax, None, 0.8, 3573.21, 21, 1, smm_btc, 155022207045, False
btc_pax, None, 0.8, 3573.21, 21, 1, smm_btc, 155022207045, True
btc_pax, None, 0.8, 3581.57, 23, 1, smm_btc, 155022206443, True
btc_pax, None, 0.8, 3573.24, 21, 1, smm_btc, 155022207648, False
btc_pax, None, 0.8, 3575.31, 23, 1, smm_btc, 155022207649, False
btc_pax, None, 0.8, 3573.24, 21, 1, smm_btc, 155022207648, True
btc_pax, None, 0.8, 3575.31, 23, 1, smm_btc, 155022207649, True
btc_pax, None, 0.8, 3573.19, 21, 1, smm_btc, 155022208552, False
btc_pax, None, 0.8, 3575.36, 23, 1, smm_btc, 155022208553, False
btc_pax, None, 0.8, 3573.19, 21, 1, smm_btc, 155022208552, True
btc_pax, None, 0.8, 3575.36, 23, 1, smm_btc, 155022208553, True
btc_pax, None, 0.8, 3575.31, 23, 1, smm_btc, 155022209456, False
btc_pax, None, 0.8, 3575.31, 23, 1, smm_btc, 155022209456, True
btc_pax, None, 0.8, 3575.35, 23, 1, smm_btc, 155022211258, False
btc_pax, None, 0.8, 3565.91, 21, 1, smm_btc, 155022211859, False
btc_pax, None, 0.8, 3575.35, 23, 1, smm_btc, 155022211258, True
btc_pax, None, 0.8, 3565.91, 21, 1, smm_btc, 155022211859, True
btc_pax, None, 0.8, 3573.24, 21, 1, smm_btc, 155022212462, False
btc_pax, None, 0.8, 3575.29, 23, 1, smm_btc, 155022212763, False
btc_pax, None, 0.8, 3575.29, 23, 1, smm_btc, 155022212763, True
btc_pax, None, 0.8, 3575.31, 23, 1, smm_btc, 155022214065, False
btc_pax, None, 0.8, 3573.24, 21, 1, smm_btc, 155022212462, True
btc_pax, None, 0.8, 3572.83, 21, 1, smm_btc, 155022221067, False
btc_pax, None, 0.8, 3575.31, 23, 1, smm_btc, 155022214065, True
btc_pax, None, 0.8, 3575.31, 23, 1, smm_btc, 155022222969, False
btc_pax, None, 0.8, 3572.83, 21, 1, smm_btc, 155022221067, True
btc_pax, None, 0.8, 3575.31, 23, 1, smm_btc, 155022222969, True
btc_pax, None, 0.8, 3572.83, 21, 1, smm_btc, 155022226972, False
btc_pax, None, 0.8, 3575.31, 23, 1, smm_btc, 155022226973, False
btc_pax, None, 0.8, 3572.83, 21, 1, smm_btc, 155022226972, True
btc_pax, None, 0.8, 3575.31, 23, 1, smm_btc, 155022226973, True
btc_pax, None, 0.8, 3573.09, 21, 1, smm_btc, 155022229476, False
btc_pax, None, 0.8, 3575.31, 23, 1, smm_btc, 155022229477, False
btc_pax, None, 0.8, 3573.09, 21, 1, smm_btc, 155022229476, True
btc_pax, None, 0.8, 3572.79, 21, 1, smm_btc, 155022231379, False
btc_pax, None, 0.8, 3575.31, 23, 1, smm_btc, 155022229477, True
btc_pax, None, 0.8, 3575.35, 23, 1, smm_btc, 155022231981, False
btc_pax, None, 0.8, 3572.79, 21, 1, smm_btc, 155022231379, True
btc_pax, None, 0.8, 3575.35, 23, 1, smm_btc, 155022231981, True
btc_pax, None, 0.8, 3572.83, 21, 1, smm_btc, 155022232984, False
btc_pax, None, 0.8, 3575.31, 23, 1, smm_btc, 155022232985, False
btc_pax, None, 0.8, 3572.83, 21, 1, smm_btc, 155022232984, True
btc_pax, None, 0.8, 3573.08, 21, 1, smm_btc, 155022238287, False
btc_pax, None, 0.8, 3573.08, 21, 1, smm_btc, 155022238287, True
btc_pax, None, 0.8, 3573.83, 21, 1, smm_btc, 155022242189, False
btc_pax, None, 0.8, 3575.31, 23, 1, smm_btc, 155022232985, True
btc_pax, None, 0.8, 3575.34, 23, 1, smm_btc, 155022243491, False
btc_pax, None, 0.8, 3573.83, 21, 1, smm_btc, 155022242189, True
btc_pax, None, 0.8, 3575.83, 21, 1, smm_btc, 155022244693, False
btc_pax, None, 0.8, 3585.81, 23, 1, smm_btc, 155022244994, False
btc_pax, None, 0.8, 3585.81, 23, 1, smm_btc, 155022244994, True
btc_pax, None, 0.8, 3585.81, 23, 1, smm_btc, 155022245996, False
btc_pax, None, 0.8, 3575.83, 21, 1, smm_btc, 155022244693, True
btc_pax, None, 0.8, 3585.81, 23, 1, smm_btc, 155022245996, True
btc_pax, None, 0.8, 3575.35, 21, 1, smm_btc, 155022246599, False
btc_pax, None, 0.8, 3583.57, 23, 1, smm_btc, 155022246500, False
btc_pax, None, 0.8, 3583.57, 23, 1, smm_btc, 155022246500, True
btc_pax, None, 0.8, 3582.88, 23, 1, smm_btc, 155022247902, False
btc_pax, None, 0.8, 3575.35, 21, 1, smm_btc, 155022246599, True
btc_pax, None, 0.730736, 3575.34, 21, 1, smm_btc, 155022248804, False
btc_pax, None, 0.730736, 3575.34, 21, 1, smm_btc, 155022248804, True
btc_pax, None, 0.650748, 3575.34, 21, 1, smm_btc, 155022249406, False
btc_pax, None, 0.8, 3582.88, 23, 1, smm_btc, 155022247902, True
btc_pax, None, 0.650748, 3575.34, 21, 1, smm_btc, 155022249406, True
btc_pax, None, 0.8, 3583.57, 23, 1, smm_btc, 155022255709, False
btc_pax, None, 0.650748, 3576.09, 21, 1, smm_btc, 155022256010, False
btc_pax, None, 0.8, 3583.57, 23, 1, smm_btc, 155022255709, True
btc_pax, None, 0.8, 3576.61, 23, 1, smm_btc, 155022257812, False
btc_pax, None, 0.8, 3576.05, 21, 1, smm_btc, 155022258113, False
btc_pax, None, 0.8, 3576.61, 23, 1, smm_btc, 155022257812, True
btc_pax, None, 0.8, 3576.87, 23, 1, smm_btc, 155022258815, False
btc_pax, None, 0.8, 3576.05, 21, 1, smm_btc, 155022258113, True
btc_pax, None, 0.8, 3576.87, 23, 1, smm_btc, 155022258815, True
btc_pax, None, 0.8, 3576.08, 21, 1, smm_btc, 155022260218, False
btc_pax, None, 0.8, 3576.84, 23, 1, smm_btc, 155022260219, False
btc_pax, None, 0.8, 3576.84, 23, 1, smm_btc, 155022260219, True
btc_pax, None, 0.8, 3576.52, 23, 1, smm_btc, 155022261921, False
btc_pax, None, 0.8, 3567.38, 21, 1, smm_btc, 155022261922, False
btc_pax, None, 0.8, 3576.52, 23, 1, smm_btc, 155022261921, True
btc_pax, None, 0.8, 3567.38, 21, 1, smm_btc, 155022261922, True
btc_pax, None, 0.8, 3576.37, 23, 1, smm_btc, 155022262525, False
btc_pax, None, 0.8, 3566.15, 21, 1, smm_btc, 155022262526, False
btc_pax, None, 0.8, 3576.37, 23, 1, smm_btc, 155022262525, True
btc_pax, None, 0.8, 3576.16, 23, 1, smm_btc, 155022263128, False
btc_pax, None, 0.8, 3576.16, 23, 1, smm_btc, 155022263128, True
btc_pax, None, 0.8, 3575.97, 23, 1, smm_btc, 155022263730, False
btc_pax, None, 0.8, 3575.97, 23, 1, smm_btc, 155022263730, True
btc_pax, None, 0.8, 3566.15, 21, 1, smm_btc, 155022262526, True
btc_pax, None, 0.8, 3575.83, 23, 1, smm_btc, 155022264333, False
btc_pax, None, 0.8, 3565.91, 21, 1, smm_btc, 155022264334, False
btc_pax, None, 0.8, 3575.83, 23, 1, smm_btc, 155022264333, True
btc_pax, None, 0.8, 3565.91, 21, 1, smm_btc, 155022264334, True
btc_pax, None, 0.8, 3575.79, 23, 1, smm_btc, 155022265937, False
btc_pax, None, 0.8, 3565.91, 21, 1, smm_btc, 155022265938, False
btc_pax, None, 0.8, 3575.79, 23, 1, smm_btc, 155022265937, True
btc_pax, None, 0.8, 3565.91, 21, 1, smm_btc, 155022265938, True
btc_pax, None, 0.8, 3575.75, 23, 1, smm_btc, 155022266641, False
btc_pax, None, 0.8, 3565.91, 21, 1, smm_btc, 155022266642, False
btc_pax, None, 0.8, 3575.75, 23, 1, smm_btc, 155022266641, True
btc_pax, None, 0.8, 3565.91, 21, 1, smm_btc, 155022266642, True
btc_pax, None, 0.8, 3575.19, 23, 1, smm_btc, 155022267245, False
btc_pax, None, 0.8, 3564.73, 21, 1, smm_btc, 155022267246, False
btc_pax, None, 0.8, 3575.19, 23, 1, smm_btc, 155022267245, True
btc_pax, None, 0.8, 3574.86, 23, 1, smm_btc, 155022267948, False
btc_pax, None, 0.8, 3564.73, 21, 1, smm_btc, 155022267246, True
btc_pax, None, 0.8, 3574.86, 23, 1, smm_btc, 155022267948, True
btc_pax, None, 0.8, 3564.73, 21, 1, smm_btc, 155022268351, False
btc_pax, None, 0.8, 3574.8, 23, 1, smm_btc, 155022268652, False
btc_pax, None, 0.8, 3564.73, 21, 1, smm_btc, 155022268351, True
btc_pax, None, 0.8, 3574.8, 23, 1, smm_btc, 155022268652, True
btc_pax, None, 0.8, 3564.73, 21, 1, smm_btc, 155022268955, False
btc_pax, None, 0.8, 3573.49, 23, 1, smm_btc, 155022269256, False
btc_pax, None, 0.8, 3564.73, 21, 1, smm_btc, 155022268955, True
btc_pax, None, 0.8, 3564.77, 21, 1, smm_btc, 155022271658, False
btc_pax, None, 0.8, 3573.49, 23, 1, smm_btc, 155022269256, True
btc_pax, None, 0.8, 3573.46, 23, 1, smm_btc, 155022272960, False
btc_pax, None, 0.8, 3564.77, 21, 1, smm_btc, 155022271658, True
btc_pax, None, 0.8, 3573.46, 23, 1, smm_btc, 155022272960, True
btc_pax, None, 0.8, 3564.08, 21, 1, smm_btc, 155022273663, False
btc_pax, None, 0.8, 3573.42, 23, 1, smm_btc, 155022273964, False
btc_pax, None, 0.8, 3573.42, 23, 1, smm_btc, 155022273964, True
btc_pax, None, 0.8, 3564.08, 21, 1, smm_btc, 155022273663, True
btc_pax, None, 0.8, 3573.02, 21, 1, smm_btc, 155022275967, False
btc_pax, None, 0.8, 3573.53, 23, 1, smm_btc, 155022275968, False
btc_pax, None, 0.8, 3573.02, 21, 1, smm_btc, 155022275967, True
btc_pax, None, 0.8, 3573.53, 23, 1, smm_btc, 155022275968, True
btc_pax, None, 0.8, 3573.05, 21, 1, smm_btc, 155022279171, False
btc_pax, None, 0.8, 3573.5, 23, 1, smm_btc, 155022279472, False
btc_pax, None, 0.8, 3573.05, 21, 1, smm_btc, 155022279171, True
btc_pax, None, 0.8, 3573.22, 21, 1, smm_btc, 155022285374, False
btc_pax, None, 0.8, 3573.22, 21, 1, smm_btc, 155022285374, True
btc_pax, None, 0.8, 3573.5, 23, 1, smm_btc, 155022279472, True
btc_pax, None, 0.8, 3573.19, 21, 1, smm_btc, 155022288877, False
btc_pax, None, 0.8, 3573.53, 23, 1, smm_btc, 155022288878, False
btc_pax, None, 0.8, 3573.19, 21, 1, smm_btc, 155022288877, True
btc_pax, None, 0.8, 3573.53, 23, 1, smm_btc, 155022288878, True
btc_pax, None, 0.8, 3573.22, 21, 1, smm_btc, 155022290281, False
btc_pax, None, 0.8, 3573.5, 23, 1, smm_btc, 155022290282, False
btc_pax, None, 0.8, 3573.5, 23, 1, smm_btc, 155022290282, True
btc_pax, None, 0.8, 3573.22, 21, 1, smm_btc, 155022290281, True
btc_pax, None, 0.8, 3576.42, 23, 1, smm_btc, 155022297785, False
btc_pax, None, 0.8, 3573.47, 21, 1, smm_btc, 155022298186, False
btc_pax, None, 0.8, 3573.47, 21, 1, smm_btc, 155022298186, True
btc_pax, None, 0.8, 3576.42, 23, 1, smm_btc, 155022297785, True
btc_pax, None, 0.8, 3573.5, 21, 1, smm_btc, 155022299389, False
btc_pax, None, 0.8, 3576.39, 23, 1, smm_btc, 155022299390, False
btc_pax, None, 0.8, 3573.5, 21, 1, smm_btc, 155022299389, True
btc_pax, None, 0.8, 3574.08, 21, 1, smm_btc, 155022303092, False
btc_pax, None, 0.8, 3576.39, 23, 1, smm_btc, 155022299390, True
btc_pax, None, 0.8, 3576.31, 23, 1, smm_btc, 155022311094, False
btc_pax, None, 0.8, 3574.08, 21, 1, smm_btc, 155022303092, True
btc_pax, None, 0.8, 3576.31, 23, 1, smm_btc, 155022311094, True
btc_pax, None, 0.8, 3574.83, 21, 1, smm_btc, 155022313797, False
btc_pax, None, 0.8, 3576.34, 23, 1, smm_btc, 155022313798, False
btc_pax, None, 0.8, 3574.83, 21, 1, smm_btc, 155022313797, True
btc_pax, None, 0.8, 3576.34, 23, 1, smm_btc, 155022313798, True
btc_pax, None, 0.8, 3574.82, 21, 1, smm_btc, 155022315301, False
btc_pax, None, 0.8, 3576.43, 23, 1, smm_btc, 155022315302, False
btc_pax, None, 0.8, 3574.82, 21, 1, smm_btc, 155022315301, True
btc_pax, None, 0.8, 3576.43, 23, 1, smm_btc, 155022315302, True
btc_pax, None, 0.8, 3574.86, 21, 1, smm_btc, 155022315905, False
btc_pax, None, 0.8, 3576.39, 23, 1, smm_btc, 155022315906, False
btc_pax, None, 0.8, 3576.39, 23, 1, smm_btc, 155022315906, True
btc_pax, None, 0.8, 3576.32, 23, 1, smm_btc, 155022322208, False
btc_pax, None, 0.8, 3576.32, 23, 1, smm_btc, 155022322208, True
btc_pax, None, 0.8, 3576.39, 23, 1, smm_btc, 155022323510, False
btc_pax, None, 0.8, 3574.86, 21, 1, smm_btc, 155022315905, True
btc_pax, None, 0.786157, 3573.7, 21, 1, smm_btc, 155022324612, False
btc_pax, None, 0.786157, 3573.7, 21, 1, smm_btc, 155022324612, True
btc_pax, None, 0.786157, 3574.25, 21, 1, smm_btc, 155022326114, False
btc_pax, None, 0.8, 3576.39, 23, 1, smm_btc, 155022323510, True
btc_pax, None, 0.8, 3576.87, 23, 1, smm_btc, 155022326816, False
btc_pax, None, 0.786157, 3574.25, 21, 1, smm_btc, 155022326114, True
btc_pax, None, 0.8, 3576.87, 23, 1, smm_btc, 155022326816, True
btc_pax, None, 0.786157, 3574.28, 21, 1, smm_btc, 155022328119, False
btc_pax, None, 0.8, 3576.84, 23, 1, smm_btc, 155022328120, False
btc_pax, None, 0.8, 3576.84, 23, 1, smm_btc, 155022328120, True
btc_pax, None, 0.8, 3576.46, 23, 1, smm_btc, 155022328822, False
btc_pax, None, 0.8, 3576.46, 23, 1, smm_btc, 155022328822, True
btc_pax, None, 0.786157, 3574.28, 21, 1, smm_btc, 155022328119, True
btc_pax, None, 0.8, 3576.84, 23, 1, smm_btc, 155022329925, False
btc_pax, None, 0.786157, 3574.46, 21, 1, smm_btc, 155022330226, False
btc_pax, None, 0.786157, 3574.46, 21, 1, smm_btc, 155022330226, True
btc_pax, None, 0.8, 3576.84, 23, 1, smm_btc, 155022329925, True
btc_pax, None, 0.786157, 3576.21, 21, 1, smm_btc, 155022331829, False
btc_pax, None, 0.786157, 3576.21, 21, 1, smm_btc, 155022331829, True
btc_pax, None, 0.8, 3576.87, 23, 1, smm_btc, 155022332131, False
btc_pax, None, 0.781658, 3566.06, 21, 1, smm_btc, 155022333032, False
btc_pax, None, 0.8, 3576.87, 23, 1, smm_btc, 155022332131, True
btc_pax, None, 0.781658, 3566.06, 21, 1, smm_btc, 155022333032, True
btc_pax, None, 0.781658, 3566.06, 21, 1, smm_btc, 155022333635, False
btc_pax, None, 0.8, 3583.28, 23, 1, smm_btc, 155022333636, False
btc_pax, None, 0.781658, 3566.06, 21, 1, smm_btc, 155022333635, True
btc_pax, None, 0.8, 3583.28, 23, 1, smm_btc, 155022333636, True
btc_pax, None, 0.781658, 3575.64, 21, 1, smm_btc, 155022334339, False
btc_pax, None, 0.781658, 3575.64, 21, 1, smm_btc, 155022334339, True
btc_pax, None, 0.8, 3576.82, 23, 1, smm_btc, 155022334641, False
btc_pax, None, 0.781658, 3575.29, 21, 1, smm_btc, 155022334942, False
btc_pax, None, 0.8, 3576.82, 23, 1, smm_btc, 155022334641, True
btc_pax, None, 0.8, 3576.84, 23, 1, smm_btc, 155022335244, False
btc_pax, None, 0.781658, 3575.29, 21, 1, smm_btc, 155022334942, True
btc_pax, None, 0.8, 3576.84, 23, 1, smm_btc, 155022335244, True
btc_pax, None, 0.781658, 3575.26, 21, 1, smm_btc, 155022339947, False
btc_pax, None, 0.8, 3576.87, 23, 1, smm_btc, 155022339948, False
btc_pax, None, 0.781658, 3575.26, 21, 1, smm_btc, 155022339947, True
btc_pax, None, 0.781658, 3575.26, 21, 1, smm_btc, 155022341450, False
btc_pax, None, 0.781658, 3575.26, 21, 1, smm_btc, 155022341450, True
btc_pax, None, 0.8, 3576.87, 23, 1, smm_btc, 155022339948, True
btc_pax, None, 0.781658, 3575.29, 21, 1, smm_btc, 155022342253, False
btc_pax, None, 0.8, 3576.84, 23, 1, smm_btc, 155022342254, False
btc_pax, None, 0.781658, 3575.29, 21, 1, smm_btc, 155022342253, True
btc_pax, None, 0.781658, 3574.81, 21, 1, smm_btc, 155022348556, False
btc_pax, None, 0.8, 3576.84, 23, 1, smm_btc, 155022342254, True
btc_pax, None, 0.8, 3574.23, 23, 1, smm_btc, 155022349558, False
btc_pax, None, 0.8, 3565.91, 21, 1, smm_btc, 155022349559, False
btc_pax, None, 0.8, 3574.23, 23, 1, smm_btc, 155022349558, True
btc_pax, None, 0.8, 3565.91, 21, 1, smm_btc, 155022349559, True
btc_pax, None, 0.8, 3574.23, 23, 1, smm_btc, 155022350162, False
btc_pax, None, 0.8, 3565.23, 21, 1, smm_btc, 155022350163, False
btc_pax, None, 0.8, 3574.23, 23, 1, smm_btc, 155022350162, True
btc_pax, None, 0.8, 3565.23, 21, 1, smm_btc, 155022350163, True
btc_pax, None, 0.8, 3574.23, 23, 1, smm_btc, 155022350766, False
btc_pax, None, 0.8, 3565.91, 21, 1, smm_btc, 155022350767, False
btc_pax, None, 0.8, 3565.91, 21, 1, smm_btc, 155022350767, True
btc_pax, None, 0.8, 3565.91, 21, 1, smm_btc, 155022352469, False
btc_pax, None, 0.8, 3565.91, 21, 1, smm_btc, 155022352469, True
btc_pax, None, 0.8, 3565.91, 21, 1, smm_btc, 155022353071, False
btc_pax, None, 0.8, 3565.91, 21, 1, smm_btc, 155022353071, True
btc_pax, None, 0.8, 3566.15, 21, 1, smm_btc, 155022354073, False
btc_pax, None, 0.8, 3566.15, 21, 1, smm_btc, 155022354073, True
btc_pax, None, 0.8, 3566.15, 21, 1, smm_btc, 155022355275, False
btc_pax, None, 0.8, 3566.15, 21, 1, smm_btc, 155022355275, True
btc_pax, None, 0.8, 3566.15, 21, 1, smm_btc, 155022356577, False
btc_pax, None, 0.8, 3584.68, 23, 1, smm_btc, 155022356578, False
btc_pax, None, 0.8, 3566.15, 21, 1, smm_btc, 155022356577, True
btc_pax, None, 0.8, 3584.68, 23, 1, smm_btc, 155022356578, True
btc_pax, None, 0.8, 3573.75, 21, 1, smm_btc, 155022357381, False
btc_pax, None, 0.8, 3575.48, 23, 1, smm_btc, 155022357482, False
btc_pax, None, 0.8, 3573.75, 21, 1, smm_btc, 155022357381, True
btc_pax, None, 0.8, 3575.48, 23, 1, smm_btc, 155022357482, True
btc_pax, None, 0.8, 3573.72, 21, 1, smm_btc, 155022359085, False
btc_pax, None, 0.8, 3575.51, 23, 1, smm_btc, 155022359186, False
btc_pax, None, 0.8, 3573.72, 21, 1, smm_btc, 155022359085, True
btc_pax, None, 0.8, 3575.51, 23, 1, smm_btc, 155022359186, True
btc_pax, None, 0.8, 3573.75, 21, 1, smm_btc, 155022359989, False
btc_pax, None, 0.8, 3575.48, 23, 1, smm_btc, 155022359990, False
btc_pax, None, 0.8, 3573.75, 21, 1, smm_btc, 155022359989, True
btc_pax, None, 0.8, 3575.48, 23, 1, smm_btc, 155022359990, True
btc_pax, None, 0.8, 3575.29, 21, 1, smm_btc, 155022362993, False
btc_pax, None, 0.8, 3576.87, 23, 1, smm_btc, 155022362994, False
btc_pax, None, 0.8, 3575.29, 21, 1, smm_btc, 155022362993, True
btc_pax, None, 0.8, 3574.92, 21, 1, smm_btc, 155022364196, False
btc_pax, None, 0.8, 3576.87, 23, 1, smm_btc, 155022362994, True
btc_pax, None, 0.8, 3574.92, 21, 1, smm_btc, 155022364196, True
btc_pax, None, 0.8, 3576.83, 23, 1, smm_btc, 155022364499, False
btc_pax, None, 0.8, 3574.95, 21, 1, smm_btc, 155022365000, False
btc_pax, None, 0.8, 3574.95, 21, 1, smm_btc, 155022365000, True
btc_pax, None, 0.8, 3574.47, 21, 1, smm_btc, 155022366502, False
btc_pax, None, 0.8, 3574.47, 21, 1, smm_btc, 155022366502, True
btc_pax, None, 0.8, 3576.83, 23, 1, smm_btc, 155022364499, True
btc_pax, None, 0.725069, 3573.75, 21, 1, smm_btc, 155022382705, False
btc_pax, None, 0.8, 3575.56, 23, 1, smm_btc, 155022382706, False
btc_pax, None, 0.725069, 3573.75, 21, 1, smm_btc, 155022382705, True
btc_pax, None, 0.8, 3575.56, 23, 1, smm_btc, 155022382706, True
btc_pax, None, 0.725069, 3573.8, 21, 1, smm_btc, 155022383709, False
btc_pax, None, 0.8, 3576.81, 23, 1, smm_btc, 155022383710, False
btc_pax, None, 0.8, 3576.81, 23, 1, smm_btc, 155022383710, True
btc_pax, None, 0.8, 3576.83, 23, 1, smm_btc, 155022384312, False
btc_pax, None, 0.725069, 3573.8, 21, 1, smm_btc, 155022383709, True
btc_pax, None, 0.8, 3576.83, 23, 1, smm_btc, 155022384312, True
btc_pax, None, 0.725069, 3573.77, 21, 1, smm_btc, 155022386815, False
btc_pax, None, 0.8, 3576.86, 23, 1, smm_btc, 155022386816, False
btc_pax, None, 0.725069, 3573.77, 21, 1, smm_btc, 155022386815, True
btc_pax, None, 0.8, 3576.86, 23, 1, smm_btc, 155022386816, True
btc_pax, None, 0.725069, 3573.44, 21, 1, smm_btc, 155022388119, False
btc_pax, None, 0.8, 3575.34, 23, 1, smm_btc, 155022388120, False
btc_pax, None, 0.8, 3575.34, 23, 1, smm_btc, 155022388120, True
btc_pax, None, 0.8, 3576.83, 23, 1, smm_btc, 155022389422, False
btc_pax, None, 0.8, 3576.83, 23, 1, smm_btc, 155022389422, True
btc_pax, None, 0.725069, 3573.44, 21, 1, smm_btc, 155022388119, True
btc_pax, None, 0.8, 3576.56, 23, 1, smm_btc, 155022396625, False
btc_pax, None, 0.725069, 3573.81, 21, 1, smm_btc, 155022397326, False
btc_pax, None, 0.8, 3576.56, 23, 1, smm_btc, 155022396625, True
btc_pax, None, 0.8, 3576.83, 23, 1, smm_btc, 155022399528, False
btc_pax, None, 0.725069, 3573.81, 21, 1, smm_btc, 155022397326, True
btc_pax, None, 0.8, 3576.83, 23, 1, smm_btc, 155022399528, True
btc_pax, None, 0.697392, 3574.14, 21, 1, smm_btc, 155022401431, False
btc_pax, None, 0.8, 3576.86, 23, 1, smm_btc, 155022401432, False
btc_pax, None, 0.697392, 3574.14, 21, 1, smm_btc, 155022401431, True
btc_pax, None, 0.697392, 3574.17, 21, 1, smm_btc, 155022402734, False
btc_pax, None, 0.8, 3576.86, 23, 1, smm_btc, 155022401432, True
btc_pax, None, 0.8, 3576.83, 23, 1, smm_btc, 155022404936, False
btc_pax, None, 0.697392, 3574.17, 21, 1, smm_btc, 155022402734, True
btc_pax, None, 0.8, 3576.83, 23, 1, smm_btc, 155022404936, True
btc_pax, None, 0.697392, 3574.12, 21, 1, smm_btc, 155022407539, False
btc_pax, None, 0.8, 3576.88, 23, 1, smm_btc, 155022407640, False
btc_pax, None, 0.697392, 3574.12, 21, 1, smm_btc, 155022407539, True
btc_pax, None, 0.8, 3576.88, 23, 1, smm_btc, 155022407640, True
btc_pax, None, 0.697392, 3574.17, 21, 1, smm_btc, 155022408243, False
btc_pax, None, 0.8, 3576.83, 23, 1, smm_btc, 155022408244, False
btc_pax, None, 0.8, 3576.83, 23, 1, smm_btc, 155022408244, True
btc_pax, None, 0.8, 3575.6, 23, 1, smm_btc, 155022408946, False
btc_pax, None, 0.8, 3575.6, 23, 1, smm_btc, 155022408946, True
btc_pax, None, 0.8, 3576.83, 23, 1, smm_btc, 155022412048, False
btc_pax, None, 0.697392, 3574.17, 21, 1, smm_btc, 155022408243, True
btc_pax, None, 0.8, 3576.83, 23, 1, smm_btc, 155022412048, True
btc_pax, None, 0.697392, 3574.12, 21, 1, smm_btc, 155022413351, False
btc_pax, None, 0.8, 3576.88, 23, 1, smm_btc, 155022413452, False
btc_pax, None, 0.697392, 3574.12, 21, 1, smm_btc, 155022413351, True
btc_pax, None, 0.8, 3576.88, 23, 1, smm_btc, 155022413452, True
btc_pax, None, 0.697392, 3574.14, 21, 1, smm_btc, 155022414055, False
btc_pax, None, 0.8, 3576.86, 23, 1, smm_btc, 155022414056, False
btc_pax, None, 0.697392, 3574.14, 21, 1, smm_btc, 155022414055, True
btc_pax, None, 0.8, 3576.86, 23, 1, smm_btc, 155022414056, True
btc_pax, None, 0.697392, 3574.17, 21, 1, smm_btc, 155022417259, False
btc_pax, None, 0.8, 3576.83, 23, 1, smm_btc, 155022417260, False
btc_pax, None, 0.8, 3576.83, 23, 1, smm_btc, 155022417260, True
btc_pax, None, 0.8, 3576.87, 23, 1, smm_btc, 155022430362, False
btc_pax, None, 0.697392, 3574.17, 21, 1, smm_btc, 155022417259, True
btc_pax, None, 0.697392, 3575.15, 21, 1, smm_btc, 155022431864, False
btc_pax, None, 0.697392, 3575.15, 21, 1, smm_btc, 155022431864, True
btc_pax, None, 0.697392, 3576.88, 21, 1, smm_btc, 155022433366, False
btc_pax, None, 0.8, 3586.48, 23, 1, smm_btc, 155022433367, False
btc_pax, None, 0.8, 3586.48, 23, 1, smm_btc, 155022433367, True
btc_pax, None, 0.8, 3586.44, 23, 1, smm_btc, 155022434069, False
btc_pax, None, 0.8, 3586.44, 23, 1, smm_btc, 155022434069, True
btc_pax, None, 0.8, 3586.44, 23, 1, smm_btc, 155022435571, False
btc_pax, None, 0.8, 3586.44, 23, 1, smm_btc, 155022435571, True
btc_pax, None, 0.8, 3586.86, 23, 1, smm_btc, 155022436173, False
btc_pax, None, 0.8, 3586.86, 23, 1, smm_btc, 155022436173, True
btc_pax, None, 0.8, 3586.48, 23, 1, smm_btc, 155022436775, False
btc_pax, None, 0.697392, 3576.88, 21, 1, smm_btc, 155022433366, False
btc_pax, None, 0.8, 3586.48, 23, 1, smm_btc, 155022436775, True
btc_pax, None, 0.8, 3566.15, 21, 1, smm_btc, 155022437678, False
btc_pax, None, 0.8, 3584.65, 23, 1, smm_btc, 155022437679, False
btc_pax, None, 0.8, 3566.15, 21, 1, smm_btc, 155022437678, True
btc_pax, None, 0.8, 3584.65, 23, 1, smm_btc, 155022437679, True
btc_pax, None, 0.8, 3572.46, 21, 1, smm_btc, 155022438282, False
btc_pax, None, 0.8, 3577.15, 23, 1, smm_btc, 155022438283, False
btc_pax, None, 0.8, 3572.46, 21, 1, smm_btc, 155022438282, True
btc_pax, None, 0.8, 3577.15, 23, 1, smm_btc, 155022438283, True
btc_pax, None, 0.8, 3566.15, 21, 1, smm_btc, 155022439486, False
btc_pax, None, 0.8, 3584.36, 23, 1, smm_btc, 155022439487, False
btc_pax, None, 0.8, 3566.15, 21, 1, smm_btc, 155022439486, True
btc_pax, None, 0.8, 3584.36, 23, 1, smm_btc, 155022439487, True
btc_pax, None, 0.8, 3572.42, 21, 1, smm_btc, 155022440190, False
btc_pax, None, 0.8, 3577.19, 23, 1, smm_btc, 155022440191, False
btc_pax, None, 0.8, 3572.42, 21, 1, smm_btc, 155022440190, True
btc_pax, None, 0.8, 3577.19, 23, 1, smm_btc, 155022440191, True
btc_pax, None, 0.8, 3572.43, 21, 1, smm_btc, 155022441094, False
btc_pax, None, 0.8, 3576.84, 23, 1, smm_btc, 155022441095, False
btc_pax, None, 0.8, 3572.43, 21, 1, smm_btc, 155022441094, True
btc_pax, None, 0.8, 3572.42, 21, 1, smm_btc, 155022441997, False
btc_pax, None, 0.8, 3576.84, 23, 1, smm_btc, 155022441095, True
btc_pax, None, 0.8, 3572.42, 21, 1, smm_btc, 155022441997, True
btc_pax, None, 0.8, 3574.98, 23, 1, smm_btc, 155022442200, False
btc_pax, None, 0.8, 3572.46, 21, 1, smm_btc, 155022443301, False
btc_pax, None, 0.8, 3572.46, 21, 1, smm_btc, 155022443301, True
btc_pax, None, 0.8, 3574.98, 23, 1, smm_btc, 155022442200, True
btc_pax, None, 0.8, 3572.43, 21, 1, smm_btc, 155022444204, False
btc_pax, None, 0.8, 3575.01, 23, 1, smm_btc, 155022444205, False
btc_pax, None, 0.8, 3572.43, 21, 1, smm_btc, 155022444204, True
btc_pax, None, 0.8, 3575.01, 23, 1, smm_btc, 155022444205, True
btc_pax, None, 0.8, 3572.46, 21, 1, smm_btc, 155022445808, False
btc_pax, None, 0.8, 3572.46, 21, 1, smm_btc, 155022445808, True
btc_pax, None, 0.8, 3572.42, 21, 1, smm_btc, 155022447310, False
btc_pax, None, 0.8, 3572.42, 21, 1, smm_btc, 155022447310, True
btc_pax, None, 0.8, 3574.23, 23, 1, smm_btc, 155022447712, False
btc_pax, None, 0.8, 3572.43, 21, 1, smm_btc, 155022448113, False
btc_pax, None, 0.8, 3572.43, 21, 1, smm_btc, 155022448113, True
btc_pax, None, 0.8, 3574.23, 23, 1, smm_btc, 155022447712, True
btc_pax, None, 0.8, 3572.46, 21, 1, smm_btc, 155022449116, False
btc_pax, None, 0.8, 3574.2, 23, 1, smm_btc, 155022449117, False
btc_pax, None, 0.8, 3572.46, 21, 1, smm_btc, 155022449116, True
btc_pax, None, 0.8, 3574.2, 23, 1, smm_btc, 155022449117, True
btc_pax, None, 0.8, 3572.43, 21, 1, smm_btc, 155022450120, False
btc_pax, None, 0.8, 3574.23, 23, 1, smm_btc, 155022450121, False
btc_pax, None, 0.8, 3574.23, 23, 1, smm_btc, 155022450121, True
btc_pax, None, 0.675524, 3575.73, 23, 1, smm_btc, 155022451123, False
btc_pax, None, 0.8, 3572.43, 21, 1, smm_btc, 155022450120, True
btc_pax, None, 0.8, 3569.97, 21, 1, smm_btc, 155022452125, False
btc_pax, None, 0.675524, 3575.73, 23, 1, smm_btc, 155022451123, True
btc_pax, None, 0.8, 3569.97, 21, 1, smm_btc, 155022452125, True
btc_pax, None, 0.675524, 3574.09, 23, 1, smm_btc, 155022453728, False
btc_pax, None, 0.8, 3570.0, 21, 1, smm_btc, 155022454029, False
btc_pax, None, 0.675524, 3574.09, 23, 1, smm_btc, 155022453728, True
btc_pax, None, 0.675524, 3573.29, 23, 1, smm_btc, 155022455331, False
btc_pax, None, 0.8, 3570.0, 21, 1, smm_btc, 155022454029, True
btc_pax, None, 0.675524, 3573.29, 23, 1, smm_btc, 155022455331, True
btc_pax, None, 0.8, 3569.97, 21, 1, smm_btc, 155022457634, False
btc_pax, None, 0.675524, 3573.32, 23, 1, smm_btc, 155022457635, False
btc_pax, None, 0.8, 3569.97, 21, 1, smm_btc, 155022457634, True
btc_pax, None, 0.675524, 3573.32, 23, 1, smm_btc, 155022457635, True
btc_pax, None, 0.8, 3570.0, 21, 1, smm_btc, 155022458638, False
btc_pax, None, 0.675524, 3573.29, 23, 1, smm_btc, 155022458639, False
btc_pax, None, 0.675524, 3573.29, 23, 1, smm_btc, 155022458639, True
btc_pax, None, 0.675524, 3572.57, 23, 1, smm_btc, 155022461841, False
btc_pax, None, 0.675524, 3572.57, 23, 1, smm_btc, 155022461841, True
btc_pax, None, 0.8, 3570.0, 21, 1, smm_btc, 155022458638, True
btc_pax, None, 0.675524, 3572.6, 23, 1, smm_btc, 155022462744, False
btc_pax, None, 0.8, 3569.97, 21, 1, smm_btc, 155022463045, False
btc_pax, None, 0.675524, 3572.6, 23, 1, smm_btc, 155022462744, True
btc_pax, None, 0.675524, 3572.53, 23, 1, smm_btc, 155022463747, False
btc_pax, None, 0.8, 3569.97, 21, 1, smm_btc, 155022463045, True
btc_pax, None, 0.675524, 3572.53, 23, 1, smm_btc, 155022463747, True
btc_pax, None, 0.8, 3570.0, 21, 1, smm_btc, 155022465250, False
btc_pax, None, 0.675524, 3572.5, 23, 1, smm_btc, 155022465251, False
btc_pax, None, 0.675524, 3572.5, 23, 1, smm_btc, 155022465251, True
btc_pax, None, 0.675524, 3572.49, 23, 1, smm_btc, 155022474353, False
btc_pax, None, 0.675524, 3572.49, 23, 1, smm_btc, 155022474353, True
btc_pax, None, 0.8, 3570.0, 21, 1, smm_btc, 155022465250, True
btc_pax, None, 0.675524, 3572.51, 23, 1, smm_btc, 155022475056, False
btc_pax, None, 0.8, 3569.97, 21, 1, smm_btc, 155022475357, False
btc_pax, None, 0.8, 3569.97, 21, 1, smm_btc, 155022475357, True
btc_pax, None, 0.675524, 3572.51, 23, 1, smm_btc, 155022475056, True
btc_pax, None, 0.8, 3570.0, 21, 1, smm_btc, 155022479160, False
btc_pax, None, 0.675524, 3572.48, 23, 1, smm_btc, 155022479161, False
btc_pax, None, 0.675524, 3572.48, 23, 1, smm_btc, 155022479161, True
btc_pax, None, 0.675524, 3572.47, 23, 1, smm_btc, 155022479863, False
btc_pax, None, 0.8, 3570.0, 21, 1, smm_btc, 155022479160, True
btc_pax, None, 0.675524, 3572.47, 23, 1, smm_btc, 155022479863, True
btc_pax, None, 0.8, 3569.97, 21, 1, smm_btc, 155022480466, False
btc_pax, None, 0.675524, 3572.5, 23, 1, smm_btc, 155022480767, False
btc_pax, None, 0.8, 3569.97, 21, 1, smm_btc, 155022480466, True
btc_pax, None, 0.675524, 3572.5, 23, 1, smm_btc, 155022480767, True
btc_pax, None, 0.8, 3570.0, 21, 1, smm_btc, 155022481370, False
btc_pax, None, 0.675524, 3572.19, 23, 1, smm_btc, 155022481371, False
btc_pax, None, 0.8, 3570.0, 21, 1, smm_btc, 155022481370, True
btc_pax, None, 0.675524, 3572.19, 23, 1, smm_btc, 155022481371, True
btc_pax, None, 0.8, 3569.97, 21, 1, smm_btc, 155022482074, False
btc_pax, None, 0.642278, 3572.5, 23, 1, smm_btc, 155022482075, False
btc_pax, None, 0.8, 3569.97, 21, 1, smm_btc, 155022482074, True
btc_pax, None, 0.8, 3570.0, 21, 1, smm_btc, 155022483677, False
btc_pax, None, 0.642278, 3572.5, 23, 1, smm_btc, 155022482075, True
btc_pax, None, 0.642278, 3572.47, 23, 1, smm_btc, 155022483979, False
btc_pax, None, 0.642278, 3572.47, 23, 1, smm_btc, 155022483979, True
btc_pax, None, 0.642278, 3572.46, 23, 1, smm_btc, 155022484581, False
btc_pax, None, 0.8, 3570.0, 21, 1, smm_btc, 155022483677, True
btc_pax, None, 0.642278, 3572.46, 23, 1, smm_btc, 155022484581, True
btc_pax, None, 0.8, 3569.97, 21, 1, smm_btc, 155022485384, False
btc_pax, None, 0.642278, 3572.49, 23, 1, smm_btc, 155022485385, False
btc_pax, None, 0.8, 3569.97, 21, 1, smm_btc, 155022485384, True
btc_pax, None, 0.8, 3570.0, 21, 1, smm_btc, 155022486287, False
btc_pax, None, 0.8, 3570.0, 21, 1, smm_btc, 155022486287, True
btc_pax, None, 0.642278, 3572.49, 23, 1, smm_btc, 155022485385, True
btc_pax, None, 0.8, 3569.97, 21, 1, smm_btc, 155022487190, False
btc_pax, None, 0.8, 3569.97, 21, 1, smm_btc, 155022487190, True
btc_pax, None, 0.8, 3569.96, 21, 1, smm_btc, 155022487792, False
btc_pax, None, 0.642278, 3571.49, 23, 1, smm_btc, 155022487793, False
btc_pax, None, 0.642278, 3571.49, 23, 1, smm_btc, 155022487793, True
btc_pax, None, 0.8, 3569.96, 21, 1, smm_btc, 155022487792, True
btc_pax, None, 0.642278, 3580.37, 23, 1, smm_btc, 155022488396, False
btc_pax, None, 0.8, 3570.0, 21, 1, smm_btc, 155022488797, False
btc_pax, None, 0.642278, 3580.37, 23, 1, smm_btc, 155022488396, True
btc_pax, None, 0.642278, 3571.42, 23, 1, smm_btc, 155022489099, False
btc_pax, None, 0.642278, 3571.42, 23, 1, smm_btc, 155022489099, True
btc_pax, None, 0.642278, 3571.41, 23, 1, smm_btc, 155022490101, False
btc_pax, None, 0.8, 3570.0, 21, 1, smm_btc, 155022488797, True
btc_pax, None, 0.642278, 3571.41, 23, 1, smm_btc, 155022490101, True
btc_pax, None, 0.8, 3570.0, 21, 1, smm_btc, 155022492104, False
btc_pax, None, 0.642278, 3571.4, 23, 1, smm_btc, 155022492105, False
btc_pax, None, 0.642278, 3571.4, 23, 1, smm_btc, 155022492105, True
btc_pax, None, 0.642278, 3571.42, 23, 1, smm_btc, 155022493907, False
btc_pax, None, 0.8, 3570.0, 21, 1, smm_btc, 155022492104, True
btc_pax, None, 0.642278, 3571.42, 23, 1, smm_btc, 155022493907, True
btc_pax, None, 0.8, 3569.97, 21, 1, smm_btc, 155022494610, False
btc_pax, None, 0.642278, 3571.53, 23, 1, smm_btc, 155022494711, False
btc_pax, None, 0.642278, 3571.53, 23, 1, smm_btc, 155022494711, True
btc_pax, None, 0.642278, 3571.52, 23, 1, smm_btc, 155022495713, False
btc_pax, None, 0.8, 3569.97, 21, 1, smm_btc, 155022494610, True
btc_pax, None, 0.642278, 3571.52, 23, 1, smm_btc, 155022495713, True
btc_pax, None, 0.8, 3570.0, 21, 1, smm_btc, 155022496416, False
btc_pax, None, 0.642278, 3571.49, 23, 1, smm_btc, 155022496417, False
btc_pax, None, 0.8, 3570.0, 21, 1, smm_btc, 155022496416, True
btc_pax, None, 0.642278, 3571.49, 23, 1, smm_btc, 155022496417, True
btc_pax, None, 0.642278, 3571.51, 23, 1, smm_btc, 155022499820, False
btc_pax, None, 0.8, 3569.97, 21, 1, smm_btc, 155022500121, False
btc_pax, None, 0.642278, 3571.51, 23, 1, smm_btc, 155022499820, True
btc_pax, None, 0.642278, 3571.53, 23, 1, smm_btc, 155022501023, False
btc_pax, None, 0.8, 3569.97, 21, 1, smm_btc, 155022500121, True
btc_pax, None, 0.642278, 3571.53, 23, 1, smm_btc, 155022501023, True
btc_pax, None, 0.8, 3570.0, 21, 1, smm_btc, 155022502326, False
btc_pax, None, 0.642278, 3571.5, 23, 1, smm_btc, 155022502427, False
btc_pax, None, 0.8, 3570.0, 21, 1, smm_btc, 155022502326, True
btc_pax, None, 0.8, 3569.97, 21, 1, smm_btc, 155022503929, False
btc_pax, None, 0.8, 3569.97, 21, 1, smm_btc, 155022503929, True
btc_pax, None, 0.8, 3570.0, 21, 1, smm_btc, 155022504831, False
btc_pax, None, 0.8, 3570.0, 21, 1, smm_btc, 155022504831, True
btc_pax, None, 0.642278, 3571.5, 23, 1, smm_btc, 155022502427, True
btc_pax, None, 0.8, 3569.96, 21, 1, smm_btc, 155022515234, False
btc_pax, None, 0.642278, 3571.54, 23, 1, smm_btc, 155022515235, False
btc_pax, None, 0.8, 3569.96, 21, 1, smm_btc, 155022515234, True
btc_pax, None, 0.642278, 3571.54, 23, 1, smm_btc, 155022515235, True
btc_pax, None, 0.8, 3570.0, 21, 1, smm_btc, 155022515938, False
btc_pax, None, 0.642278, 3570.63, 23, 1, smm_btc, 155022515939, False
btc_pax, None, 0.8, 3570.0, 21, 1, smm_btc, 155022515938, True
btc_pax, None, 0.642278, 3570.63, 23, 1, smm_btc, 155022515939, True
btc_pax, None, 0.8, 3569.97, 21, 1, smm_btc, 155022521942, False
btc_pax, None, 0.642278, 3570.66, 23, 1, smm_btc, 155022521943, False
btc_pax, None, 0.8, 3569.97, 21, 1, smm_btc, 155022521942, True
btc_pax, None, 0.642278, 3570.66, 23, 1, smm_btc, 155022521943, True
btc_pax, None, 0.8, 3570.0, 21, 1, smm_btc, 155022522946, False
btc_pax, None, 0.642278, 3570.63, 23, 1, smm_btc, 155022522947, False
btc_pax, None, 0.8, 3570.0, 21, 1, smm_btc, 155022522946, True
btc_pax, None, 0.642278, 3570.63, 23, 1, smm_btc, 155022522947, True
btc_pax, None, 0.8, 3569.97, 21, 1, smm_btc, 155022524750, False
btc_pax, None, 0.642278, 3570.66, 23, 1, smm_btc, 155022524851, False
btc_pax, None, 0.8, 3569.97, 21, 1, smm_btc, 155022524750, True
btc_pax, None, 0.642278, 3570.66, 23, 1, smm_btc, 155022524851, True
btc_pax, None, 0.8, 3570.0, 21, 1, smm_btc, 155022525354, False
btc_pax, None, 0.642278, 3570.63, 23, 1, smm_btc, 155022525355, False
btc_pax, None, 0.642278, 3570.63, 23, 1, smm_btc, 155022525355, True
btc_pax, None, 0.642278, 3569.33, 23, 1, smm_btc, 155022526757, False
btc_pax, None, 0.8, 3557.66, 21, 1, smm_btc, 155022526758, False
btc_pax, None, 0.642278, 3569.33, 23, 1, smm_btc, 155022526757, True
btc_pax, None, 0.8, 3557.66, 21, 1, smm_btc, 155022526758, True
btc_pax, None, 0.642278, 3570.51, 23, 1, smm_btc, 155022527361, False
btc_pax, None, 0.8, 3557.94, 21, 1, smm_btc, 155022527362, False
btc_pax, None, 0.642278, 3570.51, 23, 1, smm_btc, 155022527361, True
btc_pax, None, 0.8, 3557.94, 21, 1, smm_btc, 155022527362, True
btc_pax, None, 0.642278, 3570.2, 23, 1, smm_btc, 155022527965, False
btc_pax, None, 0.8, 3557.94, 21, 1, smm_btc, 155022527966, False
btc_pax, None, 0.642278, 3570.2, 23, 1, smm_btc, 155022527965, True
btc_pax, None, 0.8, 3557.94, 21, 1, smm_btc, 155022527966, True
btc_pax, None, 0.642278, 3569.79, 23, 1, smm_btc, 155022528569, False
btc_pax, None, 0.8, 3559.28, 21, 1, smm_btc, 155022528570, False
btc_pax, None, 0.642278, 3569.79, 23, 1, smm_btc, 155022528569, True
btc_pax, None, 0.642278, 3569.63, 23, 1, smm_btc, 155022529372, False
btc_pax, None, 0.642278, 3569.63, 23, 1, smm_btc, 155022529372, True
btc_pax, None, 0.642278, 3569.61, 23, 1, smm_btc, 155022530074, False
btc_pax, None, 0.642278, 3569.61, 23, 1, smm_btc, 155022530074, True
btc_pax, None, 0.8, 3559.28, 21, 1, smm_btc, 155022528570, True
btc_pax, None, 0.642278, 3569.59, 23, 1, smm_btc, 155022530877, False
btc_pax, None, 0.8, 3558.19, 21, 1, smm_btc, 155022530878, False
btc_pax, None, 0.642278, 3569.59, 23, 1, smm_btc, 155022530877, True
btc_pax, None, 0.642278, 3569.57, 23, 1, smm_btc, 155022532180, False
btc_pax, None, 0.8, 3558.19, 21, 1, smm_btc, 155022530878, True
btc_pax, None, 0.642278, 3569.57, 23, 1, smm_btc, 155022532180, True
btc_pax, None, 0.8, 3558.19, 21, 1, smm_btc, 155022533083, False
btc_pax, None, 0.642278, 3569.43, 23, 1, smm_btc, 155022533384, False
btc_pax, None, 0.642278, 3569.43, 23, 1, smm_btc, 155022533384, True
btc_pax, None, 0.642278, 3569.38, 23, 1, smm_btc, 155022534086, False
btc_pax, None, 0.642278, 3569.38, 23, 1, smm_btc, 155022534086, True
btc_pax, None, 0.642278, 3569.34, 23, 1, smm_btc, 155022534688, False
btc_pax, None, 0.8, 3558.19, 21, 1, smm_btc, 155022533083, True
btc_pax, None, 0.642278, 3569.34, 23, 1, smm_btc, 155022534688, True
btc_pax, None, 0.8, 3557.94, 21, 1, smm_btc, 155022534991, False
btc_pax, None, 0.642278, 3569.32, 23, 1, smm_btc, 155022535292, False
btc_pax, None, 0.8, 3557.94, 21, 1, smm_btc, 155022534991, True
btc_pax, None, 0.642278, 3569.32, 23, 1, smm_btc, 155022535292, True
btc_pax, None, 0.8, 3557.65, 21, 1, smm_btc, 155022536595, False
btc_pax, None, 0.577167, 3569.3, 23, 1, smm_btc, 155022536996, False
btc_pax, None, 0.8, 3557.65, 21, 1, smm_btc, 155022536595, True
btc_pax, None, 0.577167, 3569.3, 23, 1, smm_btc, 155022536996, True
btc_pax, None, 0.8, 3557.66, 21, 1, smm_btc, 155022537299, False
btc_pax, None, 0.577167, 3569.41, 23, 1, smm_btc, 155022537700, False
btc_pax, None, 0.8, 3557.66, 21, 1, smm_btc, 155022537299, True
btc_pax, None, 0.8, 3567.69, 21, 1, smm_btc, 155022538602, False
btc_pax, None, 0.8, 3567.69, 21, 1, smm_btc, 155022538602, True
btc_pax, None, 0.8, 3573.47, 23, 1, smm_btc, 155022538904, False
btc_pax, None, 0.8, 3568.61, 21, 1, smm_btc, 155022539205, False
btc_pax, None, 0.8, 3568.61, 21, 1, smm_btc, 155022539205, True
btc_pax, None, 0.8, 3573.47, 23, 1, smm_btc, 155022538904, True
btc_pax, None, 0.8, 3560.0, 21, 1, smm_btc, 155022540108, False
btc_pax, None, 0.8, 3582.88, 23, 1, smm_btc, 155022540109, False
btc_pax, None, 0.8, 3560.0, 21, 1, smm_btc, 155022540108, True
btc_pax, None, 0.8, 3582.88, 23, 1, smm_btc, 155022540109, True
btc_pax, None, 0.8, 3570.26, 21, 1, smm_btc, 155022540712, False
btc_pax, None, 0.8, 3573.77, 23, 1, smm_btc, 155022540713, False
btc_pax, None, 0.8, 3573.77, 23, 1, smm_btc, 155022540713, True
btc_pax, None, 0.8, 3570.26, 21, 1, smm_btc, 155022540712, True
btc_pax, None, 0.8, 3570.23, 21, 1, smm_btc, 155022543516, False
btc_pax, None, 0.8, 3573.79, 23, 1, smm_btc, 155022543517, False
btc_pax, None, 0.8, 3570.23, 21, 1, smm_btc, 155022543516, True
btc_pax, None, 0.8, 3573.79, 23, 1, smm_btc, 155022543517, True
btc_pax, None, 0.8, 3570.26, 21, 1, smm_btc, 155022544620, False
btc_pax, None, 0.8, 3573.76, 23, 1, smm_btc, 155022544621, False
btc_pax, None, 0.8, 3573.76, 23, 1, smm_btc, 155022544621, True
btc_pax, None, 0.8, 3573.75, 23, 1, smm_btc, 155022547723, False
btc_pax, None, 0.8, 3573.75, 23, 1, smm_btc, 155022547723, True
btc_pax, None, 0.8, 3573.76, 23, 1, smm_btc, 155022548625, False
btc_pax, None, 0.8, 3573.76, 23, 1, smm_btc, 155022548625, True
btc_pax, None, 0.8, 3570.26, 21, 1, smm_btc, 155022544620, True
btc_pax, None, 0.8, 3575.47, 23, 1, smm_btc, 155022550328, False
btc_pax, None, 0.8, 3570.32, 21, 1, smm_btc, 155022551429, False
btc_pax, None, 0.8, 3570.32, 21, 1, smm_btc, 155022551429, True
btc_pax, None, 0.8, 3575.47, 23, 1, smm_btc, 155022550328, True
btc_pax, None, 0.8, 3570.35, 21, 1, smm_btc, 155022552232, False
btc_pax, None, 0.8, 3575.44, 23, 1, smm_btc, 155022552233, False
btc_pax, None, 0.8, 3575.44, 23, 1, smm_btc, 155022552233, True
btc_pax, None, 0.8, 3574.77, 23, 1, smm_btc, 155022555935, False
btc_pax, None, 0.8, 3570.35, 21, 1, smm_btc, 155022552232, True
btc_pax, None, 0.8, 3574.77, 23, 1, smm_btc, 155022555935, True
btc_pax, None, 0.8, 3570.3, 21, 1, smm_btc, 155022556738, False
btc_pax, None, 0.8, 3578.03, 23, 1, smm_btc, 155022556739, False
btc_pax, None, 0.8, 3570.3, 21, 1, smm_btc, 155022556738, True
btc_pax, None, 0.8, 3565.2, 21, 1, smm_btc, 155022557741, False
btc_pax, None, 0.8, 3578.03, 23, 1, smm_btc, 155022556739, True
btc_pax, None, 0.8, 3565.2, 21, 1, smm_btc, 155022557741, True
btc_pax, None, 0.8, 3586.97, 23, 1, smm_btc, 155022558144, False
btc_pax, None, 0.8, 3572.68, 21, 1, smm_btc, 155022559145, False
btc_pax, None, 0.8, 3586.97, 23, 1, smm_btc, 155022558144, True
btc_pax, None, 0.8, 3576.09, 23, 1, smm_btc, 155022559447, False
btc_pax, None, 0.8, 3576.09, 23, 1, smm_btc, 155022559447, True
btc_pax, None, 0.8, 3576.13, 23, 1, smm_btc, 155022563349, False
btc_pax, None, 0.8, 3576.13, 23, 1, smm_btc, 155022563349, True
btc_pax, None, 0.8, 3577.26, 23, 1, smm_btc, 155022565451, False
btc_pax, None, 0.8, 3572.68, 21, 1, smm_btc, 155022559145, True
btc_pax, None, 0.8, 3577.26, 23, 1, smm_btc, 155022565451, True
btc_pax, None, 0.8, 3565.53, 21, 1, smm_btc, 155022568554, False
btc_pax, None, 0.8, 3586.47, 23, 1, smm_btc, 155022568555, False
btc_pax, None, 0.8, 3565.53, 21, 1, smm_btc, 155022568554, True
btc_pax, None, 0.8, 3574.14, 21, 1, smm_btc, 155022569457, False
btc_pax, None, 0.8, 3586.47, 23, 1, smm_btc, 155022568555, True
btc_pax, None, 0.8, 3579.26, 23, 1, smm_btc, 155022569759, False
btc_pax, None, 0.8, 3579.26, 23, 1, smm_btc, 155022569759, True
btc_pax, None, 0.8, 3578.69, 23, 1, smm_btc, 155022571161, False
btc_pax, None, 0.8, 3574.14, 21, 1, smm_btc, 155022569457, True
btc_pax, None, 0.8, 3574.18, 21, 1, smm_btc, 155022572563, False
btc_pax, None, 0.8, 3574.18, 21, 1, smm_btc, 155022572563, True
btc_pax, None, 0.8, 3578.69, 23, 1, smm_btc, 155022571161, True
btc_pax, None, 0.8, 3565.49, 21, 1, smm_btc, 155022574466, False
btc_pax, None, 0.8, 3585.88, 23, 1, smm_btc, 155022574467, False
btc_pax, None, 0.8, 3565.49, 21, 1, smm_btc, 155022574466, True
btc_pax, None, 0.8, 3585.88, 23, 1, smm_btc, 155022574467, True
btc_pax, None, 0.8, 3578.72, 23, 1, smm_btc, 155022575070, False
btc_pax, None, 0.8, 3578.72, 23, 1, smm_btc, 155022575070, True
btc_pax, None, 0.8, 3572.65, 21, 1, smm_btc, 155022576072, False
btc_pax, None, 0.8, 3577.11, 23, 1, smm_btc, 155022576073, False
btc_pax, None, 0.8, 3572.65, 21, 1, smm_btc, 155022576072, True
btc_pax, None, 0.8, 3577.11, 23, 1, smm_btc, 155022576073, True
btc_pax, None, 0.8, 3572.71, 21, 1, smm_btc, 155022576676, False
btc_pax, None, 0.8, 3577.08, 23, 1, smm_btc, 155022576677, False
btc_pax, None, 0.8, 3572.71, 21, 1, smm_btc, 155022576676, True
btc_pax, None, 0.8, 3574.31, 21, 1, smm_btc, 155022578979, False
btc_pax, None, 0.8, 3577.08, 23, 1, smm_btc, 155022576677, True
btc_pax, None, 0.8, 3576.65, 23, 1, smm_btc, 155022579881, False
btc_pax, None, 0.8, 3576.65, 23, 1, smm_btc, 155022579881, True
btc_pax, None, 0.8, 3577.08, 23, 1, smm_btc, 155022582783, False
btc_pax, None, 0.8, 3574.31, 21, 1, smm_btc, 155022578979, True
btc_pax, None, 0.8, 3577.08, 23, 1, smm_btc, 155022582783, True
btc_pax, None, 0.8, 3566.99, 21, 1, smm_btc, 155022583686, False
btc_pax, None, 0.8, 3587.79, 23, 1, smm_btc, 155022583687, False
btc_pax, None, 0.8, 3566.99, 21, 1, smm_btc, 155022583686, True
btc_pax, None, 0.8, 3587.79, 23, 1, smm_btc, 155022583687, True
btc_pax, None, 0.8, 3576.64, 21, 1, smm_btc, 155022584290, False
btc_pax, None, 0.8, 3576.64, 21, 1, smm_btc, 155022584290, True
btc_pax, None, 0.8, 3578.09, 23, 1, smm_btc, 155022584892, False
btc_pax, None, 0.8, 3574.74, 21, 1, smm_btc, 155022585293, False
btc_pax, None, 0.8, 3574.74, 21, 1, smm_btc, 155022585293, True
btc_pax, None, 0.8, 3578.09, 23, 1, smm_btc, 155022584892, True
btc_pax, None, 0.8, 3574.73, 21, 1, smm_btc, 155022585996, False
btc_pax, None, 0.8, 3577.87, 23, 1, smm_btc, 155022585997, False
btc_pax, None, 0.8, 3574.73, 21, 1, smm_btc, 155022585996, True
btc_pax, None, 0.8, 3577.87, 23, 1, smm_btc, 155022585997, True
btc_pax, None, 0.8, 3579.29, 23, 1, smm_btc, 155022586900, False
btc_pax, None, 0.8, 3575.13, 21, 1, smm_btc, 155022587201, False
btc_pax, None, 0.8, 3575.13, 21, 1, smm_btc, 155022587201, True
btc_pax, None, 0.8, 3579.29, 23, 1, smm_btc, 155022586900, True
btc_pax, None, 0.8, 3575.16, 21, 1, smm_btc, 155022588104, False
btc_pax, None, 0.8, 3579.26, 23, 1, smm_btc, 155022588105, False
btc_pax, None, 0.8, 3579.26, 23, 1, smm_btc, 155022588105, True
btc_pax, None, 0.8, 3579.25, 23, 1, smm_btc, 155022592907, False
btc_pax, None, 0.8, 3579.25, 23, 1, smm_btc, 155022592907, True
btc_pax, None, 0.8, 3579.24, 23, 1, smm_btc, 155022594809, False
btc_pax, None, 0.8, 3579.24, 23, 1, smm_btc, 155022594809, True
btc_pax, None, 0.8, 3579.23, 23, 1, smm_btc, 155022597711, False
btc_pax, None, 0.8, 3575.16, 21, 1, smm_btc, 155022588104, True
btc_pax, None, 0.8, 3579.23, 23, 1, smm_btc, 155022597711, True
btc_pax, None, 0.8, 3575.13, 21, 1, smm_btc, 155022599714, False
btc_pax, None, 0.8, 3579.26, 23, 1, smm_btc, 155022599715, False
btc_pax, None, 0.8, 3575.13, 21, 1, smm_btc, 155022599714, True
btc_pax, None, 0.8, 3579.26, 23, 1, smm_btc, 155022599715, True
btc_pax, None, 0.8, 3575.16, 21, 1, smm_btc, 155022600918, False
btc_pax, None, 0.8, 3579.23, 23, 1, smm_btc, 155022600919, False
btc_pax, None, 0.8, 3579.23, 23, 1, smm_btc, 155022600919, True
btc_pax, None, 0.8, 3579.22, 23, 1, smm_btc, 155022601921, False
btc_pax, None, 0.8, 3579.22, 23, 1, smm_btc, 155022601921, True
btc_pax, None, 0.8, 3578.0, 23, 1, smm_btc, 155022603523, False
btc_pax, None, 0.8, 3578.0, 23, 1, smm_btc, 155022603523, True
btc_pax, None, 0.8, 3579.26, 23, 1, smm_btc, 155022605625, False
btc_pax, None, 0.8, 3579.26, 23, 1, smm_btc, 155022605625, True
btc_pax, None, 0.8, 3579.25, 23, 1, smm_btc, 155022607527, False
btc_pax, None, 0.8, 3579.25, 23, 1, smm_btc, 155022607527, True
btc_pax, None, 0.8, 3579.24, 23, 1, smm_btc, 155022610429, False
btc_pax, None, 0.8, 3579.24, 23, 1, smm_btc, 155022610429, True
btc_pax, None, 0.8, 3579.26, 23, 1, smm_btc, 155022612831, False
btc_pax, None, 0.8, 3579.26, 23, 1, smm_btc, 155022612831, True
btc_pax, None, 0.8, 3578.01, 23, 1, smm_btc, 155022615133, False
btc_pax, None, 0.8, 3575.16, 21, 1, smm_btc, 155022600918, True
btc_pax, None, 0.8, 3575.61, 21, 1, smm_btc, 155022616435, False
btc_pax, None, 0.8, 3578.01, 23, 1, smm_btc, 155022615133, True
btc_pax, None, 0.8, 3579.26, 23, 1, smm_btc, 155022616737, False
btc_pax, None, 0.8, 3579.26, 23, 1, smm_btc, 155022616737, True
btc_pax, None, 0.8, 3575.61, 21, 1, smm_btc, 155022616435, True
btc_pax, None, 0.8, 3578.1, 23, 1, smm_btc, 155022620040, False
btc_pax, None, 0.8, 3575.58, 21, 1, smm_btc, 155022620441, False
btc_pax, None, 0.8, 3575.58, 21, 1, smm_btc, 155022620441, True
btc_pax, None, 0.8, 3578.1, 23, 1, smm_btc, 155022620040, True
btc_pax, None, 0.8, 3575.58, 21, 1, smm_btc, 155022621544, False
btc_pax, None, 0.8, 3578.1, 23, 1, smm_btc, 155022621545, False
btc_pax, None, 0.8, 3575.58, 21, 1, smm_btc, 155022621544, True
btc_pax, None, 0.8, 3578.1, 23, 1, smm_btc, 155022621545, True
btc_pax, None, 0.8, 3578.1, 23, 1, smm_btc, 155022622148, False
btc_pax, None, 0.8, 3575.58, 21, 1, smm_btc, 155022622449, False
btc_pax, None, 0.8, 3578.1, 23, 1, smm_btc, 155022622148, True
btc_pax, None, 0.8, 3578.09, 23, 1, smm_btc, 155022623351, False
btc_pax, None, 0.8, 3575.58, 21, 1, smm_btc, 155022622449, True
btc_pax, None, 0.8, 3578.09, 23, 1, smm_btc, 155022623351, True
btc_pax, None, 0.8, 3575.61, 21, 1, smm_btc, 155022624254, False
btc_pax, None, 0.8, 3578.06, 23, 1, smm_btc, 155022624255, False
btc_pax, None, 0.8, 3578.06, 23, 1, smm_btc, 155022624255, True
btc_pax, None, 0.8, 3578.05, 23, 1, smm_btc, 155022625957, False
btc_pax, None, 0.8, 3575.61, 21, 1, smm_btc, 155022624254, True
btc_pax, None, 0.8, 3578.05, 23, 1, smm_btc, 155022625957, True
btc_pax, None, 0.8, 3575.58, 21, 1, smm_btc, 155022628460, False
btc_pax, None, 0.8, 3578.08, 23, 1, smm_btc, 155022628461, False
btc_pax, None, 0.8, 3575.58, 21, 1, smm_btc, 155022628460, True
btc_pax, None, 0.8, 3578.08, 23, 1, smm_btc, 155022628461, True
btc_pax, None, 0.8, 3575.61, 21, 1, smm_btc, 155022630264, False
btc_pax, None, 0.8, 3578.05, 23, 1, smm_btc, 155022630265, False
btc_pax, None, 0.8, 3578.05, 23, 1, smm_btc, 155022630265, True
btc_pax, None, 0.8, 3575.61, 21, 1, smm_btc, 155022630264, True
btc_pax, None, 0.8, 3578.04, 23, 1, smm_btc, 155022631068, False
btc_pax, None, 0.8, 3574.88, 21, 1, smm_btc, 155022631369, False
btc_pax, None, 0.8, 3578.04, 23, 1, smm_btc, 155022631068, True
btc_pax, None, 0.8, 3574.88, 21, 1, smm_btc, 155022631369, True
btc_pax, None, 0.8, 3578.11, 23, 1, smm_btc, 155022632872, False
btc_pax, None, 0.8, 3574.92, 21, 1, smm_btc, 155022633573, False
btc_pax, None, 0.8, 3578.11, 23, 1, smm_btc, 155022632872, True
btc_pax, None, 0.8, 3578.08, 23, 1, smm_btc, 155022634175, False
btc_pax, None, 0.8, 3578.08, 23, 1, smm_btc, 155022634175, True
btc_pax, None, 0.8, 3574.92, 21, 1, smm_btc, 155022633573, True
btc_pax, None, 0.8, 3579.29, 23, 1, smm_btc, 155022637478, False
btc_pax, None, 0.8, 3575.25, 21, 1, smm_btc, 155022637779, False
btc_pax, None, 0.8, 3575.25, 21, 1, smm_btc, 155022637779, True
btc_pax, None, 0.8, 3579.29, 23, 1, smm_btc, 155022637478, True
btc_pax, None, 0.8, 3579.26, 23, 1, smm_btc, 155022639082, False
btc_pax, None, 0.8, 3575.63, 21, 1, smm_btc, 155022639583, False
btc_pax, None, 0.8, 3575.63, 21, 1, smm_btc, 155022639583, True
btc_pax, None, 0.8, 3579.26, 23, 1, smm_btc, 155022639082, True
btc_pax, None, 0.8, 3575.25, 21, 1, smm_btc, 155022642386, False
btc_pax, None, 0.8, 3579.29, 23, 1, smm_btc, 155022642387, False
btc_pax, None, 0.8, 3579.29, 23, 1, smm_btc, 155022642387, True
btc_pax, None, 0.8, 3575.25, 21, 1, smm_btc, 155022642386, True
btc_pax, None, 0.8, 3579.26, 23, 1, smm_btc, 155022643390, False
btc_pax, None, 0.8, 3575.28, 21, 1, smm_btc, 155022644291, False
btc_pax, None, 0.8, 3579.26, 23, 1, smm_btc, 155022643390, True
btc_pax, None, 0.8, 3577.64, 23, 1, smm_btc, 155022645293, False
btc_pax, None, 0.8, 3575.28, 21, 1, smm_btc, 155022644291, True
btc_pax, None, 0.8, 3577.64, 23, 1, smm_btc, 155022645293, True
btc_pax, None, 0.8, 3579.26, 23, 1, smm_btc, 155022646396, False
btc_pax, None, 0.8, 3575.28, 21, 1, smm_btc, 155022646697, False
btc_pax, None, 0.8, 3575.28, 21, 1, smm_btc, 155022646697, True
btc_pax, None, 0.8, 3579.26, 23, 1, smm_btc, 155022646396, True
btc_pax, None, 0.8, 3575.25, 21, 1, smm_btc, 155022647400, False
btc_pax, None, 0.8, 3578.04, 23, 1, smm_btc, 155022647401, False
btc_pax, None, 0.8, 3575.25, 21, 1, smm_btc, 155022647400, True
btc_pax, None, 0.8, 3578.04, 23, 1, smm_btc, 155022647401, True
btc_pax, None, 0.8, 3575.28, 21, 1, smm_btc, 155022648504, False
btc_pax, None, 0.8, 3579.26, 23, 1, smm_btc, 155022648505, False
btc_pax, None, 0.8, 3575.28, 21, 1, smm_btc, 155022648504, True
btc_pax, None, 0.8, 3579.26, 23, 1, smm_btc, 155022648505, True
btc_pax, None, 0.8, 3575.25, 21, 1, smm_btc, 155022651908, False
btc_pax, None, 0.8, 3579.29, 23, 1, smm_btc, 155022651909, False
btc_pax, None, 0.8, 3579.29, 23, 1, smm_btc, 155022651909, True
btc_pax, None, 0.8, 3575.25, 21, 1, smm_btc, 155022651908, True
btc_pax, None, 0.8, 3578.1, 23, 1, smm_btc, 155022652512, False
btc_pax, None, 0.8, 3575.28, 21, 1, smm_btc, 155022652813, False
btc_pax, None, 0.8, 3578.1, 23, 1, smm_btc, 155022652512, True
btc_pax, None, 0.8, 3578.13, 23, 1, smm_btc, 155022656415, False
btc_pax, None, 0.8, 3575.28, 21, 1, smm_btc, 155022652813, True
btc_pax, None, 0.8, 3575.31, 21, 1, smm_btc, 155022657517, False
btc_pax, None, 0.8, 3578.13, 23, 1, smm_btc, 155022656415, True
btc_pax, None, 0.8, 3575.31, 21, 1, smm_btc, 155022657517, True
btc_pax, None, 0.8, 3579.26, 23, 1, smm_btc, 155022657820, False
btc_pax, None, 0.8, 3575.28, 21, 1, smm_btc, 155022658621, False
btc_pax, None, 0.8, 3575.28, 21, 1, smm_btc, 155022658621, True
btc_pax, None, 0.8, 3579.26, 23, 1, smm_btc, 155022657820, True
btc_pax, None, 0.8, 3575.76, 21, 1, smm_btc, 155022660724, False
btc_pax, None, 0.8, 3579.29, 23, 1, smm_btc, 155022660725, False
btc_pax, None, 0.8, 3579.29, 23, 1, smm_btc, 155022660725, True
btc_pax, None, 0.8, 3578.07, 23, 1, smm_btc, 155022662227, False
btc_pax, None, 0.8, 3575.76, 21, 1, smm_btc, 155022660724, True
btc_pax, None, 0.8, 3578.07, 23, 1, smm_btc, 155022662227, True
btc_pax, None, 0.8, 3575.79, 21, 1, smm_btc, 155022665530, False
btc_pax, None, 0.8, 3575.79, 21, 1, smm_btc, 155022665530, True
btc_pax, None, 0.8, 3578.07, 23, 1, smm_btc, 155022665932, False
btc_pax, None, 0.8, 3575.76, 21, 1, smm_btc, 155022666233, False
btc_pax, None, 0.8, 3575.76, 21, 1, smm_btc, 155022666233, True
btc_pax, None, 0.8, 3578.07, 23, 1, smm_btc, 155022665932, True
btc_pax, None, 0.8, 3575.75, 21, 1, smm_btc, 155022667536, False
btc_pax, None, 0.8, 3578.04, 23, 1, smm_btc, 155022667537, False
btc_pax, None, 0.8, 3575.75, 21, 1, smm_btc, 155022667536, True
btc_pax, None, 0.8, 3575.96, 21, 1, smm_btc, 155022668439, False
btc_pax, None, 0.8, 3575.96, 21, 1, smm_btc, 155022668439, True
btc_pax, None, 0.8, 3574.5, 21, 1, smm_btc, 155022669341, False
btc_pax, None, 0.8, 3574.5, 21, 1, smm_btc, 155022669341, True
btc_pax, None, 0.8, 3574.67, 21, 1, smm_btc, 155022671443, False
btc_pax, None, 0.8, 3574.67, 21, 1, smm_btc, 155022671443, True
btc_pax, None, 0.8, 3586.4, 23, 1, smm_btc, 155022671745, False
btc_pax, None, 0.8, 3574.92, 21, 1, smm_btc, 155022672046, False
btc_pax, None, 0.8, 3574.92, 21, 1, smm_btc, 155022672046, True
btc_pax, None, 0.8, 3575.66, 21, 1, smm_btc, 155022672648, False
btc_pax, None, 0.8, 3586.4, 23, 1, smm_btc, 155022671745, True
btc_pax, None, 0.8, 3575.66, 21, 1, smm_btc, 155022672648, True
btc_pax, None, 0.8, 3585.61, 23, 1, smm_btc, 155022672951, False
btc_pax, None, 0.8, 3575.9, 21, 1, smm_btc, 155022673252, False
btc_pax, None, 0.8, 3585.61, 23, 1, smm_btc, 155022672951, True
btc_pax, None, 0.8, 3575.9, 21, 1, smm_btc, 155022673252, True
btc_pax, None, 0.8, 3586.46, 23, 1, smm_btc, 155022673555, False
btc_pax, None, 0.8, 3576.01, 21, 1, smm_btc, 155022673856, False
btc_pax, None, 0.8, 3576.01, 21, 1, smm_btc, 155022673856, True
btc_pax, None, 0.8, 3575.91, 21, 1, smm_btc, 155022674558, False
btc_pax, None, 0.8, 3575.91, 21, 1, smm_btc, 155022674558, True
btc_pax, None, 0.8, 3586.46, 23, 1, smm_btc, 155022673555, True
btc_pax, None, 0.8, 3575.95, 21, 1, smm_btc, 155022675161, False
btc_pax, None, 0.8, 3586.46, 23, 1, smm_btc, 155022675162, False
btc_pax, None, 0.8, 3575.95, 21, 1, smm_btc, 155022675161, True
btc_pax, None, 0.8, 3586.46, 23, 1, smm_btc, 155022675162, True
btc_pax, None, 0.8, 3575.99, 21, 1, smm_btc, 155022675765, False
btc_pax, None, 0.8, 3585.61, 23, 1, smm_btc, 155022675866, False
btc_pax, None, 0.8, 3575.99, 21, 1, smm_btc, 155022675765, True
btc_pax, None, 0.8, 3585.61, 23, 1, smm_btc, 155022675866, True
btc_pax, None, 0.8, 3576.18, 21, 1, smm_btc, 155022676469, False
btc_pax, None, 0.8, 3586.4, 23, 1, smm_btc, 155022676470, False
btc_pax, None, 0.8, 3576.18, 21, 1, smm_btc, 155022676469, True
btc_pax, None, 0.8, 3586.4, 23, 1, smm_btc, 155022676470, True
btc_pax, None, 0.8, 3576.39, 21, 1, smm_btc, 155022677673, False
btc_pax, None, 0.8, 3586.46, 23, 1, smm_btc, 155022677674, False
btc_pax, None, 0.8, 3576.39, 21, 1, smm_btc, 155022677673, True
btc_pax, None, 0.8, 3586.46, 23, 1, smm_btc, 155022677674, True
btc_pax, None, 0.8, 3576.44, 21, 1, smm_btc, 155022678277, False
btc_pax, None, 0.8, 3586.46, 23, 1, smm_btc, 155022678278, False
btc_pax, None, 0.8, 3576.44, 21, 1, smm_btc, 155022678277, True
btc_pax, None, 0.8, 3586.46, 23, 1, smm_btc, 155022678278, True
btc_pax, None, 0.8, 3576.47, 21, 1, smm_btc, 155022678981, False
btc_pax, None, 0.8, 3586.46, 23, 1, smm_btc, 155022678982, False
btc_pax, None, 0.8, 3576.47, 21, 1, smm_btc, 155022678981, True
btc_pax, None, 0.8, 3576.34, 21, 1, smm_btc, 155022679584, False
btc_pax, None, 0.8, 3586.46, 23, 1, smm_btc, 155022678982, True
btc_pax, None, 0.8, 3576.34, 21, 1, smm_btc, 155022679584, True
btc_pax, None, 0.8, 3585.61, 23, 1, smm_btc, 155022679887, False
btc_pax, None, 0.8, 3574.92, 21, 1, smm_btc, 155022680788, False
btc_pax, None, 0.8, 3585.61, 23, 1, smm_btc, 155022679887, True
btc_pax, None, 0.8, 3574.92, 21, 1, smm_btc, 155022680788, True
btc_pax, None, 0.8, 3586.46, 23, 1, smm_btc, 155022681091, False
btc_pax, None, 0.8, 3575.64, 21, 1, smm_btc, 155022681392, False
btc_pax, None, 0.8, 3575.64, 21, 1, smm_btc, 155022681392, True
btc_pax, None, 0.8, 3576.07, 21, 1, smm_btc, 155022681994, False
btc_pax, None, 0.8, 3586.46, 23, 1, smm_btc, 155022681091, True
btc_pax, None, 0.8, 3576.07, 21, 1, smm_btc, 155022681994, True
btc_pax, None, 0.8, 3586.48, 23, 1, smm_btc, 155022682297, False
btc_pax, None, 0.8, 3576.33, 21, 1, smm_btc, 155022682598, False
btc_pax, None, 0.8, 3576.33, 21, 1, smm_btc, 155022682598, True
btc_pax, None, 0.8, 3576.49, 21, 1, smm_btc, 155022683100, False
btc_pax, None, 0.8, 3586.48, 23, 1, smm_btc, 155022682297, True
btc_pax, None, 0.8, 3576.49, 21, 1, smm_btc, 155022683100, True
btc_pax, None, 0.8, 3586.48, 23, 1, smm_btc, 155022683403, False
btc_pax, None, 0.8, 3576.59, 21, 1, smm_btc, 155022683704, False
btc_pax, None, 0.8, 3586.48, 23, 1, smm_btc, 155022683403, True
btc_pax, None, 0.8, 3576.59, 21, 1, smm_btc, 155022683704, True
btc_pax, None, 0.8, 3587.31, 23, 1, smm_btc, 155022684107, False
btc_pax, None, 0.8, 3576.61, 21, 1, smm_btc, 155022684308, False
btc_pax, None, 0.8, 3587.31, 23, 1, smm_btc, 155022684107, True
btc_pax, None, 0.8, 3576.61, 21, 1, smm_btc, 155022684308, True
btc_pax, None, 0.8, 3586.47, 23, 1, smm_btc, 155022684711, False
btc_pax, None, 0.8, 3576.65, 21, 1, smm_btc, 155022684912, False
btc_pax, None, 0.8, 3586.47, 23, 1, smm_btc, 155022684711, True
btc_pax, None, 0.8, 3576.65, 21, 1, smm_btc, 155022684912, True
btc_pax, None, 0.8, 3586.48, 23, 1, smm_btc, 155022685315, False
btc_pax, None, 0.8, 3576.82, 21, 1, smm_btc, 155022685616, False
btc_pax, None, 0.8, 3576.82, 21, 1, smm_btc, 155022685616, True
btc_pax, None, 0.8, 3577.05, 21, 1, smm_btc, 155022686218, False
btc_pax, None, 0.8, 3577.05, 21, 1, smm_btc, 155022686218, True
btc_pax, None, 0.8, 3577.21, 21, 1, smm_btc, 155022686820, False
btc_pax, None, 0.8, 3577.21, 21, 1, smm_btc, 155022686820, True
btc_pax, None, 0.8, 3577.28, 21, 1, smm_btc, 155022687522, False
btc_pax, None, 0.8, 3586.48, 23, 1, smm_btc, 155022685315, True
btc_pax, None, 0.8, 3577.28, 21, 1, smm_btc, 155022687522, True
btc_pax, None, 0.8, 3587.78, 23, 1, smm_btc, 155022687925, False
btc_pax, None, 0.8, 3577.32, 21, 1, smm_btc, 155022688826, False
btc_pax, None, 0.8, 3577.32, 21, 1, smm_btc, 155022688826, True
btc_pax, None, 0.8, 3577.34, 21, 1, smm_btc, 155022689728, False
btc_pax, None, 0.8, 3577.34, 21, 1, smm_btc, 155022689728, True
btc_pax, None, 0.8, 3587.78, 23, 1, smm_btc, 155022687925, True
btc_pax, None, 0.8, 3577.36, 21, 1, smm_btc, 155022690631, False
btc_pax, None, 0.8, 3587.78, 23, 1, smm_btc, 155022690732, False
btc_pax, None, 0.8, 3577.36, 21, 1, smm_btc, 155022690631, True
btc_pax, None, 0.8, 3576.52, 21, 1, smm_btc, 155022691934, False
btc_pax, None, 0.8, 3576.52, 21, 1, smm_btc, 155022691934, True
btc_pax, None, 0.8, 3587.78, 23, 1, smm_btc, 155022690732, True
btc_pax, None, 0.8, 3576.53, 21, 1, smm_btc, 155022692637, False
btc_pax, None, 0.8, 3586.48, 23, 1, smm_btc, 155022692638, False
btc_pax, None, 0.8, 3576.53, 21, 1, smm_btc, 155022692637, True
btc_pax, None, 0.8, 3586.48, 23, 1, smm_btc, 155022692638, True
btc_pax, None, 0.8, 3576.55, 21, 1, smm_btc, 155022693441, False
btc_pax, None, 0.8, 3586.48, 23, 1, smm_btc, 155022693542, False
btc_pax, None, 0.8, 3586.48, 23, 1, smm_btc, 155022693542, True
btc_pax, None, 0.8, 3586.48, 23, 1, smm_btc, 155022695144, False
btc_pax, None, 0.8, 3586.48, 23, 1, smm_btc, 155022695144, True
btc_pax, None, 0.8, 3587.31, 23, 1, smm_btc, 155022696246, False
btc_pax, None, 0.8, 3587.31, 23, 1, smm_btc, 155022696246, True
btc_pax, None, 0.8, 3586.48, 23, 1, smm_btc, 155022696948, False
btc_pax, None, 0.8, 3576.55, 21, 1, smm_btc, 155022693441, True
btc_pax, None, 0.8, 3576.55, 21, 1, smm_btc, 155022697550, False
btc_pax, None, 0.8, 3586.48, 23, 1, smm_btc, 155022696948, True
btc_pax, None, 0.8, 3586.48, 23, 1, smm_btc, 155022698352, False
btc_pax, None, 0.8, 3586.48, 23, 1, smm_btc, 155022698352, True
btc_pax, None, 0.8, 3586.48, 23, 1, smm_btc, 155022701154, False
btc_pax, None, 0.8, 3586.48, 23, 1, smm_btc, 155022701154, True
btc_pax, None, 0.8, 3586.48, 23, 1, smm_btc, 155022701856, False
btc_pax, None, 0.8, 3586.48, 23, 1, smm_btc, 155022701856, True
btc_pax, None, 0.8, 3586.46, 23, 1, smm_btc, 155022702458, False
btc_pax, None, 0.8, 3576.55, 21, 1, smm_btc, 155022697550, True
btc_pax, None, 0.8, 3586.46, 23, 1, smm_btc, 155022702458, True
btc_pax, None, 0.8, 3576.55, 21, 1, smm_btc, 155022703061, False
btc_pax, None, 0.8, 3586.48, 23, 1, smm_btc, 155022703062, False
btc_pax, None, 0.8, 3586.48, 23, 1, smm_btc, 155022703062, True
btc_pax, None, 0.8, 3585.61, 23, 1, smm_btc, 155022703664, False
btc_pax, None, 0.8, 3585.61, 23, 1, smm_btc, 155022703664, True
btc_pax, None, 0.8, 3586.48, 23, 1, smm_btc, 155022704466, False
btc_pax, None, 0.8, 3586.48, 23, 1, smm_btc, 155022704466, True
btc_pax, None, 0.8, 3585.58, 23, 1, smm_btc, 155022705668, False
btc_pax, None, 0.8, 3585.58, 23, 1, smm_btc, 155022705668, True
btc_pax, None, 0.8, 3586.46, 23, 1, smm_btc, 155022706270, False
btc_pax, None, 0.8, 3586.46, 23, 1, smm_btc, 155022706270, True
btc_pax, None, 0.8, 3586.46, 23, 1, smm_btc, 155022707072, False
btc_pax, None, 0.8, 3586.46, 23, 1, smm_btc, 155022707072, True
btc_pax, None, 0.8, 3586.48, 23, 1, smm_btc, 155022708274, False
btc_pax, None, 0.8, 3586.48, 23, 1, smm_btc, 155022708274, True
btc_pax, None, 0.8, 3586.46, 23, 1, smm_btc, 155022709876, False
btc_pax, None, 0.8, 3576.55, 21, 1, smm_btc, 155022703061, True
btc_pax, None, 0.8, 3576.55, 21, 1, smm_btc, 155022710678, False
btc_pax, None, 0.8, 3586.46, 23, 1, smm_btc, 155022709876, True
btc_pax, None, 0.8, 3586.46, 23, 1, smm_btc, 155022712480, False
btc_pax, None, 0.8, 3576.55, 21, 1, smm_btc, 155022710678, True
btc_pax, None, 0.72215, 3576.55, 21, 1, smm_btc, 155022713282, False
btc_pax, None, 0.8, 3575.87, 21, 1, smm_btc, 155022714183, False
btc_pax, None, 0.8, 3586.46, 23, 1, smm_btc, 155022712480, True
btc_pax, None, 0.8, 3579.05, 23, 1, smm_btc, 155022714485, False
btc_pax, None, 0.8, 3575.87, 21, 1, smm_btc, 155022714183, True
btc_pax, None, 0.8, 3579.05, 23, 1, smm_btc, 155022714485, True
btc_pax, None, 0.8, 3575.9, 21, 1, smm_btc, 155022715088, False
btc_pax, None, 0.8, 3579.3, 23, 1, smm_btc, 155022715089, False
btc_pax, None, 0.8, 3575.9, 21, 1, smm_btc, 155022715088, True
btc_pax, None, 0.8, 3579.3, 23, 1, smm_btc, 155022715089, True
btc_pax, None, 0.8, 3575.87, 21, 1, smm_btc, 155022717292, False
btc_pax, None, 0.8, 3579.33, 23, 1, smm_btc, 155022717293, False
btc_pax, None, 0.8, 3575.87, 21, 1, smm_btc, 155022717292, True
btc_pax, None, 0.8, 3575.9, 21, 1, smm_btc, 155022719695, False
btc_pax, None, 0.8, 3579.33, 23, 1, smm_btc, 155022717293, True
btc_pax, None, 0.8, 3578.87, 23, 1, smm_btc, 155022719997, False
btc_pax, None, 0.8, 3575.9, 21, 1, smm_btc, 155022719695, True
btc_pax, None, 0.8, 3578.87, 23, 1, smm_btc, 155022719997, True
btc_pax, None, 0.8, 3575.87, 21, 1, smm_btc, 155022721700, False
btc_pax, None, 0.8, 3578.9, 23, 1, smm_btc, 155022721701, False
btc_pax, None, 0.8, 3575.87, 21, 1, smm_btc, 155022721700, True
btc_pax, None, 0.8, 3578.9, 23, 1, smm_btc, 155022721701, True
btc_pax, None, 0.8, 3575.91, 21, 1, smm_btc, 155022723204, False
btc_pax, None, 0.8, 3578.87, 23, 1, smm_btc, 155022723205, False
btc_pax, None, 0.8, 3578.87, 23, 1, smm_btc, 155022723205, True
btc_pax, None, 0.8, 3579.3, 23, 1, smm_btc, 155022725907, False
btc_pax, None, 0.8, 3579.3, 23, 1, smm_btc, 155022725907, True
btc_pax, None, 0.8, 3579.01, 23, 1, smm_btc, 155022726909, False
btc_pax, None, 0.8, 3579.01, 23, 1, smm_btc, 155022726909, True
btc_pax, None, 0.8, 3577.97, 23, 1, smm_btc, 155022728611, False
btc_pax, None, 0.8, 3575.91, 21, 1, smm_btc, 155022723204, True
btc_pax, None, 0.8, 3577.97, 23, 1, smm_btc, 155022728611, True
btc_pax, None, 0.8, 3575.88, 21, 1, smm_btc, 155022729314, False
btc_pax, None, 0.8, 3578.0, 23, 1, smm_btc, 155022729315, False
btc_pax, None, 0.8, 3578.0, 23, 1, smm_btc, 155022729315, True
btc_pax, None, 0.8, 3579.33, 23, 1, smm_btc, 155022731817, False
btc_pax, None, 0.8, 3575.88, 21, 1, smm_btc, 155022729314, True
btc_pax, None, 0.8, 3579.33, 23, 1, smm_btc, 155022731817, True
btc_pax, None, 0.8, 3575.91, 21, 1, smm_btc, 155022732720, False
btc_pax, None, 0.8, 3579.3, 23, 1, smm_btc, 155022732721, False
btc_pax, None, 0.8, 3575.91, 21, 1, smm_btc, 155022732720, True
btc_pax, None, 0.8, 3579.3, 23, 1, smm_btc, 155022732721, True
btc_pax, None, 0.8, 3575.88, 21, 1, smm_btc, 155022736224, False
btc_pax, None, 0.8, 3578.43, 23, 1, smm_btc, 155022736225, False
btc_pax, None, 0.8, 3578.43, 23, 1, smm_btc, 155022736225, True
btc_pax, None, 0.8, 3575.88, 21, 1, smm_btc, 155022736224, True
btc_pax, None, 0.8, 3579.3, 23, 1, smm_btc, 155022737928, False
btc_pax, None, 0.8, 3575.91, 21, 1, smm_btc, 155022738229, False
btc_pax, None, 0.8, 3579.3, 23, 1, smm_btc, 155022737928, True
btc_pax, None, 0.8, 3579.02, 23, 1, smm_btc, 155022739431, False
btc_pax, None, 0.8, 3575.91, 21, 1, smm_btc, 155022738229, True
btc_pax, None, 0.8, 3579.02, 23, 1, smm_btc, 155022739431, True
btc_pax, None, 0.8, 3579.1, 23, 1, smm_btc, 155022740234, False
btc_pax, None, 0.8, 3575.92, 21, 1, smm_btc, 155022741235, False
btc_pax, None, 0.8, 3579.1, 23, 1, smm_btc, 155022740234, True
btc_pax, None, 0.8, 3575.92, 21, 1, smm_btc, 155022741235, True
btc_pax, None, 0.8, 3580.7, 23, 1, smm_btc, 155022741538, False
btc_pax, None, 0.8, 3575.97, 21, 1, smm_btc, 155022742139, False
btc_pax, None, 0.8, 3580.7, 23, 1, smm_btc, 155022741538, True
btc_pax, None, 0.8, 3580.66, 23, 1, smm_btc, 155022742441, False
btc_pax, None, 0.8, 3580.66, 23, 1, smm_btc, 155022742441, True
btc_pax, None, 0.8, 3575.97, 21, 1, smm_btc, 155022742139, True
btc_pax, None, 0.8, 3580.69, 23, 1, smm_btc, 155022744944, False
btc_pax, None, 0.8, 3575.97, 21, 1, smm_btc, 155022745245, False
btc_pax, None, 0.8, 3580.69, 23, 1, smm_btc, 155022744944, True
btc_pax, None, 0.8, 3580.66, 23, 1, smm_btc, 155022745647, False
btc_pax, None, 0.8, 3575.97, 21, 1, smm_btc, 155022745245, True
btc_pax, None, 0.8, 3580.66, 23, 1, smm_btc, 155022745647, True
btc_pax, None, 0.8, 3576.68, 21, 1, smm_btc, 155022746650, False
btc_pax, None, 0.8, 3580.71, 23, 1, smm_btc, 155022746651, False
btc_pax, None, 0.8, 3576.68, 21, 1, smm_btc, 155022746650, True
btc_pax, None, 0.8, 3580.71, 23, 1, smm_btc, 155022746651, True
btc_pax, None, 0.8, 3576.73, 21, 1, smm_btc, 155022749854, False
btc_pax, None, 0.8, 3580.66, 23, 1, smm_btc, 155022750155, False
btc_pax, None, 0.8, 3576.73, 21, 1, smm_btc, 155022749854, True
btc_pax, None, 0.8, 3576.7, 21, 1, smm_btc, 155022751257, False
btc_pax, None, 0.8, 3580.66, 23, 1, smm_btc, 155022750155, True
btc_pax, None, 0.8, 3580.69, 23, 1, smm_btc, 155022751959, False
btc_pax, None, 0.8, 3576.7, 21, 1, smm_btc, 155022751257, True
btc_pax, None, 0.8, 3580.69, 23, 1, smm_btc, 155022751959, True
btc_pax, None, 0.8, 3575.94, 21, 1, smm_btc, 155022752562, False
btc_pax, None, 0.8, 3580.69, 23, 1, smm_btc, 155022752563, False
btc_pax, None, 0.8, 3575.94, 21, 1, smm_btc, 155022752562, True
btc_pax, None, 0.8, 3580.69, 23, 1, smm_btc, 155022752563, True
btc_pax, None, 0.8, 3576.7, 21, 1, smm_btc, 155022755766, False
btc_pax, None, 0.8, 3580.71, 23, 1, smm_btc, 155022755767, False
btc_pax, None, 0.8, 3580.71, 23, 1, smm_btc, 155022755767, True
btc_pax, None, 0.8, 3576.7, 21, 1, smm_btc, 155022755766, True
btc_pax, None, 0.8, 3586.6, 23, 1, smm_btc, 155022756970, False
btc_pax, None, 0.8, 3576.75, 21, 1, smm_btc, 155022757271, False
btc_pax, None, 0.8, 3586.6, 23, 1, smm_btc, 155022756970, True
btc_pax, None, 0.8, 3580.66, 23, 1, smm_btc, 155022757573, False
btc_pax, None, 0.8, 3576.75, 21, 1, smm_btc, 155022757271, True
btc_pax, None, 0.8, 3580.66, 23, 1, smm_btc, 155022757573, True
btc_pax, None, 0.8, 3576.72, 21, 1, smm_btc, 155022759376, False
btc_pax, None, 0.8, 3580.69, 23, 1, smm_btc, 155022759377, False
btc_pax, None, 0.8, 3576.72, 21, 1, smm_btc, 155022759376, True
btc_pax, None, 0.8, 3580.69, 23, 1, smm_btc, 155022759377, True
btc_pax, None, 0.8, 3576.75, 21, 1, smm_btc, 155022761980, False
btc_pax, None, 0.8, 3580.66, 23, 1, smm_btc, 155022761981, False
btc_pax, None, 0.8, 3576.75, 21, 1, smm_btc, 155022761980, True
btc_pax, None, 0.8, 3580.66, 23, 1, smm_btc, 155022761981, True
btc_pax, None, 0.8, 3576.72, 21, 1, smm_btc, 155022762884, False
btc_pax, None, 0.8, 3580.61, 23, 1, smm_btc, 155022762885, False
btc_pax, None, 0.8, 3576.72, 21, 1, smm_btc, 155022762884, True
btc_pax, None, 0.8, 3580.61, 23, 1, smm_btc, 155022762885, True
btc_pax, None, 0.8, 3576.75, 21, 1, smm_btc, 155022763788, False
btc_pax, None, 0.8, 3580.58, 23, 1, smm_btc, 155022763789, False
btc_pax, None, 0.8, 3576.75, 21, 1, smm_btc, 155022763788, True
btc_pax, None, 0.8, 3576.71, 21, 1, smm_btc, 155022769991, False
btc_pax, None, 0.8, 3580.58, 23, 1, smm_btc, 155022763789, True
btc_pax, None, 0.8, 3576.71, 21, 1, smm_btc, 155022769991, True
btc_pax, None, 0.8, 3581.06, 23, 1, smm_btc, 155022770294, False
btc_pax, None, 0.8, 3579.69, 21, 1, smm_btc, 155022770595, False
btc_pax, None, 0.8, 3579.69, 21, 1, smm_btc, 155022770595, True
btc_pax, None, 0.8, 3591.36, 23, 1, smm_btc, 155022771497, False
btc_pax, None, 0.8, 3581.63, 21, 1, smm_btc, 155022771798, False
btc_pax, None, 0.8, 3591.36, 23, 1, smm_btc, 155022771497, True
btc_pax, None, 0.8, 3581.63, 21, 1, smm_btc, 155022771798, True
btc_pax, None, 0.8, 3591.51, 23, 1, smm_btc, 155022772001, False
btc_pax, None, 0.8, 3581.73, 21, 1, smm_btc, 155022772402, False
btc_pax, None, 0.8, 3591.51, 23, 1, smm_btc, 155022772001, True
btc_pax, None, 0.8, 3581.73, 21, 1, smm_btc, 155022772402, True
btc_pax, None, 0.8, 3591.51, 23, 1, smm_btc, 155022772705, False
btc_pax, None, 0.8, 3581.76, 21, 1, smm_btc, 155022773006, False
btc_pax, None, 0.8, 3591.51, 23, 1, smm_btc, 155022772705, True
btc_pax, None, 0.8, 3570.82, 21, 1, smm_btc, 155022773908, False
btc_pax, None, 0.8, 3591.36, 23, 1, smm_btc, 155022773909, False
btc_pax, None, 0.8, 3570.82, 21, 1, smm_btc, 155022773908, True
btc_pax, None, 0.8, 3591.36, 23, 1, smm_btc, 155022773909, True
btc_pax, None, 0.8, 3579.94, 21, 1, smm_btc, 155022774512, False
btc_pax, None, 0.8, 3579.94, 21, 1, smm_btc, 155022774512, True
btc_pax, None, 0.8, 3581.73, 23, 1, smm_btc, 155022774814, False
btc_pax, None, 0.8, 3579.44, 21, 1, smm_btc, 155022775115, False
btc_pax, None, 0.8, 3579.44, 21, 1, smm_btc, 155022775115, True
btc_pax, None, 0.8, 3577.96, 21, 1, smm_btc, 155022775717, False
btc_pax, None, 0.8, 3577.96, 21, 1, smm_btc, 155022775717, True
btc_pax, None, 0.8, 3581.73, 23, 1, smm_btc, 155022774814, True
btc_pax, None, 0.8, 3577.92, 21, 1, smm_btc, 155022778320, False
btc_pax, None, 0.8, 3581.77, 23, 1, smm_btc, 155022778321, False
btc_pax, None, 0.8, 3581.77, 23, 1, smm_btc, 155022778321, True
btc_pax, None, 0.8, 3577.92, 21, 1, smm_btc, 155022778320, True
btc_pax, None, 0.8, 3581.77, 23, 1, smm_btc, 155022779824, False
btc_pax, None, 0.8, 3577.93, 21, 1, smm_btc, 155022780125, False
btc_pax, None, 0.8, 3577.93, 21, 1, smm_btc, 155022780125, True
btc_pax, None, 0.8, 3581.77, 23, 1, smm_btc, 155022779824, True
btc_pax, None, 0.8, 3577.96, 21, 1, smm_btc, 155022781128, False
btc_pax, None, 0.8, 3581.74, 23, 1, smm_btc, 155022781129, False
btc_pax, None, 0.8, 3577.96, 21, 1, smm_btc, 155022781128, True
btc_pax, None, 0.8, 3578.97, 21, 1, smm_btc, 155022787831, False
btc_pax, None, 0.8, 3581.74, 23, 1, smm_btc, 155022781129, True
btc_pax, None, 0.8, 3583.47, 23, 1, smm_btc, 155022788433, False
btc_pax, None, 0.8, 3583.47, 23, 1, smm_btc, 155022788433, True
btc_pax, None, 0.8, 3583.44, 23, 1, smm_btc, 155022789135, False
btc_pax, None, 0.8, 3578.97, 21, 1, smm_btc, 155022787831, True
btc_pax, None, 0.8, 3583.44, 23, 1, smm_btc, 155022789135, True
btc_pax, None, 0.8, 3570.89, 21, 1, smm_btc, 155022790738, False
btc_pax, None, 0.8, 3590.0, 23, 1, smm_btc, 155022790739, False
btc_pax, None, 0.8, 3570.89, 21, 1, smm_btc, 155022790738, True
btc_pax, None, 0.8, 3578.97, 21, 1, smm_btc, 155022791641, False
btc_pax, None, 0.8, 3578.97, 21, 1, smm_btc, 155022791641, True
btc_pax, None, 0.8, 3590.0, 23, 1, smm_btc, 155022790739, True
btc_pax, None, 0.8, 3571.23, 21, 1, smm_btc, 155022792244, False
btc_pax, None, 0.8, 3590.66, 23, 1, smm_btc, 155022792245, False
btc_pax, None, 0.8, 3571.23, 21, 1, smm_btc, 155022792244, True
btc_pax, None, 0.8, 3590.66, 23, 1, smm_btc, 155022792245, True
btc_pax, None, 0.8, 3578.97, 21, 1, smm_btc, 155022792848, False
btc_pax, None, 0.8, 3583.44, 23, 1, smm_btc, 155022792849, False
btc_pax, None, 0.8, 3583.44, 23, 1, smm_btc, 155022792849, True
btc_pax, None, 0.8, 3584.25, 23, 1, smm_btc, 155022793551, False
btc_pax, None, 0.8, 3578.97, 21, 1, smm_btc, 155022792848, True
btc_pax, None, 0.8, 3582.1, 21, 1, smm_btc, 155022794153, False
btc_pax, None, 0.8, 3584.25, 23, 1, smm_btc, 155022793551, True
btc_pax, None, 0.8, 3582.1, 21, 1, smm_btc, 155022794153, True
btc_pax, None, 0.8, 3584.3, 23, 1, smm_btc, 155022794456, False
btc_pax, None, 0.8, 3582.09, 21, 1, smm_btc, 155022794757, False
btc_pax, None, 0.8, 3582.09, 21, 1, smm_btc, 155022794757, True
btc_pax, None, 0.8, 3584.3, 23, 1, smm_btc, 155022794456, True
btc_pax, None, 0.8, 3582.14, 21, 1, smm_btc, 155022795560, False
btc_pax, None, 0.8, 3584.25, 23, 1, smm_btc, 155022795561, False
btc_pax, None, 0.8, 3582.14, 21, 1, smm_btc, 155022795560, True
btc_pax, None, 0.8, 3584.3, 21, 1, smm_btc, 155022797963, False
btc_pax, None, 0.8, 3591.51, 23, 1, smm_btc, 155022797964, False
btc_pax, None, 0.8, 3584.3, 21, 1, smm_btc, 155022797963, True
btc_pax, None, 0.8, 3591.51, 23, 1, smm_btc, 155022797964, True
btc_pax, None, 0.8, 3584.32, 21, 1, smm_btc, 155022798567, False
btc_pax, None, 0.8, 3591.48, 23, 1, smm_btc, 155022798568, False
btc_pax, None, 0.8, 3584.32, 21, 1, smm_btc, 155022798567, True
btc_pax, None, 0.8, 3584.34, 21, 1, smm_btc, 155022799170, False
btc_pax, None, 0.8, 3584.34, 21, 1, smm_btc, 155022799170, True
btc_pax, None, 0.8, 3591.48, 23, 1, smm_btc, 155022798568, True
btc_pax, None, 0.8, 3584.36, 21, 1, smm_btc, 155022800273, False
btc_pax, None, 0.8, 3591.51, 23, 1, smm_btc, 155022800274, False
btc_pax, None, 0.8, 3584.36, 21, 1, smm_btc, 155022800273, True
btc_pax, None, 0.8, 3581.58, 21, 1, smm_btc, 155022801176, False
btc_pax, None, 0.8, 3591.51, 23, 1, smm_btc, 155022800274, True
btc_pax, None, 0.8, 3581.58, 21, 1, smm_btc, 155022801176, True
btc_pax, None, 0.8, 3590.5, 23, 1, smm_btc, 155022801479, False
btc_pax, None, 0.8, 3581.96, 21, 1, smm_btc, 155022801780, False
btc_pax, None, 0.8, 3581.96, 21, 1, smm_btc, 155022801780, True
btc_pax, None, 0.8, 3582.56, 21, 1, smm_btc, 155022802382, False
btc_pax, None, 0.8, 3582.56, 21, 1, smm_btc, 155022802382, True
btc_pax, None, 0.8, 3582.82, 21, 1, smm_btc, 155022802984, False
btc_pax, None, 0.8, 3582.82, 21, 1, smm_btc, 155022802984, True
btc_pax, None, 0.8, 3583.01, 21, 1, smm_btc, 155022803586, False
btc_pax, None, 0.8, 3583.01, 21, 1, smm_btc, 155022803586, True
btc_pax, None, 0.8, 3583.14, 21, 1, smm_btc, 155022804188, False
btc_pax, None, 0.8, 3590.5, 23, 1, smm_btc, 155022801479, True
btc_pax, None, 0.8, 3583.14, 21, 1, smm_btc, 155022804188, True
btc_pax, None, 0.8, 3590.5, 23, 1, smm_btc, 155022804591, False
btc_pax, None, 0.8, 3583.22, 21, 1, smm_btc, 155022805092, False
btc_pax, None, 0.8, 3583.22, 21, 1, smm_btc, 155022805092, True
btc_pax, None, 0.8, 3583.32, 21, 1, smm_btc, 155022805694, False
btc_pax, None, 0.8, 3590.5, 23, 1, smm_btc, 155022804591, True
btc_pax, None, 0.8, 3590.0, 23, 1, smm_btc, 155022806896, False
btc_pax, None, 0.8, 3572.42, 21, 1, smm_btc, 155022807197, False
btc_pax, None, 0.8, 3590.0, 23, 1, smm_btc, 155022806896, True
btc_pax, None, 0.8, 3585.28, 23, 1, smm_btc, 155022807799, False
btc_pax, None, 0.8, 3572.42, 21, 1, smm_btc, 155022807197, True
btc_pax, None, 0.8, 3585.28, 23, 1, smm_btc, 155022807799, True
btc_pax, None, 0.8, 3580.38, 21, 1, smm_btc, 155022808702, False
btc_pax, None, 0.8, 3585.46, 23, 1, smm_btc, 155022808703, False
btc_pax, None, 0.8, 3585.46, 23, 1, smm_btc, 155022808703, True
btc_pax, None, 0.8, 3585.09, 23, 1, smm_btc, 155022809405, False
btc_pax, None, 0.8, 3580.38, 21, 1, smm_btc, 155022808702, True
btc_pax, None, 0.8, 3585.09, 23, 1, smm_btc, 155022809405, True
btc_pax, None, 0.8, 3580.39, 21, 1, smm_btc, 155022810208, False
btc_pax, None, 0.8, 3585.08, 23, 1, smm_btc, 155022810209, False
btc_pax, None, 0.8, 3580.39, 21, 1, smm_btc, 155022810208, True
btc_pax, None, 0.8, 3585.08, 23, 1, smm_btc, 155022810209, True
btc_pax, None, 0.8, 3580.43, 21, 1, smm_btc, 155022810812, False
btc_pax, None, 0.8, 3585.04, 23, 1, smm_btc, 155022810813, False
btc_pax, None, 0.8, 3585.04, 23, 1, smm_btc, 155022810813, True
btc_pax, None, 0.8, 3584.45, 23, 1, smm_btc, 155022812315, False
btc_pax, None, 0.8, 3584.45, 23, 1, smm_btc, 155022812315, True
btc_pax, None, 0.8, 3584.43, 23, 1, smm_btc, 155022818717, False
btc_pax, None, 0.8, 3580.43, 21, 1, smm_btc, 155022810812, True
btc_pax, None, 0.8, 3582.51, 21, 1, smm_btc, 155022822819, False
btc_pax, None, 0.8, 3584.43, 23, 1, smm_btc, 155022818717, True
btc_pax, None, 0.8, 3584.46, 23, 1, smm_btc, 155022823121, False
btc_pax, None, 0.8, 3584.46, 23, 1, smm_btc, 155022823121, True
btc_pax, None, 0.8, 3584.27, 23, 1, smm_btc, 155022824623, False
btc_pax, None, 0.8, 3582.51, 21, 1, smm_btc, 155022822819, True
btc_pax, None, 0.8, 3584.27, 23, 1, smm_btc, 155022824623, True
btc_pax, None, 0.8, 3582.54, 21, 1, smm_btc, 155022825826, False
btc_pax, None, 0.8, 3584.24, 23, 1, smm_btc, 155022825827, False
btc_pax, None, 0.8, 3582.54, 21, 1, smm_btc, 155022825826, True
btc_pax, None, 0.8, 3584.24, 23, 1, smm_btc, 155022825827, True
btc_pax, None, 0.8, 3580.43, 21, 1, smm_btc, 155022826530, False
btc_pax, None, 0.8, 3584.45, 23, 1, smm_btc, 155022826531, False
btc_pax, None, 0.8, 3584.45, 23, 1, smm_btc, 155022826531, True
btc_pax, None, 0.8, 3584.45, 23, 1, smm_btc, 155022828733, False
btc_pax, None, 0.8, 3580.43, 21, 1, smm_btc, 155022826530, True
btc_pax, None, 0.8, 3584.45, 23, 1, smm_btc, 155022828733, True
btc_pax, None, 0.8, 3580.4, 21, 1, smm_btc, 155022834436, False
btc_pax, None, 0.8, 3584.48, 23, 1, smm_btc, 155022834437, False
btc_pax, None, 0.8, 3584.48, 23, 1, smm_btc, 155022834437, True
btc_pax, None, 0.8, 3584.92, 23, 1, smm_btc, 155022835939, False
btc_pax, None, 0.8, 3584.92, 23, 1, smm_btc, 155022835939, True
btc_pax, None, 0.8, 3580.4, 21, 1, smm_btc, 155022834436, True
btc_pax, None, 0.8, 3584.94, 23, 1, smm_btc, 155022836642, False
btc_pax, None, 0.8, 3580.38, 21, 1, smm_btc, 155022837543, False
btc_pax, None, 0.8, 3580.38, 21, 1, smm_btc, 155022837543, True
btc_pax, None, 0.8, 3584.94, 23, 1, smm_btc, 155022836642, True
btc_pax, None, 0.8, 3580.43, 21, 1, smm_btc, 155022838746, False
btc_pax, None, 0.8, 3584.89, 23, 1, smm_btc, 155022838747, False
btc_pax, None, 0.8, 3584.89, 23, 1, smm_btc, 155022838747, True
btc_pax, None, 0.8, 3580.43, 21, 1, smm_btc, 155022838746, True
btc_pax, None, 0.8, 3584.96, 23, 1, smm_btc, 155022842150, False
btc_pax, None, 0.8, 3580.39, 21, 1, smm_btc, 155022842551, False
btc_pax, None, 0.8, 3584.96, 23, 1, smm_btc, 155022842150, True
btc_pax, None, 0.8, 3580.39, 21, 1, smm_btc, 155022842551, True
btc_pax, None, 0.8, 3584.96, 23, 1, smm_btc, 155022842854, False
btc_pax, None, 0.8, 3580.44, 21, 1, smm_btc, 155022843255, False
btc_pax, None, 0.8, 3584.96, 23, 1, smm_btc, 155022842854, True
btc_pax, None, 0.8, 3580.44, 21, 1, smm_btc, 155022843255, True
btc_pax, None, 0.8, 3584.92, 23, 1, smm_btc, 155022843558, False
btc_pax, None, 0.8, 3580.4, 21, 1, smm_btc, 155022844859, False
btc_pax, None, 0.8, 3584.92, 23, 1, smm_btc, 155022843558, True
btc_pax, None, 0.8, 3580.4, 21, 1, smm_btc, 155022844859, True
btc_pax, None, 0.8, 3584.92, 23, 1, smm_btc, 155022845162, False
btc_pax, None, 0.8, 3580.43, 21, 1, smm_btc, 155022845763, False
btc_pax, None, 0.8, 3580.43, 21, 1, smm_btc, 155022845763, True
btc_pax, None, 0.8, 3580.44, 21, 1, smm_btc, 155022847265, False
btc_pax, None, 0.8, 3580.44, 21, 1, smm_btc, 155022847265, True
btc_pax, None, 0.8, 3580.44, 21, 1, smm_btc, 155022849167, False
btc_pax, None, 0.8, 3580.44, 21, 1, smm_btc, 155022849167, True
btc_pax, None, 0.8, 3580.75, 21, 1, smm_btc, 155022853169, False
btc_pax, None, 0.8, 3580.75, 21, 1, smm_btc, 155022853169, True
btc_pax, None, 0.8, 3581.77, 21, 1, smm_btc, 155022854171, False
btc_pax, None, 0.8, 3581.77, 21, 1, smm_btc, 155022854171, True
btc_pax, None, 0.8, 3583.73, 21, 1, smm_btc, 155022855373, False
btc_pax, None, 0.8, 3593.82, 23, 1, smm_btc, 155022855374, False
btc_pax, None, 0.8, 3583.73, 21, 1, smm_btc, 155022855373, True
btc_pax, None, 0.8, 3593.82, 23, 1, smm_btc, 155022855374, True
btc_pax, None, 0.8, 3584.66, 21, 1, smm_btc, 155022855977, False
btc_pax, None, 0.8, 3593.83, 23, 1, smm_btc, 155022855978, False
btc_pax, None, 0.8, 3584.66, 21, 1, smm_btc, 155022855977, True
btc_pax, None, 0.8, 3585.18, 21, 1, smm_btc, 155022856580, False
btc_pax, None, 0.8, 3585.18, 21, 1, smm_btc, 155022856580, True
btc_pax, None, 0.8, 3593.83, 23, 1, smm_btc, 155022855978, True
btc_pax, None, 0.8, 3585.1, 21, 1, smm_btc, 155022857183, False
btc_pax, None, 0.8, 3593.8, 23, 1, smm_btc, 155022857184, False
btc_pax, None, 0.8, 3593.8, 23, 1, smm_btc, 155022857184, True
btc_pax, None, 0.8, 3591.51, 23, 1, smm_btc, 155022858086, False
btc_pax, None, 0.8, 3583.63, 21, 1, smm_btc, 155022858387, False
btc_pax, None, 0.8, 3591.51, 23, 1, smm_btc, 155022858086, True
btc_pax, None, 0.8, 3583.63, 21, 1, smm_btc, 155022858387, True
btc_pax, None, 0.8, 3587.84, 23, 1, smm_btc, 155022859090, False
btc_pax, None, 0.8, 3583.72, 21, 1, smm_btc, 155022859391, False
btc_pax, None, 0.8, 3583.72, 21, 1, smm_btc, 155022859391, True
btc_pax, None, 0.8, 3587.84, 23, 1, smm_btc, 155022859090, True
btc_pax, None, 0.8, 3583.77, 21, 1, smm_btc, 155022859994, False
btc_pax, None, 0.8, 3587.79, 23, 1, smm_btc, 155022859995, False
btc_pax, None, 0.8, 3587.79, 23, 1, smm_btc, 155022859995, True
btc_pax, None, 0.8, 3587.33, 23, 1, smm_btc, 155022860897, False
btc_pax, None, 0.8, 3587.33, 23, 1, smm_btc, 155022860897, True
btc_pax, None, 0.8, 3587.79, 23, 1, smm_btc, 155022863799, False
btc_pax, None, 0.8, 3583.77, 21, 1, smm_btc, 155022859994, True
btc_pax, None, 0.8, 3589.5, 21, 1, smm_btc, 155022865201, False
btc_pax, None, 0.8, 3598.0, 23, 1, smm_btc, 155022865202, False
btc_pax, None, 0.8, 3589.5, 21, 1, smm_btc, 155022865201, True
btc_pax, None, 0.8, 3590.02, 21, 1, smm_btc, 155022865904, False
btc_pax, None, 0.8, 3598.0, 23, 1, smm_btc, 155022865202, True
btc_pax, None, 0.8, 3590.02, 21, 1, smm_btc, 155022865904, True
btc_pax, None, 0.8, 3597.77, 23, 1, smm_btc, 155022866207, False
btc_pax, None, 0.8, 3590.04, 21, 1, smm_btc, 155022866508, False
btc_pax, None, 0.8, 3597.77, 23, 1, smm_btc, 155022866207, True
btc_pax, None, 0.8, 3590.04, 21, 1, smm_btc, 155022866508, True
btc_pax, None, 0.8, 3599.6, 23, 1, smm_btc, 155022866811, False
btc_pax, None, 0.8, 3590.05, 21, 1, smm_btc, 155022867112, False
btc_pax, None, 0.8, 3599.6, 23, 1, smm_btc, 155022866811, True
btc_pax, None, 0.8, 3590.05, 21, 1, smm_btc, 155022867112, True
btc_pax, None, 0.8, 3600.55, 23, 1, smm_btc, 155022867415, False
btc_pax, None, 0.8, 3596.03, 21, 1, smm_btc, 155022868616, False
btc_pax, None, 0.8, 3600.55, 23, 1, smm_btc, 155022867415, True
btc_pax, None, 0.8, 3602.44, 23, 1, smm_btc, 155022868918, False
btc_pax, None, 0.8, 3574.06, 21, 1, smm_btc, 155022870219, False
btc_pax, None, 0.8, 3602.44, 23, 1, smm_btc, 155022868918, True
btc_pax, None, 0.8, 3574.06, 21, 1, smm_btc, 155022870219, True
btc_pax, None, 0.8, 3601.55, 23, 1, smm_btc, 155022870522, False
btc_pax, None, 0.8, 3601.55, 23, 1, smm_btc, 155022870522, True
btc_pax, None, 0.8, 3587.35, 21, 1, smm_btc, 155022871124, False
btc_pax, None, 0.8, 3590.67, 23, 1, smm_btc, 155022871125, False
btc_pax, None, 0.8, 3587.35, 21, 1, smm_btc, 155022871124, True
btc_pax, None, 0.8, 3589.84, 21, 1, smm_btc, 155022872027, False
btc_pax, None, 0.8, 3601.01, 23, 1, smm_btc, 155022872028, False
btc_pax, None, 0.8, 3589.84, 21, 1, smm_btc, 155022872027, True
btc_pax, None, 0.8, 3601.01, 23, 1, smm_btc, 155022872028, True
btc_pax, None, 0.8, 3590.15, 21, 1, smm_btc, 155022872631, False
btc_pax, None, 0.8, 3600.55, 23, 1, smm_btc, 155022872632, False
btc_pax, None, 0.8, 3600.55, 23, 1, smm_btc, 155022872632, True
btc_pax, None, 0.8, 3600.12, 23, 1, smm_btc, 155022873934, False
btc_pax, None, 0.8, 3590.15, 21, 1, smm_btc, 155022872631, True
btc_pax, None, 0.8, 3600.12, 23, 1, smm_btc, 155022873934, True
btc_pax, None, 0.8, 3590.15, 21, 1, smm_btc, 155022874537, False
btc_pax, None, 0.8, 3600.12, 23, 1, smm_btc, 155022874538, False
btc_pax, None, 0.8, 3600.12, 23, 1, smm_btc, 155022874538, True
btc_pax, None, 0.8, 3579.0, 21, 1, smm_btc, 155022876440, False
btc_pax, None, 0.8, 3599.33, 23, 1, smm_btc, 155022876441, False
btc_pax, None, 0.8, 3579.0, 21, 1, smm_btc, 155022876440, True
btc_pax, None, 0.8, 3599.33, 23, 1, smm_btc, 155022876441, True
btc_pax, None, 0.8, 3587.39, 21, 1, smm_btc, 155022877044, False
btc_pax, None, 0.8, 3587.39, 21, 1, smm_btc, 155022877044, True
btc_pax, None, 0.8, 3589.4, 23, 1, smm_btc, 155022877446, False
btc_pax, None, 0.8, 3587.4, 21, 1, smm_btc, 155022877747, False
btc_pax, None, 0.8, 3587.4, 21, 1, smm_btc, 155022877747, True
btc_pax, None, 0.8, 3587.38, 21, 1, smm_btc, 155022878449, False
btc_pax, None, 0.8, 3587.38, 21, 1, smm_btc, 155022878449, True
btc_pax, None, 0.8, 3588.66, 21, 1, smm_btc, 155022880051, False
btc_pax, None, 0.8, 3588.66, 21, 1, smm_btc, 155022880051, True
btc_pax, None, 0.8, 3599.33, 23, 1, smm_btc, 155022880353, False
btc_pax, None, 0.8, 3588.75, 21, 1, smm_btc, 155022880654, False
btc_pax, None, 0.8, 3599.33, 23, 1, smm_btc, 155022880353, True
btc_pax, None, 0.8, 3598.0, 23, 1, smm_btc, 155022880956, False
btc_pax, None, 0.8, 3598.0, 23, 1, smm_btc, 155022880956, True
btc_pax, None, 0.8, 3598.77, 23, 1, smm_btc, 155022881758, False
btc_pax, None, 0.8, 3598.77, 23, 1, smm_btc, 155022881758, True
btc_pax, None, 0.8, 3598.31, 23, 1, smm_btc, 155022882760, False
btc_pax, None, 0.8, 3588.75, 21, 1, smm_btc, 155022880654, True
btc_pax, None, 0.8, 3598.31, 23, 1, smm_btc, 155022882760, True
btc_pax, None, 0.460572, 3587.49, 21, 1, smm_btc, 155022883363, False
btc_pax, None, 0.8, 3598.31, 23, 1, smm_btc, 155022883364, False
btc_pax, None, 0.460572, 3587.49, 21, 1, smm_btc, 155022883363, True
btc_pax, None, 0.460572, 3587.59, 21, 1, smm_btc, 155022884066, False
btc_pax, None, 0.460572, 3587.59, 21, 1, smm_btc, 155022884066, True
btc_pax, None, 0.460572, 3587.61, 21, 1, smm_btc, 155022884668, False
btc_pax, None, 0.8, 3598.31, 23, 1, smm_btc, 155022883364, True
btc_pax, None, 0.460572, 3587.61, 21, 1, smm_btc, 155022884668, False
btc_pax, None, 0.8, 3598.31, 23, 1, smm_btc, 155022885771, False
btc_pax, None, 0.8, 3598.31, 23, 1, smm_btc, 155022885771, True
btc_pax, None, 0.8, 3587.35, 21, 1, smm_btc, 155022886973, False
btc_pax, None, 0.8, 3587.35, 21, 1, smm_btc, 155022886973, True
btc_pax, None, 0.8, 3587.35, 21, 1, smm_btc, 155022887575, False
btc_pax, None, 0.8, 3587.34, 23, 1, smm_btc, 155022887976, False
btc_pax, None, 0.8, 3587.34, 23, 1, smm_btc, 155022887976, True
btc_pax, None, 0.8, 3577.17, 21, 1, smm_btc, 155022888278, False
btc_pax, None, 0.8, 3587.27, 23, 1, smm_btc, 155022888579, False
btc_pax, None, 0.8, 3577.17, 21, 1, smm_btc, 155022888278, True
btc_pax, None, 0.8, 3587.27, 23, 1, smm_btc, 155022888579, True
btc_pax, None, 0.8, 3574.06, 21, 1, smm_btc, 155022888882, False
btc_pax, None, 0.8, 3586.96, 23, 1, smm_btc, 155022889183, False
btc_pax, None, 0.8, 3586.96, 23, 1, smm_btc, 155022889183, True
btc_pax, None, 0.8, 3574.06, 21, 1, smm_btc, 155022888882, True
btc_pax, None, 0.8, 3584.44, 23, 1, smm_btc, 155022890386, False
btc_pax, None, 0.8, 3573.85, 21, 1, smm_btc, 155022890387, False
btc_pax, None, 0.8, 3573.85, 21, 1, smm_btc, 155022890387, True
btc_pax, None, 0.8, 3583.58, 21, 1, smm_btc, 155022891689, False
btc_pax, None, 0.8, 3583.58, 21, 1, smm_btc, 155022891689, True
btc_pax, None, 0.8, 3586.53, 23, 1, smm_btc, 155022892691, False
btc_pax, None, 0.599833, 3583.55, 21, 1, smm_btc, 155022892992, False
btc_pax, None, 0.599833, 3583.55, 21, 1, smm_btc, 155022892992, True
btc_pax, None, 0.8, 3586.53, 23, 1, smm_btc, 155022892691, True
btc_pax, None, 0.599833, 3583.58, 21, 1, smm_btc, 155022894295, False
btc_pax, None, 0.8, 3586.5, 23, 1, smm_btc, 155022894396, False
btc_pax, None, 0.8, 3586.5, 23, 1, smm_btc, 155022894396, True
btc_pax, None, 0.8, 3583.74, 23, 1, smm_btc, 155022894998, False
btc_pax, None, 0.8, 3572.43, 21, 1, smm_btc, 155022895099, False
btc_pax, None, 0.8, 3572.43, 21, 1, smm_btc, 155022895099, True
btc_pax, None, 0.8, 3586.53, 23, 1, smm_btc, 155022896701, False
btc_pax, None, 0.8, 3583.06, 21, 1, smm_btc, 155022897002, False
btc_pax, None, 0.8, 3583.06, 21, 1, smm_btc, 155022897002, True
btc_pax, None, 0.8, 3586.53, 23, 1, smm_btc, 155022896701, True
btc_pax, None, 0.8, 3586.98, 21, 1, smm_btc, 155022898305, False
btc_pax, None, 0.8, 3590.19, 23, 1, smm_btc, 155022898306, False
btc_pax, None, 0.8, 3586.98, 21, 1, smm_btc, 155022898305, True
btc_pax, None, 0.8, 3590.19, 23, 1, smm_btc, 155022898306, True
btc_pax, None, 0.8, 3587.03, 21, 1, smm_btc, 155022899209, False
btc_pax, None, 0.8, 3590.14, 23, 1, smm_btc, 155022899310, False
btc_pax, None, 0.8, 3587.03, 21, 1, smm_btc, 155022899209, True
btc_pax, None, 0.8, 3590.14, 23, 1, smm_btc, 155022899310, True
btc_pax, None, 0.8, 3587.75, 21, 1, smm_btc, 155022899913, False
btc_pax, None, 0.8, 3590.17, 23, 1, smm_btc, 155022899914, False
btc_pax, None, 0.8, 3590.17, 23, 1, smm_btc, 155022899914, True
btc_pax, None, 0.8, 3588.31, 23, 1, smm_btc, 155022900816, False
btc_pax, None, 0.8, 3572.2, 21, 1, smm_btc, 155022900817, False
btc_pax, None, 0.8, 3588.31, 23, 1, smm_btc, 155022900816, True
btc_pax, None, 0.8, 3572.2, 21, 1, smm_btc, 155022900817, True
btc_pax, None, 0.8, 3587.02, 23, 1, smm_btc, 155022901820, False
btc_pax, None, 0.8, 3575.53, 21, 1, smm_btc, 155022901921, False
btc_pax, None, 0.8, 3587.02, 23, 1, smm_btc, 155022901820, True
btc_pax, None, 0.8, 3575.53, 21, 1, smm_btc, 155022901921, True
btc_pax, None, 0.8, 3587.0, 23, 1, smm_btc, 155022902424, False
btc_pax, None, 0.8, 3573.43, 21, 1, smm_btc, 155022902425, False
btc_pax, None, 0.8, 3573.43, 21, 1, smm_btc, 155022902425, True
btc_pax, None, 0.8, 3573.43, 21, 1, smm_btc, 155022903427, False
btc_pax, None, 0.8, 3587.0, 23, 1, smm_btc, 155022902424, True
btc_pax, None, 0.8, 3573.43, 21, 1, smm_btc, 155022903427, True
btc_pax, None, 0.396978, 3588.33, 23, 1, smm_btc, 155022904030, False
btc_pax, None, 0.8, 3586.19, 21, 1, smm_btc, 155022904331, False
btc_pax, None, 0.8, 3586.19, 21, 1, smm_btc, 155022904331, True
btc_pax, None, 0.396978, 3588.33, 23, 1, smm_btc, 155022904030, True
btc_pax, None, 0.8, 3586.22, 21, 1, smm_btc, 155022905034, False
btc_pax, None, 0.396978, 3588.3, 23, 1, smm_btc, 155022905035, False
btc_pax, None, 0.8, 3586.22, 21, 1, smm_btc, 155022905034, True
btc_pax, None, 0.396978, 3588.3, 23, 1, smm_btc, 155022905035, True
btc_pax, None, 0.8, 3585.82, 21, 1, smm_btc, 155022906538, False
btc_pax, None, 0.396978, 3588.33, 23, 1, smm_btc, 155022906539, False
btc_pax, None, 0.8, 3585.82, 21, 1, smm_btc, 155022906538, True
btc_pax, None, 0.396978, 3588.33, 23, 1, smm_btc, 155022906539, True
btc_pax, None, 0.8, 3574.12, 21, 1, smm_btc, 155022907642, False
btc_pax, None, 0.396978, 3597.24, 23, 1, smm_btc, 155022907643, False
btc_pax, None, 0.396978, 3597.24, 23, 1, smm_btc, 155022907643, True
btc_pax, None, 0.396978, 3596.96, 23, 1, smm_btc, 155022908245, False
btc_pax, None, 0.8, 3574.12, 21, 1, smm_btc, 155022907642, True
btc_pax, None, 0.396978, 3596.96, 23, 1, smm_btc, 155022908245, True
btc_pax, None, 0.8, 3586.13, 21, 1, smm_btc, 155022908848, False
btc_pax, None, 0.396978, 3588.3, 23, 1, smm_btc, 155022908849, False
btc_pax, None, 0.8, 3586.13, 21, 1, smm_btc, 155022908848, True
btc_pax, None, 0.8, 3585.71, 21, 1, smm_btc, 155022910051, False
btc_pax, None, 0.8, 3585.71, 21, 1, smm_btc, 155022910051, True
btc_pax, None, 0.396978, 3588.3, 23, 1, smm_btc, 155022908849, True
btc_pax, None, 0.396978, 3587.61, 23, 1, smm_btc, 155022910754, False
btc_pax, None, 0.8, 3575.6, 21, 1, smm_btc, 155022911055, False
btc_pax, None, 0.396978, 3587.61, 23, 1, smm_btc, 155022910754, True
btc_pax, None, 0.8, 3575.6, 21, 1, smm_btc, 155022911055, True
btc_pax, None, 0.396978, 3586.83, 23, 1, smm_btc, 155022911358, False
btc_pax, None, 0.8, 3583.98, 21, 1, smm_btc, 155022911659, False
btc_pax, None, 0.396978, 3586.83, 23, 1, smm_btc, 155022911358, True
btc_pax, None, 0.8, 3583.98, 21, 1, smm_btc, 155022911659, True
btc_pax, None, 0.396978, 3586.0, 23, 1, smm_btc, 155022911962, False
btc_pax, None, 0.8, 3583.94, 21, 1, smm_btc, 155022912363, False
btc_pax, None, 0.396978, 3586.0, 23, 1, smm_btc, 155022911962, True
btc_pax, None, 0.8, 3583.94, 21, 1, smm_btc, 155022912363, True
btc_pax, None, 0.396978, 3586.0, 23, 1, smm_btc, 155022912766, False
btc_pax, None, 0.8, 3573.43, 21, 1, smm_btc, 155022913967, False
btc_pax, None, 0.396978, 3586.0, 23, 1, smm_btc, 155022912766, True
btc_pax, None, 0.8, 3573.43, 21, 1, smm_btc, 155022913967, True
btc_pax, None, 0.396978, 3585.16, 23, 1, smm_btc, 155022914270, False
btc_pax, None, 0.8, 3582.12, 21, 1, smm_btc, 155022914571, False
btc_pax, None, 0.396978, 3585.16, 23, 1, smm_btc, 155022914270, True
btc_pax, None, 0.8, 3582.12, 21, 1, smm_btc, 155022914571, True
btc_pax, None, 0.396978, 3585.19, 23, 1, smm_btc, 155022915474, False
btc_pax, None, 0.8, 3583.66, 21, 1, smm_btc, 155022916075, False
btc_pax, None, 0.8, 3583.66, 21, 1, smm_btc, 155022916075, True
btc_pax, None, 0.396978, 3585.19, 23, 1, smm_btc, 155022915474, True
btc_pax, None, 0.396978, 3585.19, 23, 1, smm_btc, 155022916878, False
btc_pax, None, 0.8, 3583.22, 21, 1, smm_btc, 155022917479, False
btc_pax, None, 0.8, 3583.22, 21, 1, smm_btc, 155022917479, True
btc_pax, None, 0.396978, 3585.19, 23, 1, smm_btc, 155022916878, True
btc_pax, None, 0.8, 3583.25, 21, 1, smm_btc, 155022918582, False
btc_pax, None, 0.396978, 3584.97, 23, 1, smm_btc, 155022918883, False
btc_pax, None, 0.8, 3583.25, 21, 1, smm_btc, 155022918582, True
btc_pax, None, 0.396978, 3584.97, 23, 1, smm_btc, 155022918883, True
btc_pax, None, 0.633514, 3570.36, 21, 1, smm_btc, 155022919186, False
btc_pax, None, 0.396978, 3583.56, 23, 1, smm_btc, 155022919487, False
btc_pax, None, 0.633514, 3570.36, 21, 1, smm_btc, 155022919186, True
btc_pax, None, 0.633514, 3570.36, 21, 1, smm_btc, 155022919789, False
btc_pax, None, 0.396978, 3583.56, 23, 1, smm_btc, 155022919487, True
btc_pax, None, 0.633514, 3570.36, 21, 1, smm_btc, 155022919789, True
btc_pax, None, 0.396978, 3583.25, 23, 1, smm_btc, 155022921292, False
btc_pax, None, 0.633514, 3570.66, 21, 1, smm_btc, 155022921293, False
btc_pax, None, 0.396978, 3583.25, 23, 1, smm_btc, 155022921292, True
btc_pax, None, 0.396978, 3583.19, 23, 1, smm_btc, 155022921895, False
btc_pax, None, 0.633514, 3570.66, 21, 1, smm_btc, 155022921293, True
btc_pax, None, 0.396978, 3583.19, 23, 1, smm_btc, 155022921895, True
btc_pax, None, 0.633514, 3570.66, 21, 1, smm_btc, 155022922198, False
btc_pax, None, 0.396978, 3582.62, 23, 1, smm_btc, 155022922499, False
btc_pax, None, 0.396978, 3582.62, 23, 1, smm_btc, 155022922499, True
btc_pax, None, 0.633514, 3570.66, 21, 1, smm_btc, 155022922198, True
btc_pax, None, 0.396978, 3582.55, 23, 1, smm_btc, 155022923002, False
btc_pax, None, 0.633514, 3570.36, 21, 1, smm_btc, 155022923103, False
btc_pax, None, 0.396978, 3582.55, 23, 1, smm_btc, 155022923002, True
btc_pax, None, 0.396978, 3582.35, 23, 1, smm_btc, 155022923605, False
btc_pax, None, 0.633514, 3570.36, 21, 1, smm_btc, 155022923103, True
btc_pax, None, 0.396978, 3582.35, 23, 1, smm_btc, 155022923605, True
btc_pax, None, 0.633514, 3570.66, 21, 1, smm_btc, 155022924008, False
btc_pax, None, 0.396978, 3582.28, 23, 1, smm_btc, 155022924209, False
btc_pax, None, 0.396978, 3582.28, 23, 1, smm_btc, 155022924209, True
btc_pax, None, 0.633514, 3570.66, 21, 1, smm_btc, 155022924008, True
btc_pax, None, 0.396978, 3582.28, 23, 1, smm_btc, 155022924912, False
btc_pax, None, 0.633514, 3570.66, 21, 1, smm_btc, 155022924913, False
btc_pax, None, 0.396978, 3582.28, 23, 1, smm_btc, 155022924912, True
btc_pax, None, 0.633514, 3570.66, 21, 1, smm_btc, 155022924913, True
btc_pax, None, 0.396978, 3583.83, 23, 1, smm_btc, 155022925916, False
btc_pax, None, 0.633514, 3573.47, 21, 1, smm_btc, 155022926017, False
btc_pax, None, 0.396978, 3583.83, 23, 1, smm_btc, 155022925916, True
btc_pax, None, 0.633514, 3573.47, 21, 1, smm_btc, 155022926017, True
btc_pax, None, 0.396978, 3583.61, 23, 1, smm_btc, 155022926520, False
btc_pax, None, 0.633514, 3573.42, 21, 1, smm_btc, 155022926521, False
btc_pax, None, 0.396978, 3583.61, 23, 1, smm_btc, 155022926520, True
btc_pax, None, 0.396978, 3583.57, 23, 1, smm_btc, 155022927223, False
btc_pax, None, 0.633514, 3573.42, 21, 1, smm_btc, 155022926521, True
btc_pax, None, 0.396978, 3583.57, 23, 1, smm_btc, 155022927223, True
btc_pax, None, 0.633514, 3573.51, 21, 1, smm_btc, 155022927526, False
btc_pax, None, 0.396978, 3583.55, 23, 1, smm_btc, 155022927827, False
btc_pax, None, 0.633514, 3573.51, 21, 1, smm_btc, 155022927526, True
btc_pax, None, 0.396978, 3583.55, 23, 1, smm_btc, 155022927827, True
btc_pax, None, 0.633514, 3570.36, 21, 1, smm_btc, 155022928130, False
btc_pax, None, 0.396978, 3582.79, 23, 1, smm_btc, 155022928431, False
btc_pax, None, 0.633514, 3570.36, 21, 1, smm_btc, 155022928130, True
btc_pax, None, 0.396978, 3582.79, 23, 1, smm_btc, 155022928431, True
btc_pax, None, 0.633514, 3567.96, 21, 1, smm_btc, 155022929034, False
btc_pax, None, 0.396978, 3581.43, 23, 1, smm_btc, 155022929735, False
btc_pax, None, 0.396978, 3581.43, 23, 1, smm_btc, 155022929735, True
btc_pax, None, 0.396978, 3581.08, 23, 1, smm_btc, 155022930337, False
btc_pax, None, 0.633514, 3567.96, 21, 1, smm_btc, 155022929034, True
btc_pax, None, 0.396978, 3581.08, 23, 1, smm_btc, 155022930337, True
btc_pax, None, 0.633514, 3566.83, 21, 1, smm_btc, 155022931340, False
btc_pax, None, 0.396978, 3582.46, 23, 1, smm_btc, 155022931641, False
btc_pax, None, 0.633514, 3566.83, 21, 1, smm_btc, 155022931340, True
btc_pax, None, 0.396978, 3582.46, 23, 1, smm_btc, 155022931641, True
btc_pax, None, 0.633514, 3567.0, 21, 1, smm_btc, 155022932044, False
btc_pax, None, 0.396978, 3583.69, 23, 1, smm_btc, 155022932545, False
btc_pax, None, 0.633514, 3567.0, 21, 1, smm_btc, 155022932044, True
btc_pax, None, 0.396978, 3583.69, 23, 1, smm_btc, 155022932545, True
btc_pax, None, 0.633514, 3568.22, 21, 1, smm_btc, 155022932948, False
btc_pax, None, 0.396978, 3583.3, 23, 1, smm_btc, 155022933249, False
btc_pax, None, 0.396978, 3583.3, 23, 1, smm_btc, 155022933249, True
btc_pax, None, 0.396978, 3583.24, 23, 1, smm_btc, 155022934251, False
btc_pax, None, 0.633514, 3568.22, 21, 1, smm_btc, 155022932948, True
btc_pax, None, 0.396978, 3583.24, 23, 1, smm_btc, 155022934251, True
btc_pax, None, 0.633514, 3567.0, 21, 1, smm_btc, 155022934554, False
btc_pax, None, 0.396978, 3582.25, 23, 1, smm_btc, 155022934855, False
btc_pax, None, 0.396978, 3582.25, 23, 1, smm_btc, 155022934855, True
btc_pax, None, 0.396978, 3582.19, 23, 1, smm_btc, 155022935457, False
btc_pax, None, 0.396978, 3582.19, 23, 1, smm_btc, 155022935457, True
btc_pax, None, 0.633514, 3567.0, 21, 1, smm_btc, 155022934554, True
btc_pax, None, 0.396978, 3582.05, 23, 1, smm_btc, 155022936060, False
btc_pax, None, 0.633514, 3568.22, 21, 1, smm_btc, 155022936061, False
btc_pax, None, 0.396978, 3582.05, 23, 1, smm_btc, 155022936060, True
btc_pax, None, 0.396978, 3581.93, 23, 1, smm_btc, 155022936763, False
btc_pax, None, 0.396978, 3581.93, 23, 1, smm_btc, 155022936763, True
btc_pax, None, 0.633514, 3568.22, 21, 1, smm_btc, 155022936061, True
btc_pax, None, 0.396978, 3581.97, 23, 1, smm_btc, 155022937466, False
btc_pax, None, 0.633514, 3569.66, 21, 1, smm_btc, 155022937467, False
btc_pax, None, 0.396978, 3581.97, 23, 1, smm_btc, 155022937466, True
btc_pax, None, 0.633514, 3569.66, 21, 1, smm_btc, 155022937467, True
btc_pax, None, 0.272614, 3580.53, 23, 1, smm_btc, 155022938770, False
btc_pax, None, 0.633514, 3567.91, 21, 1, smm_btc, 155022938771, False
btc_pax, None, 0.633514, 3567.91, 21, 1, smm_btc, 155022938771, True
btc_pax, None, 0.633514, 3568.1, 21, 1, smm_btc, 155022939773, False
btc_pax, None, 0.272614, 3580.53, 23, 1, smm_btc, 155022938770, True
btc_pax, None, 0.263842, 3580.51, 23, 1, smm_btc, 155022940375, False
btc_pax, None, 0.263842, 3580.51, 23, 1, smm_btc, 155022940375, True
btc_pax, None, 0.633514, 3568.1, 21, 1, smm_btc, 155022939773, True
btc_pax, None, 0.05547, 3581.84, 23, 1, smm_btc, 155022941078, False
btc_pax, None, 0.633514, 3579.19, 21, 1, smm_btc, 155022941379, False
btc_pax, None, 0.633514, 3579.19, 21, 1, smm_btc, 155022941379, True
btc_pax, None, 0.05547, 3581.84, 23, 1, smm_btc, 155022941078, True
btc_pax, None, 0.633514, 3579.22, 21, 1, smm_btc, 155022942282, False
btc_pax, None, 0.05547, 3581.81, 23, 1, smm_btc, 155022942283, False
btc_pax, None, 0.05547, 3581.81, 23, 1, smm_btc, 155022942283, True
btc_pax, None, 0.633514, 3579.22, 21, 1, smm_btc, 155022942282, True
btc_pax, None, 0.05547, 3581.84, 23, 1, smm_btc, 155022946186, False
btc_pax, None, 0.05547, 3581.84, 23, 1, smm_btc, 155022946186, True
btc_pax, None, 0.633514, 3580.08, 21, 1, smm_btc, 155022947088, False
btc_pax, None, 0.633514, 3580.08, 21, 1, smm_btc, 155022947088, True
btc_pax, None, 0.05547, 3591.32, 23, 1, smm_btc, 155022947990, False
btc_pax, None, 0.633514, 3570.36, 21, 1, smm_btc, 155022948291, False
btc_pax, None, 0.05547, 3591.32, 23, 1, smm_btc, 155022947990, True
btc_pax, None, 0.633514, 3570.36, 21, 1, smm_btc, 155022948291, True
btc_pax, None, 0.05547, 3581.81, 23, 1, smm_btc, 155022948794, False
btc_pax, None, 0.633514, 3580.08, 21, 1, smm_btc, 155022949095, False
btc_pax, None, 0.633514, 3580.08, 21, 1, smm_btc, 155022949095, True
btc_pax, None, 0.8, 3583.48, 23, 1, smm_btc, 155022952097, False
btc_pax, None, 0.633514, 3583.19, 21, 1, smm_btc, 155022952398, False
btc_pax, None, 0.8, 3583.48, 23, 1, smm_btc, 155022952097, True
btc_pax, None, 0.633514, 3583.19, 21, 1, smm_btc, 155022952398, True
btc_pax, None, 0.65383, 3585.35, 23, 1, smm_btc, 155022953001, False
btc_pax, None, 0.633514, 3583.23, 21, 1, smm_btc, 155022953302, False
btc_pax, None, 0.65383, 3585.35, 23, 1, smm_btc, 155022953001, True
btc_pax, None, 0.65383, 3585.3, 23, 1, smm_btc, 155022953604, False
btc_pax, None, 0.633514, 3583.23, 21, 1, smm_btc, 155022953302, True
btc_pax, None, 0.633514, 3583.24, 21, 1, smm_btc, 155022954806, False
btc_pax, None, 0.633514, 3583.24, 21, 1, smm_btc, 155022954806, True
btc_pax, None, 0.633514, 3583.23, 21, 1, smm_btc, 155022955408, False
btc_pax, None, 0.65383, 3585.3, 23, 1, smm_btc, 155022953604, True
btc_pax, None, 0.65383, 3585.33, 23, 1, smm_btc, 155022957310, False
btc_pax, None, 0.65383, 3585.33, 23, 1, smm_btc, 155022957310, True
btc_pax, None, 0.633514, 3583.23, 21, 1, smm_btc, 155022955408, True
btc_pax, None, 0.07598, 3596.95, 23, 1, smm_btc, 155022957913, False
btc_pax, None, 0.633514, 3584.76, 21, 1, smm_btc, 155022958214, False
btc_pax, None, 0.07598, 3596.95, 23, 1, smm_btc, 155022957913, True
btc_pax, None, 0.07598, 3596.76, 23, 1, smm_btc, 155022958816, False
btc_pax, None, 0.07598, 3596.76, 23, 1, smm_btc, 155022958816, True
btc_pax, None, 0.07598, 3594.97, 23, 1, smm_btc, 155022959518, False
btc_pax, None, 0.07598, 3594.97, 23, 1, smm_btc, 155022959518, True
btc_pax, None, 0.07598, 3594.97, 23, 1, smm_btc, 155022960920, False
btc_pax, None, 0.07598, 3594.97, 23, 1, smm_btc, 155022960920, True
btc_pax, None, 0.633514, 3584.76, 21, 1, smm_btc, 155022958214, True
btc_pax, None, 0.07598, 3596.77, 23, 1, smm_btc, 155022961623, False
btc_pax, None, 0.570339, 3584.45, 21, 1, smm_btc, 155022961924, False
btc_pax, None, 0.07598, 3596.77, 23, 1, smm_btc, 155022961623, True
btc_pax, None, 0.570339, 3584.45, 21, 1, smm_btc, 155022961924, True
btc_pax, None, 0.07598, 3594.54, 23, 1, smm_btc, 155022962227, False
btc_pax, None, 0.570339, 3584.48, 21, 1, smm_btc, 155022962528, False
btc_pax, None, 0.570339, 3584.48, 21, 1, smm_btc, 155022962528, True
btc_pax, None, 0.570339, 3584.5, 21, 1, smm_btc, 155022963130, False
btc_pax, None, 0.570339, 3584.5, 21, 1, smm_btc, 155022963130, True
btc_pax, None, 0.07598, 3594.54, 23, 1, smm_btc, 155022962227, True
btc_pax, None, 0.563129, 3583.16, 21, 1, smm_btc, 155022964433, False
btc_pax, None, 0.07598, 3592.09, 23, 1, smm_btc, 155022964434, False
btc_pax, None, 0.563129, 3583.16, 21, 1, smm_btc, 155022964433, True
btc_pax, None, 0.07598, 3592.09, 23, 1, smm_btc, 155022964434, True
btc_pax, None, 0.563129, 3583.06, 21, 1, smm_btc, 155022965037, False
btc_pax, None, 0.07598, 3593.68, 23, 1, smm_btc, 155022965038, False
btc_pax, None, 0.07598, 3593.68, 23, 1, smm_btc, 155022965038, True
btc_pax, None, 0.563129, 3583.06, 21, 1, smm_btc, 155022965037, True
btc_pax, None, 0.07598, 3593.74, 23, 1, smm_btc, 155022965741, False
btc_pax, None, 0.563129, 3584.65, 21, 1, smm_btc, 155022966342, False
btc_pax, None, 0.563129, 3584.65, 21, 1, smm_btc, 155022966342, True
btc_pax, None, 0.563129, 3582.67, 21, 1, smm_btc, 155022967844, False
btc_pax, None, 0.07598, 3593.74, 23, 1, smm_btc, 155022965741, True
btc_pax, None, 0.563129, 3582.67, 21, 1, smm_btc, 155022967844, True
btc_pax, None, 0.07598, 3593.58, 23, 1, smm_btc, 155022968447, False
btc_pax, None, 0.563129, 3584.94, 21, 1, smm_btc, 155022968848, False
btc_pax, None, 0.07598, 3593.58, 23, 1, smm_btc, 155022968447, True
btc_pax, None, 0.07598, 3586.24, 23, 1, smm_btc, 155022969550, False
btc_pax, None, 0.8, 3574.52, 21, 1, smm_btc, 155022970151, False
btc_pax, None, 0.07598, 3586.24, 23, 1, smm_btc, 155022969550, True
btc_pax, None, 0.8, 3574.52, 21, 1, smm_btc, 155022970151, True
btc_pax, None, 0.07598, 3586.24, 23, 1, smm_btc, 155022970454, False
btc_pax, None, 0.8, 3582.52, 21, 1, smm_btc, 155022970855, False
btc_pax, None, 0.07598, 3586.24, 23, 1, smm_btc, 155022970454, True
btc_pax, None, 0.07598, 3586.21, 23, 1, smm_btc, 155022971757, False
btc_pax, None, 0.07598, 3586.21, 23, 1, smm_btc, 155022971757, True
btc_pax, None, 0.07598, 3583.81, 23, 1, smm_btc, 155022975359, False
btc_pax, None, 0.8, 3572.71, 21, 1, smm_btc, 155022975360, False
btc_pax, None, 0.07598, 3583.81, 23, 1, smm_btc, 155022975359, True
btc_pax, None, 0.07598, 3583.53, 23, 1, smm_btc, 155022975962, False
btc_pax, None, 0.8, 3572.71, 21, 1, smm_btc, 155022975360, True
btc_pax, None, 0.07598, 3583.53, 23, 1, smm_btc, 155022975962, True
btc_pax, None, 0.8, 3571.73, 21, 1, smm_btc, 155022976365, False
btc_pax, None, 0.07598, 3583.51, 23, 1, smm_btc, 155022976666, False
btc_pax, None, 0.07598, 3583.51, 23, 1, smm_btc, 155022976666, True
btc_pax, None, 0.07598, 3584.29, 23, 1, smm_btc, 155022977268, False
btc_pax, None, 0.8, 3571.73, 21, 1, smm_btc, 155022976365, True
btc_pax, None, 0.07598, 3584.29, 23, 1, smm_btc, 155022977268, True
btc_pax, None, 0.8, 3572.71, 21, 1, smm_btc, 155022977571, False
btc_pax, None, 0.07598, 3584.11, 23, 1, smm_btc, 155022977872, False
btc_pax, None, 0.8, 3572.71, 21, 1, smm_btc, 155022977571, True
btc_pax, None, 0.07598, 3584.11, 23, 1, smm_btc, 155022977872, True
btc_pax, None, 0.8, 3571.63, 21, 1, smm_btc, 155022978175, False
btc_pax, None, 0.07598, 3584.01, 23, 1, smm_btc, 155022978576, False
btc_pax, None, 0.8, 3571.63, 21, 1, smm_btc, 155022978175, True
btc_pax, None, 0.07598, 3584.01, 23, 1, smm_btc, 155022978576, True
btc_pax, None, 0.8, 3571.63, 21, 1, smm_btc, 155022978879, False
btc_pax, None, 0.07598, 3583.85, 23, 1, smm_btc, 155022979180, False
btc_pax, None, 0.8, 3571.63, 21, 1, smm_btc, 155022978879, True
btc_pax, None, 0.07598, 3583.85, 23, 1, smm_btc, 155022979180, True
btc_pax, None, 0.8, 3572.35, 21, 1, smm_btc, 155022979583, False
btc_pax, None, 0.07598, 3583.07, 23, 1, smm_btc, 155022979884, False
btc_pax, None, 0.8, 3572.35, 21, 1, smm_btc, 155022979583, True
btc_pax, None, 0.07598, 3583.07, 23, 1, smm_btc, 155022979884, True
btc_pax, None, 0.8, 3571.91, 21, 1, smm_btc, 155022980187, False
btc_pax, None, 0.07598, 3580.4, 23, 1, smm_btc, 155022981088, False
btc_pax, None, 0.8, 3571.91, 21, 1, smm_btc, 155022980187, True
btc_pax, None, 0.8, 3570.01, 21, 1, smm_btc, 155022981390, False
btc_pax, None, 0.07598, 3580.4, 23, 1, smm_btc, 155022981088, True
btc_pax, None, 0.07598, 3581.51, 23, 1, smm_btc, 155022981992, False
btc_pax, None, 0.8, 3570.01, 21, 1, smm_btc, 155022981390, True
btc_pax, None, 0.8, 3570.01, 21, 1, smm_btc, 155022982294, False
btc_pax, None, 0.07598, 3581.51, 23, 1, smm_btc, 155022981992, True
btc_pax, None, 0.8, 3570.01, 21, 1, smm_btc, 155022982294, True
btc_pax, None, 0.07598, 3581.51, 23, 1, smm_btc, 155022982897, False
btc_pax, None, 0.8, 3570.01, 21, 1, smm_btc, 155022982898, False
btc_pax, None, 0.8, 3570.01, 21, 1, smm_btc, 155022982898, True
btc_pax, None, 0.07598, 3581.51, 23, 1, smm_btc, 155022982897, True
btc_pax, None, 0.8, 3568.38, 21, 1, smm_btc, 155022986401, False
btc_pax, None, 0.07598, 3581.5, 23, 1, smm_btc, 155022986702, False
btc_pax, None, 0.07598, 3581.5, 23, 1, smm_btc, 155022986702, True
btc_pax, None, 0.8, 3568.38, 21, 1, smm_btc, 155022986401, True
btc_pax, None, 0.07598, 3580.93, 23, 1, smm_btc, 155022987305, False
btc_pax, None, 0.8, 3569.09, 21, 1, smm_btc, 155022987306, False
btc_pax, None, 0.07598, 3580.93, 23, 1, smm_btc, 155022987305, True
btc_pax, None, 0.8, 3569.09, 21, 1, smm_btc, 155022987306, True
btc_pax, None, 0.07598, 3580.87, 23, 1, smm_btc, 155022987909, False
btc_pax, None, 0.8, 3569.79, 21, 1, smm_btc, 155022987910, False
btc_pax, None, 0.07598, 3580.87, 23, 1, smm_btc, 155022987909, True
btc_pax, None, 0.8, 3569.79, 21, 1, smm_btc, 155022987910, True
btc_pax, None, 0.07598, 3580.85, 23, 1, smm_btc, 155022988513, False
btc_pax, None, 0.8, 3569.79, 21, 1, smm_btc, 155022988514, False
btc_pax, None, 0.07598, 3580.85, 23, 1, smm_btc, 155022988513, True
btc_pax, None, 0.8, 3569.79, 21, 1, smm_btc, 155022988514, True
btc_pax, None, 0.07598, 3580.83, 23, 1, smm_btc, 155022989417, False
btc_pax, None, 0.8, 3569.58, 21, 1, smm_btc, 155022989418, False
btc_pax, None, 0.07598, 3580.83, 23, 1, smm_btc, 155022989417, True
btc_pax, None, 0.8, 3569.58, 21, 1, smm_btc, 155022989418, True
btc_pax, None, 0.07598, 3580.81, 23, 1, smm_btc, 155022990121, False
btc_pax, None, 0.8, 3568.38, 21, 1, smm_btc, 155022990222, False
btc_pax, None, 0.8, 3568.38, 21, 1, smm_btc, 155022990222, True
btc_pax, None, 0.07598, 3580.81, 23, 1, smm_btc, 155022990121, True
btc_pax, None, 0.8, 3568.38, 21, 1, smm_btc, 155022990825, False
btc_pax, None, 0.07598, 3580.81, 23, 1, smm_btc, 155022991126, False
btc_pax, None, 0.8, 3568.38, 21, 1, smm_btc, 155022990825, True
btc_pax, None, 0.8, 3569.79, 21, 1, smm_btc, 155022991528, False
btc_pax, None, 0.8, 3569.79, 21, 1, smm_btc, 155022991528, True
btc_pax, None, 0.07598, 3580.81, 23, 1, smm_btc, 155022991126, True
btc_pax, None, 0.8, 3569.79, 21, 1, smm_btc, 155022992131, False
btc_pax, None, 0.07598, 3580.79, 23, 1, smm_btc, 155022992432, False
btc_pax, None, 0.07598, 3580.79, 23, 1, smm_btc, 155022992432, True
btc_pax, None, 0.07598, 3580.81, 23, 1, smm_btc, 155022993034, False
btc_pax, None, 0.8, 3569.79, 21, 1, smm_btc, 155022992131, True
btc_pax, None, 0.8, 3569.85, 21, 1, smm_btc, 155022994736, False
btc_pax, None, 0.8, 3569.85, 21, 1, smm_btc, 155022994736, True
btc_pax, None, 0.8, 3570.01, 21, 1, smm_btc, 155022996438, False
btc_pax, None, 0.8, 3570.01, 21, 1, smm_btc, 155022996438, True
btc_pax, None, 0.8, 3570.01, 21, 1, smm_btc, 155022999840, False
btc_pax, None, 0.8, 3580.82, 23, 1, smm_btc, 155023000141, False
btc_pax, None, 0.8, 3570.01, 21, 1, smm_btc, 155022999840, True
btc_pax, None, 0.8, 3580.82, 23, 1, smm_btc, 155023000141, True
btc_pax, None, 0.8, 3569.79, 21, 1, smm_btc, 155023000444, False
btc_pax, None, 0.8, 3580.82, 23, 1, smm_btc, 155023000745, False
btc_pax, None, 0.8, 3569.79, 21, 1, smm_btc, 155023000444, True
btc_pax, None, 0.8, 3580.82, 23, 1, smm_btc, 155023000745, True
btc_pax, None, 0.8, 3570.01, 21, 1, smm_btc, 155023001048, False
btc_pax, None, 0.8, 3580.82, 23, 1, smm_btc, 155023001349, False
btc_pax, None, 0.8, 3580.82, 23, 1, smm_btc, 155023001349, True
btc_pax, None, 0.8, 3580.82, 23, 1, smm_btc, 155023002051, False
btc_pax, None, 0.8, 3570.01, 21, 1, smm_btc, 155023001048, True
btc_pax, None, 0.8, 3581.42, 21, 1, smm_btc, 155023002653, False
btc_pax, None, 0.8, 3581.42, 21, 1, smm_btc, 155023002653, True
btc_pax, None, 0.8, 3583.7, 23, 1, smm_btc, 155023002955, False
btc_pax, None, 0.8, 3581.04, 21, 1, smm_btc, 155023003256, False
btc_pax, None, 0.8, 3581.04, 21, 1, smm_btc, 155023003256, True
btc_pax, None, 0.8, 3583.7, 23, 1, smm_btc, 155023002955, True
btc_pax, None, 0.8, 3581.07, 21, 1, smm_btc, 155023005959, False
btc_pax, None, 0.8, 3583.67, 23, 1, smm_btc, 155023005960, False
btc_pax, None, 0.8, 3581.07, 21, 1, smm_btc, 155023005959, True
btc_pax, None, 0.8, 3583.67, 23, 1, smm_btc, 155023005960, True
btc_pax, None, 0.8, 3580.72, 23, 1, smm_btc, 155023009463, False
btc_pax, None, 0.8, 3580.72, 23, 1, smm_btc, 155023009463, True
btc_pax, None, 0.8, 3568.22, 21, 1, smm_btc, 155023010965, False
btc_pax, None, 0.8, 3589.35, 23, 1, smm_btc, 155023010966, False
btc_pax, None, 0.8, 3568.22, 21, 1, smm_btc, 155023010965, True
btc_pax, None, 0.8, 3589.35, 23, 1, smm_btc, 155023010966, True
btc_pax, None, 0.8, 3576.34, 21, 1, smm_btc, 155023012469, False
btc_pax, None, 0.8, 3579.45, 23, 1, smm_btc, 155023012470, False
btc_pax, None, 0.8, 3576.34, 21, 1, smm_btc, 155023012469, True
btc_pax, None, 0.8, 3577.82, 21, 1, smm_btc, 155023013472, False
btc_pax, None, 0.8, 3579.45, 23, 1, smm_btc, 155023012470, True
btc_pax, None, 0.8, 3577.82, 21, 1, smm_btc, 155023013472, True
btc_pax, None, 0.8, 3579.46, 23, 1, smm_btc, 155023013775, False
btc_pax, None, 0.8, 3577.06, 21, 1, smm_btc, 155023014376, False
btc_pax, None, 0.8, 3577.06, 21, 1, smm_btc, 155023014376, True
btc_pax, None, 0.8, 3576.71, 21, 1, smm_btc, 155023014978, False
btc_pax, None, 0.8, 3579.46, 23, 1, smm_btc, 155023013775, True
btc_pax, None, 0.8, 3576.71, 21, 1, smm_btc, 155023014978, True
btc_pax, None, 0.8, 3579.02, 23, 1, smm_btc, 155023015981, False
btc_pax, None, 0.8, 3574.72, 21, 1, smm_btc, 155023016282, False
btc_pax, None, 0.8, 3579.02, 23, 1, smm_btc, 155023015981, True
btc_pax, None, 0.8, 3574.72, 21, 1, smm_btc, 155023016282, True
btc_pax, None, 0.8, 3578.91, 23, 1, smm_btc, 155023017185, False
btc_pax, None, 0.8, 3578.91, 23, 1, smm_btc, 155023017185, True
btc_pax, None, 0.44518, 3573.93, 21, 1, smm_btc, 155023017787, False
btc_pax, None, 0.8, 3575.54, 23, 1, smm_btc, 155023017788, False
btc_pax, None, 0.44518, 3573.93, 21, 1, smm_btc, 155023017787, True
btc_pax, None, 0.8, 3575.54, 23, 1, smm_btc, 155023017788, True
btc_pax, None, 0.44518, 3574.28, 21, 1, smm_btc, 155023018691, False
btc_pax, None, 0.8, 3575.5, 23, 1, smm_btc, 155023018692, False
btc_pax, None, 0.44518, 3574.28, 21, 1, smm_btc, 155023018691, True
btc_pax, None, 0.8, 3575.5, 23, 1, smm_btc, 155023018692, True
btc_pax, None, 0.44518, 3575.12, 21, 1, smm_btc, 155023019995, False
btc_pax, None, 0.8, 3575.53, 23, 1, smm_btc, 155023019996, False
btc_pax, None, 0.44518, 3575.12, 21, 1, smm_btc, 155023019995, True
btc_pax, None, 0.8, 3575.53, 23, 1, smm_btc, 155023019996, True
btc_pax, None, 0.268881, 3578.55, 23, 1, smm_btc, 155023021899, False
btc_pax, None, 0.44518, 3576.35, 21, 1, smm_btc, 155023022100, False
btc_pax, None, 0.268881, 3578.55, 23, 1, smm_btc, 155023021899, True
btc_pax, None, 0.268881, 3578.54, 23, 1, smm_btc, 155023022502, False
btc_pax, None, 0.44518, 3576.35, 21, 1, smm_btc, 155023022100, True
btc_pax, None, 0.268881, 3578.54, 23, 1, smm_btc, 155023022502, True
btc_pax, None, 0.44518, 3576.39, 21, 1, smm_btc, 155023023305, False
btc_pax, None, 0.268881, 3578.5, 23, 1, smm_btc, 155023023306, False
btc_pax, None, 0.44518, 3576.39, 21, 1, smm_btc, 155023023305, True
btc_pax, None, 0.268881, 3578.5, 23, 1, smm_btc, 155023023306, True
btc_pax, None, 0.44518, 3575.52, 21, 1, smm_btc, 155023024209, False
btc_pax, None, 0.268881, 3578.32, 23, 1, smm_btc, 155023025910, False
btc_pax, None, 0.44518, 3575.52, 21, 1, smm_btc, 155023024209, True
btc_pax, None, 0.268881, 3578.32, 23, 1, smm_btc, 155023025910, True
btc_pax, None, 0.268881, 3577.77, 23, 1, smm_btc, 155023027413, False
btc_pax, None, 0.44518, 3566.61, 21, 1, smm_btc, 155023028114, False
btc_pax, None, 0.268881, 3577.77, 23, 1, smm_btc, 155023027413, True
btc_pax, None, 0.44518, 3566.61, 21, 1, smm_btc, 155023028114, True
btc_pax, None, 0.268881, 3586.74, 23, 1, smm_btc, 155023028417, False
btc_pax, None, 0.44518, 3576.01, 21, 1, smm_btc, 155023028818, False
btc_pax, None, 0.268881, 3586.74, 23, 1, smm_btc, 155023028417, True
btc_pax, None, 0.268881, 3577.63, 23, 1, smm_btc, 155023029120, False
btc_pax, None, 0.44518, 3576.01, 21, 1, smm_btc, 155023028818, True
btc_pax, None, 0.268881, 3577.63, 23, 1, smm_btc, 155023029120, True
btc_pax, None, 0.44518, 3576.02, 21, 1, smm_btc, 155023029723, False
btc_pax, None, 0.268881, 3577.62, 23, 1, smm_btc, 155023029724, False
btc_pax, None, 0.44518, 3576.02, 21, 1, smm_btc, 155023029723, True
btc_pax, None, 0.268881, 3577.62, 23, 1, smm_btc, 155023029724, True
btc_pax, None, 0.44518, 3576.05, 21, 1, smm_btc, 155023030627, False
btc_pax, None, 0.268881, 3577.59, 23, 1, smm_btc, 155023030628, False
btc_pax, None, 0.44518, 3576.05, 21, 1, smm_btc, 155023030627, True
btc_pax, None, 0.44518, 3576.46, 21, 1, smm_btc, 155023035430, False
btc_pax, None, 0.44518, 3576.46, 21, 1, smm_btc, 155023035430, True
btc_pax, None, 0.44518, 3576.0, 21, 1, smm_btc, 155023036132, False
btc_pax, None, 0.44518, 3576.0, 21, 1, smm_btc, 155023036132, True
btc_pax, None, 0.44518, 3576.72, 21, 1, smm_btc, 155023040234, False
btc_pax, None, 0.268881, 3577.59, 23, 1, smm_btc, 155023030628, True
btc_pax, None, 0.268881, 3579.41, 23, 1, smm_btc, 155023042536, False
btc_pax, None, 0.44518, 3576.72, 21, 1, smm_btc, 155023040234, True
btc_pax, None, 0.268881, 3579.41, 23, 1, smm_btc, 155023042536, True
btc_pax, None, 0.44518, 3577.25, 21, 1, smm_btc, 155023047139, False
btc_pax, None, 0.268881, 3579.44, 23, 1, smm_btc, 155023047140, False
btc_pax, None, 0.44518, 3577.25, 21, 1, smm_btc, 155023047139, True
btc_pax, None, 0.44518, 3576.73, 21, 1, smm_btc, 155023047742, False
btc_pax, None, 0.268881, 3579.44, 23, 1, smm_btc, 155023047140, True
btc_pax, None, 0.44518, 3576.73, 21, 1, smm_btc, 155023047742, True
btc_pax, None, 0.268881, 3578.86, 23, 1, smm_btc, 155023048145, False
btc_pax, None, 0.44518, 3576.72, 21, 1, smm_btc, 155023048346, False
btc_pax, None, 0.44518, 3576.72, 21, 1, smm_btc, 155023048346, True
btc_pax, None, 0.44518, 3566.99, 21, 1, smm_btc, 155023050148, False
btc_pax, None, 0.268881, 3578.86, 23, 1, smm_btc, 155023048145, True
btc_pax, None, 0.44518, 3566.99, 21, 1, smm_btc, 155023050148, True
btc_pax, None, 0.44518, 3576.72, 21, 1, smm_btc, 155023050751, False
btc_pax, None, 0.268881, 3578.86, 23, 1, smm_btc, 155023052152, False
btc_pax, None, 0.44518, 3576.72, 21, 1, smm_btc, 155023050751, True
btc_pax, None, 0.44518, 3576.68, 21, 1, smm_btc, 155023053954, False
btc_pax, None, 0.44518, 3576.68, 21, 1, smm_btc, 155023053954, True
btc_pax, None, 0.268881, 3578.86, 23, 1, smm_btc, 155023052152, True
btc_pax, None, 0.44518, 3566.49, 21, 1, smm_btc, 155023054957, False
btc_pax, None, 0.268881, 3586.73, 23, 1, smm_btc, 155023054958, False
btc_pax, None, 0.44518, 3566.49, 21, 1, smm_btc, 155023054957, True
btc_pax, None, 0.268881, 3586.73, 23, 1, smm_btc, 155023054958, True
btc_pax, None, 0.44518, 3576.72, 21, 1, smm_btc, 155023055861, False
btc_pax, None, 0.268881, 3578.87, 23, 1, smm_btc, 155023055862, False
btc_pax, None, 0.44518, 3576.72, 21, 1, smm_btc, 155023055861, True
btc_pax, None, 0.44518, 3566.64, 21, 1, smm_btc, 155023056464, False
btc_pax, None, 0.268881, 3578.87, 23, 1, smm_btc, 155023055862, True
btc_pax, None, 0.44518, 3566.64, 21, 1, smm_btc, 155023056464, True
btc_pax, None, 0.268881, 3588.19, 23, 1, smm_btc, 155023057067, False
btc_pax, None, 0.44518, 3576.72, 21, 1, smm_btc, 155023057368, False
btc_pax, None, 0.268881, 3588.19, 23, 1, smm_btc, 155023057067, True
btc_pax, None, 0.268881, 3578.79, 23, 1, smm_btc, 155023058270, False
btc_pax, None, 0.268881, 3578.79, 23, 1, smm_btc, 155023058270, True
btc_pax, None, 0.268881, 3579.41, 23, 1, smm_btc, 155023059272, False
btc_pax, None, 0.44518, 3576.72, 21, 1, smm_btc, 155023057368, True
btc_pax, None, 0.268881, 3579.41, 23, 1, smm_btc, 155023059272, True
btc_pax, None, 0.44518, 3576.67, 21, 1, smm_btc, 155023065775, False
btc_pax, None, 0.268881, 3579.46, 23, 1, smm_btc, 155023065776, False
btc_pax, None, 0.44518, 3576.67, 21, 1, smm_btc, 155023065775, True
btc_pax, None, 0.268881, 3579.46, 23, 1, smm_btc, 155023065776, True
btc_pax, None, 0.44518, 3576.41, 21, 1, smm_btc, 155023067679, False
btc_pax, None, 0.268881, 3579.41, 23, 1, smm_btc, 155023067880, False
btc_pax, None, 0.44518, 3576.41, 21, 1, smm_btc, 155023067679, True
btc_pax, None, 0.44518, 3575.97, 21, 1, smm_btc, 155023068882, False
btc_pax, None, 0.268881, 3579.41, 23, 1, smm_btc, 155023067880, True
btc_pax, None, 0.268881, 3579.44, 23, 1, smm_btc, 155023069284, False
btc_pax, None, 0.44518, 3575.97, 21, 1, smm_btc, 155023068882, True
btc_pax, None, 0.268881, 3579.44, 23, 1, smm_btc, 155023069284, True
btc_pax, None, 0.44518, 3576.0, 21, 1, smm_btc, 155023070287, False
btc_pax, None, 0.268881, 3579.41, 23, 1, smm_btc, 155023070288, False
btc_pax, None, 0.268881, 3579.41, 23, 1, smm_btc, 155023070288, True
btc_pax, None, 0.268881, 3578.33, 23, 1, smm_btc, 155023071590, False
btc_pax, None, 0.44518, 3576.0, 21, 1, smm_btc, 155023070287, True
btc_pax, None, 0.44518, 3575.97, 21, 1, smm_btc, 155023073692, False
btc_pax, None, 0.268881, 3578.33, 23, 1, smm_btc, 155023071590, True
btc_pax, None, 0.268881, 3578.36, 23, 1, smm_btc, 155023074094, False
btc_pax, None, 0.44518, 3575.97, 21, 1, smm_btc, 155023073692, True
btc_pax, None, 0.268881, 3578.36, 23, 1, smm_btc, 155023074094, True
btc_pax, None, 0.44518, 3576.0, 21, 1, smm_btc, 155023075397, False
btc_pax, None, 0.268881, 3578.33, 23, 1, smm_btc, 155023075398, False
btc_pax, None, 0.44518, 3576.0, 21, 1, smm_btc, 155023075397, True
btc_pax, None, 0.268881, 3578.33, 23, 1, smm_btc, 155023075398, True
btc_pax, None, 0.44518, 3575.96, 21, 1, smm_btc, 155023078501, False
btc_pax, None, 0.44518, 3575.96, 21, 1, smm_btc, 155023078501, True
btc_pax, None, 0.44518, 3576.0, 21, 1, smm_btc, 155023079103, False
btc_pax, None, 0.268881, 3578.32, 23, 1, smm_btc, 155023079404, False
btc_pax, None, 0.44518, 3576.0, 21, 1, smm_btc, 155023079103, True
btc_pax, None, 0.268881, 3578.32, 23, 1, smm_btc, 155023079404, True
btc_pax, None, 0.44518, 3575.96, 21, 1, smm_btc, 155023081907, False
btc_pax, None, 0.268881, 3578.36, 23, 1, smm_btc, 155023081908, False
btc_pax, None, 0.268881, 3578.36, 23, 1, smm_btc, 155023081908, True
btc_pax, None, 0.44518, 3575.96, 21, 1, smm_btc, 155023081907, True
btc_pax, None, 0.268881, 3578.35, 23, 1, smm_btc, 155023082911, False
btc_pax, None, 0.44518, 3575.97, 21, 1, smm_btc, 155023083312, False
btc_pax, None, 0.268881, 3578.35, 23, 1, smm_btc, 155023082911, True
btc_pax, None, 0.268881, 3579.62, 23, 1, smm_btc, 155023084014, False
btc_pax, None, 0.44518, 3575.97, 21, 1, smm_btc, 155023083312, True
btc_pax, None, 0.44518, 3576.04, 21, 1, smm_btc, 155023085416, False
btc_pax, None, 0.44518, 3576.04, 21, 1, smm_btc, 155023085416, True
btc_pax, None, 0.268881, 3579.62, 23, 1, smm_btc, 155023084014, True
btc_pax, None, 0.44518, 3576.01, 21, 1, smm_btc, 155023086019, False
btc_pax, None, 0.268881, 3579.65, 23, 1, smm_btc, 155023086020, False
btc_pax, None, 0.44518, 3576.01, 21, 1, smm_btc, 155023086019, True
btc_pax, None, 0.268881, 3579.65, 23, 1, smm_btc, 155023086020, True
btc_pax, None, 0.44518, 3576.17, 21, 1, smm_btc, 155023086923, False
btc_pax, None, 0.268881, 3579.62, 23, 1, smm_btc, 155023086924, False
btc_pax, None, 0.44518, 3576.17, 21, 1, smm_btc, 155023086923, True
btc_pax, None, 0.268881, 3579.62, 23, 1, smm_btc, 155023086924, True
btc_pax, None, 0.268881, 3579.65, 23, 1, smm_btc, 155023088027, False
btc_pax, None, 0.44518, 3568.89, 21, 1, smm_btc, 155023088728, False
btc_pax, None, 0.268881, 3579.65, 23, 1, smm_btc, 155023088027, True
btc_pax, None, 0.268881, 3588.21, 23, 1, smm_btc, 155023089030, False
btc_pax, None, 0.44518, 3568.89, 21, 1, smm_btc, 155023088728, True
btc_pax, None, 0.44518, 3577.47, 21, 1, smm_btc, 155023089632, False
btc_pax, None, 0.268881, 3588.21, 23, 1, smm_btc, 155023089030, True
btc_pax, None, 0.268881, 3579.62, 23, 1, smm_btc, 155023090634, False
btc_pax, None, 0.44518, 3577.47, 21, 1, smm_btc, 155023089632, True
btc_pax, None, 0.44518, 3576.17, 21, 1, smm_btc, 155023093036, False
btc_pax, None, 0.268881, 3579.62, 23, 1, smm_btc, 155023090634, True
btc_pax, None, 0.268881, 3578.86, 23, 1, smm_btc, 155023093338, False
btc_pax, None, 0.268881, 3578.86, 23, 1, smm_btc, 155023093338, True
btc_pax, None, 0.268881, 3578.85, 23, 1, smm_btc, 155023095740, False
btc_pax, None, 0.268881, 3578.85, 23, 1, smm_btc, 155023095740, True
btc_pax, None, 0.44518, 3576.17, 21, 1, smm_btc, 155023093036, True
btc_pax, None, 0.268881, 3578.84, 23, 1, smm_btc, 155023096743, False
btc_pax, None, 0.44518, 3576.01, 21, 1, smm_btc, 155023097144, False
btc_pax, None, 0.268881, 3578.84, 23, 1, smm_btc, 155023096743, True
btc_pax, None, 0.268881, 3578.85, 23, 1, smm_btc, 155023097646, False
btc_pax, None, 0.44518, 3576.01, 21, 1, smm_btc, 155023097144, True
btc_pax, None, 0.268881, 3578.85, 23, 1, smm_btc, 155023097646, True
btc_pax, None, 0.44518, 3567.48, 21, 1, smm_btc, 155023098549, False
btc_pax, None, 0.268881, 3587.3, 23, 1, smm_btc, 155023098550, False
btc_pax, None, 0.44518, 3567.48, 21, 1, smm_btc, 155023098549, True
btc_pax, None, 0.268881, 3587.3, 23, 1, smm_btc, 155023098550, True
btc_pax, None, 0.44518, 3566.99, 21, 1, smm_btc, 155023099153, False
btc_pax, None, 0.268881, 3587.3, 23, 1, smm_btc, 155023099154, False
btc_pax, None, 0.44518, 3566.99, 21, 1, smm_btc, 155023099153, True
btc_pax, None, 0.268881, 3587.3, 23, 1, smm_btc, 155023099154, True
btc_pax, None, 0.44518, 3576.26, 21, 1, smm_btc, 155023100057, False
btc_pax, None, 0.44518, 3576.26, 21, 1, smm_btc, 155023100057, True
btc_pax, None, 0.268881, 3587.3, 23, 1, smm_btc, 155023100659, False
btc_pax, None, 0.44518, 3566.99, 21, 1, smm_btc, 155023100960, False
btc_pax, None, 0.44518, 3566.99, 21, 1, smm_btc, 155023100960, True
btc_pax, None, 0.268881, 3587.3, 23, 1, smm_btc, 155023100659, True
btc_pax, None, 0.44518, 3576.04, 21, 1, smm_btc, 155023102063, False
btc_pax, None, 0.268881, 3579.61, 23, 1, smm_btc, 155023102064, False
btc_pax, None, 0.268881, 3579.61, 23, 1, smm_btc, 155023102064, True
btc_pax, None, 0.268881, 3579.63, 23, 1, smm_btc, 155023102966, False
btc_pax, None, 0.44518, 3576.04, 21, 1, smm_btc, 155023102063, True
btc_pax, None, 0.268881, 3579.63, 23, 1, smm_btc, 155023102966, True
btc_pax, None, 0.44518, 3567.67, 21, 1, smm_btc, 155023103569, False
btc_pax, None, 0.268881, 3587.21, 23, 1, smm_btc, 155023103570, False
btc_pax, None, 0.44518, 3567.67, 21, 1, smm_btc, 155023103569, True
btc_pax, None, 0.268881, 3587.21, 23, 1, smm_btc, 155023103570, True
btc_pax, None, 0.44518, 3576.04, 21, 1, smm_btc, 155023104373, False
btc_pax, None, 0.268881, 3579.6, 23, 1, smm_btc, 155023104374, False
btc_pax, None, 0.268881, 3579.6, 23, 1, smm_btc, 155023104374, True
btc_pax, None, 0.268881, 3579.59, 23, 1, smm_btc, 155023105076, False
btc_pax, None, 0.44518, 3576.04, 21, 1, smm_btc, 155023104373, True
btc_pax, None, 0.268881, 3579.59, 23, 1, smm_btc, 155023105076, True
btc_pax, None, 0.44518, 3566.99, 21, 1, smm_btc, 155023107479, False
btc_pax, None, 0.268881, 3586.77, 23, 1, smm_btc, 155023107480, False
btc_pax, None, 0.268881, 3586.77, 23, 1, smm_btc, 155023107480, True
btc_pax, None, 0.44518, 3566.99, 21, 1, smm_btc, 155023107479, True
btc_pax, None, 0.268881, 3579.61, 23, 1, smm_btc, 155023108083, False
btc_pax, None, 0.44518, 3575.97, 21, 1, smm_btc, 155023108384, False
btc_pax, None, 0.44518, 3575.97, 21, 1, smm_btc, 155023108384, True
btc_pax, None, 0.268881, 3579.61, 23, 1, smm_btc, 155023108083, True
btc_pax, None, 0.44518, 3576.0, 21, 1, smm_btc, 155023109187, False
btc_pax, None, 0.268881, 3579.58, 23, 1, smm_btc, 155023109188, False
btc_pax, None, 0.268881, 3579.58, 23, 1, smm_btc, 155023109188, True
btc_pax, None, 0.268881, 3579.57, 23, 1, smm_btc, 155023110090, False
btc_pax, None, 0.268881, 3579.57, 23, 1, smm_btc, 155023110090, True
btc_pax, None, 0.44518, 3576.0, 21, 1, smm_btc, 155023109187, True
btc_pax, None, 0.268881, 3579.6, 23, 1, smm_btc, 155023113093, False
btc_pax, None, 0.44518, 3575.97, 21, 1, smm_btc, 155023113394, False
btc_pax, None, 0.268881, 3579.6, 23, 1, smm_btc, 155023113093, True
btc_pax, None, 0.268881, 3579.59, 23, 1, smm_btc, 155023113696, False
btc_pax, None, 0.44518, 3575.97, 21, 1, smm_btc, 155023113394, True
btc_pax, None, 0.268881, 3579.59, 23, 1, smm_btc, 155023113696, True
btc_pax, None, 0.44518, 3573.17, 21, 1, smm_btc, 155023114699, False
btc_pax, None, 0.268881, 3576.0, 23, 1, smm_btc, 155023114600, False
btc_pax, None, 0.44518, 3573.17, 21, 1, smm_btc, 155023114699, True
btc_pax, None, 0.268881, 3576.0, 23, 1, smm_btc, 155023114600, True
btc_pax, None, 0.44518, 3573.21, 21, 1, smm_btc, 155023115203, False
btc_pax, None, 0.268881, 3575.96, 23, 1, smm_btc, 155023115204, False
btc_pax, None, 0.268881, 3575.96, 23, 1, smm_btc, 155023115204, True
btc_pax, None, 0.268881, 3575.95, 23, 1, smm_btc, 155023116806, False
btc_pax, None, 0.268881, 3575.95, 23, 1, smm_btc, 155023116806, True
btc_pax, None, 0.268881, 3575.98, 23, 1, smm_btc, 155023117508, False
btc_pax, None, 0.268881, 3575.98, 23, 1, smm_btc, 155023117508, True
btc_pax, None, 0.268881, 3575.95, 23, 1, smm_btc, 155023118410, False
btc_pax, None, 0.44518, 3573.21, 21, 1, smm_btc, 155023115203, True
btc_pax, None, 0.268881, 3575.95, 23, 1, smm_btc, 155023118410, True
btc_pax, None, 0.44518, 3572.95, 21, 1, smm_btc, 155023119013, False
btc_pax, None, 0.268881, 3575.92, 23, 1, smm_btc, 155023119314, False
btc_pax, None, 0.268881, 3575.92, 23, 1, smm_btc, 155023119314, True
btc_pax, None, 0.268881, 3575.91, 23, 1, smm_btc, 155023120416, False
btc_pax, None, 0.44518, 3572.95, 21, 1, smm_btc, 155023119013, True
btc_pax, None, 0.268881, 3575.91, 23, 1, smm_btc, 155023120416, True
btc_pax, None, 0.44518, 3572.99, 21, 1, smm_btc, 155023121419, False
btc_pax, None, 0.268881, 3575.87, 23, 1, smm_btc, 155023121420, False
btc_pax, None, 0.268881, 3575.87, 23, 1, smm_btc, 155023121420, True
btc_pax, None, 0.268881, 3575.88, 23, 1, smm_btc, 155023122222, False
btc_pax, None, 0.268881, 3575.88, 23, 1, smm_btc, 155023122222, True
btc_pax, None, 0.268881, 3575.86, 23, 1, smm_btc, 155023123424, False
btc_pax, None, 0.268881, 3575.86, 23, 1, smm_btc, 155023123424, True
btc_pax, None, 0.268881, 3575.85, 23, 1, smm_btc, 155023124026, False
btc_pax, None, 0.44518, 3572.99, 21, 1, smm_btc, 155023121419, True
btc_pax, None, 0.44518, 3572.46, 21, 1, smm_btc, 155023124628, False
btc_pax, None, 0.268881, 3575.85, 23, 1, smm_btc, 155023124026, True
btc_pax, None, 0.268881, 3575.88, 23, 1, smm_btc, 155023124930, False
btc_pax, None, 0.44518, 3572.46, 21, 1, smm_btc, 155023124628, True
btc_pax, None, 0.268881, 3575.88, 23, 1, smm_btc, 155023124930, True
btc_pax, None, 0.44518, 3572.5, 21, 1, smm_btc, 155023125833, False
btc_pax, None, 0.268881, 3575.84, 23, 1, smm_btc, 155023125834, False
btc_pax, None, 0.268881, 3575.84, 23, 1, smm_btc, 155023125834, True
btc_pax, None, 0.44518, 3572.5, 21, 1, smm_btc, 155023125833, True
btc_pax, None, 0.268881, 3575.83, 23, 1, smm_btc, 155023127337, False
btc_pax, None, 0.268881, 3575.83, 23, 1, smm_btc, 155023127337, True
btc_pax, None, 0.44518, 3564.91, 21, 1, smm_btc, 155023128339, False
btc_pax, None, 0.268881, 3589.11, 23, 1, smm_btc, 155023128340, False
btc_pax, None, 0.268881, 3589.11, 23, 1, smm_btc, 155023128340, True
btc_pax, None, 0.44518, 3564.91, 21, 1, smm_btc, 155023128339, True
btc_pax, None, 0.268881, 3578.29, 23, 1, smm_btc, 155023128943, False
btc_pax, None, 0.44518, 3573.74, 21, 1, smm_btc, 155023129244, False
btc_pax, None, 0.268881, 3578.29, 23, 1, smm_btc, 155023128943, True
btc_pax, None, 0.268881, 3577.38, 23, 1, smm_btc, 155023129546, False
btc_pax, None, 0.268881, 3577.38, 23, 1, smm_btc, 155023129546, True
btc_pax, None, 0.44518, 3573.74, 21, 1, smm_btc, 155023129244, True
btc_pax, None, 0.268881, 3577.36, 23, 1, smm_btc, 155023131149, False
btc_pax, None, 0.44518, 3573.74, 21, 1, smm_btc, 155023131450, False
btc_pax, None, 0.268881, 3577.36, 23, 1, smm_btc, 155023131149, True
btc_pax, None, 0.268881, 3577.38, 23, 1, smm_btc, 155023131852, False
btc_pax, None, 0.44518, 3573.74, 21, 1, smm_btc, 155023131450, True
btc_pax, None, 0.268881, 3577.38, 23, 1, smm_btc, 155023131852, True
btc_pax, None, 0.44518, 3573.77, 21, 1, smm_btc, 155023133055, False
btc_pax, None, 0.268881, 3577.35, 23, 1, smm_btc, 155023133056, False
btc_pax, None, 0.268881, 3577.35, 23, 1, smm_btc, 155023133056, True
btc_pax, None, 0.268881, 3577.34, 23, 1, smm_btc, 155023133858, False
btc_pax, None, 0.44518, 3573.77, 21, 1, smm_btc, 155023133055, True
btc_pax, None, 0.268881, 3577.34, 23, 1, smm_btc, 155023133858, True
btc_pax, None, 0.44518, 3573.74, 21, 1, smm_btc, 155023134861, False
btc_pax, None, 0.268881, 3577.37, 23, 1, smm_btc, 155023134862, False
btc_pax, None, 0.268881, 3577.37, 23, 1, smm_btc, 155023134862, True
btc_pax, None, 0.44518, 3573.74, 21, 1, smm_btc, 155023134861, True
btc_pax, None, 0.268881, 3577.34, 23, 1, smm_btc, 155023136265, False
btc_pax, None, 0.44518, 3574.01, 21, 1, smm_btc, 155023136566, False
btc_pax, None, 0.268881, 3577.34, 23, 1, smm_btc, 155023136265, True
btc_pax, None, 0.44518, 3574.01, 21, 1, smm_btc, 155023136566, True
btc_pax, None, 0.268881, 3577.32, 23, 1, smm_btc, 155023136969, False
btc_pax, None, 0.44518, 3573.77, 21, 1, smm_btc, 155023137370, False
btc_pax, None, 0.268881, 3577.32, 23, 1, smm_btc, 155023136969, True
btc_pax, None, 0.268881, 3577.34, 23, 1, smm_btc, 155023138272, False
btc_pax, None, 0.268881, 3577.34, 23, 1, smm_btc, 155023138272, True
btc_pax, None, 0.268881, 3577.32, 23, 1, smm_btc, 155023139974, False
btc_pax, None, 0.268881, 3577.32, 23, 1, smm_btc, 155023139974, True
btc_pax, None, 0.268881, 3577.35, 23, 1, smm_btc, 155023140776, False
btc_pax, None, 0.268881, 3577.35, 23, 1, smm_btc, 155023140776, True
btc_pax, None, 0.268881, 3577.34, 23, 1, smm_btc, 155023144578, False
btc_pax, None, 0.268881, 3577.34, 23, 1, smm_btc, 155023144578, True
btc_pax, None, 0.268881, 3577.35, 23, 1, smm_btc, 155023145280, False
btc_pax, None, 0.44518, 3573.77, 21, 1, smm_btc, 155023137370, True
btc_pax, None, 0.268881, 3577.35, 23, 1, smm_btc, 155023145280, True
btc_pax, None, 0.44518, 3573.74, 21, 1, smm_btc, 155023146783, False
btc_pax, None, 0.268881, 3577.38, 23, 1, smm_btc, 155023146784, False
btc_pax, None, 0.44518, 3573.74, 21, 1, smm_btc, 155023146783, True
btc_pax, None, 0.268881, 3577.38, 23, 1, smm_btc, 155023146784, True
btc_pax, None, 0.44518, 3573.77, 21, 1, smm_btc, 155023147687, False
btc_pax, None, 0.268881, 3577.35, 23, 1, smm_btc, 155023147688, False
btc_pax, None, 0.268881, 3577.35, 23, 1, smm_btc, 155023147688, True
btc_pax, None, 0.268881, 3577.34, 23, 1, smm_btc, 155023148590, False
btc_pax, None, 0.44518, 3573.77, 21, 1, smm_btc, 155023147687, True
btc_pax, None, 0.268881, 3577.34, 23, 1, smm_btc, 155023148590, True
btc_pax, None, 0.44518, 3573.73, 21, 1, smm_btc, 155023151193, False
btc_pax, None, 0.268881, 3577.39, 23, 1, smm_btc, 155023151194, False
btc_pax, None, 0.268881, 3577.39, 23, 1, smm_btc, 155023151194, True
btc_pax, None, 0.268881, 3577.38, 23, 1, smm_btc, 155023153296, False
btc_pax, None, 0.268881, 3577.38, 23, 1, smm_btc, 155023153296, True
btc_pax, None, 0.268881, 3577.34, 23, 1, smm_btc, 155023153898, False
btc_pax, None, 0.44518, 3573.73, 21, 1, smm_btc, 155023151193, True
btc_pax, None, 0.44518, 3573.96, 21, 1, smm_btc, 155023156400, False
btc_pax, None, 0.268881, 3577.34, 23, 1, smm_btc, 155023153898, True
btc_pax, None, 0.268881, 3577.33, 23, 1, smm_btc, 155023156702, False
btc_pax, None, 0.44518, 3573.96, 21, 1, smm_btc, 155023156400, True
btc_pax, None, 0.268881, 3577.33, 23, 1, smm_btc, 155023156702, True
btc_pax, None, 0.44518, 3573.92, 21, 1, smm_btc, 155023159305, False
btc_pax, None, 0.268881, 3577.37, 23, 1, smm_btc, 155023159306, False
btc_pax, None, 0.268881, 3577.37, 23, 1, smm_btc, 155023159306, True
btc_pax, None, 0.44518, 3573.92, 21, 1, smm_btc, 155023159305, True
btc_pax, None, 0.268881, 3576.89, 23, 1, smm_btc, 155023160409, False
btc_pax, None, 0.268881, 3576.89, 23, 1, smm_btc, 155023160409, True
btc_pax, None, 0.268881, 3576.86, 23, 1, smm_btc, 155023161011, False
btc_pax, None, 0.44518, 3573.96, 21, 1, smm_btc, 155023161312, False
btc_pax, None, 0.268881, 3576.86, 23, 1, smm_btc, 155023161011, True
btc_pax, None, 0.268881, 3576.85, 23, 1, smm_btc, 155023163814, False
btc_pax, None, 0.44518, 3573.96, 21, 1, smm_btc, 155023161312, True
btc_pax, None, 0.44518, 3572.47, 21, 1, smm_btc, 155023164516, False
btc_pax, None, 0.44518, 3572.47, 21, 1, smm_btc, 155023164516, True
btc_pax, None, 0.44518, 3564.49, 21, 1, smm_btc, 155023165218, False
btc_pax, None, 0.268881, 3576.85, 23, 1, smm_btc, 155023163814, True
btc_pax, None, 0.44518, 3564.49, 21, 1, smm_btc, 155023165218, True
btc_pax, None, 0.268881, 3584.8, 23, 1, smm_btc, 155023165521, False
btc_pax, None, 0.268881, 3584.8, 23, 1, smm_btc, 155023165521, True
btc_pax, None, 0.268881, 3575.55, 23, 1, smm_btc, 155023166223, False
btc_pax, None, 0.44518, 3572.5, 21, 1, smm_btc, 155023166824, False
btc_pax, None, 0.268881, 3575.55, 23, 1, smm_btc, 155023166223, True
btc_pax, None, 0.268881, 3575.54, 23, 1, smm_btc, 155023168026, False
btc_pax, None, 0.44518, 3572.5, 21, 1, smm_btc, 155023166824, True
btc_pax, None, 0.268881, 3575.54, 23, 1, smm_btc, 155023168026, True
btc_pax, None, 0.44518, 3572.46, 21, 1, smm_btc, 155023170629, False
btc_pax, None, 0.268881, 3576.75, 23, 1, smm_btc, 155023170630, False
btc_pax, None, 0.44518, 3572.46, 21, 1, smm_btc, 155023170629, True
btc_pax, None, 0.268881, 3576.75, 23, 1, smm_btc, 155023170630, True
btc_pax, None, 0.44518, 3572.5, 21, 1, smm_btc, 155023172033, False
btc_pax, None, 0.268881, 3576.71, 23, 1, smm_btc, 155023172034, False
btc_pax, None, 0.268881, 3576.71, 23, 1, smm_btc, 155023172034, True
btc_pax, None, 0.268881, 3576.7, 23, 1, smm_btc, 155023173536, False
btc_pax, None, 0.268881, 3576.7, 23, 1, smm_btc, 155023173536, True
btc_pax, None, 0.268881, 3576.69, 23, 1, smm_btc, 155023176738, False
btc_pax, None, 0.44518, 3572.5, 21, 1, smm_btc, 155023172033, True
btc_pax, None, 0.268881, 3576.69, 23, 1, smm_btc, 155023176738, True
btc_pax, None, 0.44518, 3566.08, 21, 1, smm_btc, 155023180341, False
btc_pax, None, 0.268881, 3584.51, 23, 1, smm_btc, 155023180342, False
btc_pax, None, 0.268881, 3584.51, 23, 1, smm_btc, 155023180342, True
btc_pax, None, 0.44518, 3566.08, 21, 1, smm_btc, 155023180341, True
btc_pax, None, 0.268881, 3584.47, 23, 1, smm_btc, 155023181545, False
btc_pax, None, 0.44518, 3565.48, 21, 1, smm_btc, 155023181846, False
btc_pax, None, 0.44518, 3565.48, 21, 1, smm_btc, 155023181846, True
btc_pax, None, 0.268881, 3584.47, 23, 1, smm_btc, 155023181545, True
btc_pax, None, 0.44518, 3572.48, 21, 1, smm_btc, 155023183049, False
btc_pax, None, 0.268881, 3576.54, 23, 1, smm_btc, 155023183050, False
btc_pax, None, 0.44518, 3572.48, 21, 1, smm_btc, 155023183049, True
btc_pax, None, 0.268881, 3576.54, 23, 1, smm_btc, 155023183050, True
btc_pax, None, 0.44518, 3572.51, 21, 1, smm_btc, 155023184553, False
btc_pax, None, 0.268881, 3576.51, 23, 1, smm_btc, 155023184554, False
btc_pax, None, 0.268881, 3576.51, 23, 1, smm_btc, 155023184554, True
btc_pax, None, 0.268881, 3576.5, 23, 1, smm_btc, 155023185656, False
btc_pax, None, 0.268881, 3576.5, 23, 1, smm_btc, 155023185656, True
btc_pax, None, 0.268881, 3576.49, 23, 1, smm_btc, 155023187458, False
btc_pax, None, 0.268881, 3576.49, 23, 1, smm_btc, 155023187458, True
btc_pax, None, 0.44518, 3572.51, 21, 1, smm_btc, 155023184553, True
btc_pax, None, 0.268881, 3576.48, 23, 1, smm_btc, 155023189861, False
btc_pax, None, 0.44518, 3573.21, 21, 1, smm_btc, 155023190462, False
btc_pax, None, 0.44518, 3573.21, 21, 1, smm_btc, 155023190462, True
btc_pax, None, 0.44518, 3573.17, 21, 1, smm_btc, 155023191564, False
btc_pax, None, 0.44518, 3573.17, 21, 1, smm_btc, 155023191564, True
btc_pax, None, 0.44518, 3573.18, 21, 1, smm_btc, 155023192866, False
btc_pax, None, 0.268881, 3576.48, 23, 1, smm_btc, 155023189861, True
btc_pax, None, 0.44518, 3573.18, 21, 1, smm_btc, 155023192866, True
btc_pax, None, 0.268881, 3576.07, 23, 1, smm_btc, 155023193169, False
btc_pax, None, 0.44518, 3573.21, 21, 1, smm_btc, 155023193470, False
btc_pax, None, 0.268881, 3576.07, 23, 1, smm_btc, 155023193169, True
btc_pax, None, 0.268881, 3576.06, 23, 1, smm_btc, 155023193872, False
btc_pax, None, 0.268881, 3576.06, 23, 1, smm_btc, 155023193872, True
btc_pax, None, 0.268881, 3576.05, 23, 1, smm_btc, 155023196474, False
btc_pax, None, 0.268881, 3576.05, 23, 1, smm_btc, 155023196474, True
btc_pax, None, 0.44518, 3573.21, 21, 1, smm_btc, 155023193470, True
btc_pax, None, 0.44518, 3572.48, 21, 1, smm_btc, 155023198777, False
btc_pax, None, 0.268881, 3576.08, 23, 1, smm_btc, 155023198778, False
btc_pax, None, 0.44518, 3572.48, 21, 1, smm_btc, 155023198777, True
btc_pax, None, 0.268881, 3576.08, 23, 1, smm_btc, 155023198778, True
btc_pax, None, 0.44518, 3572.48, 21, 1, smm_btc, 155023199781, False
btc_pax, None, 0.268881, 3576.08, 23, 1, smm_btc, 155023199782, False
btc_pax, None, 0.268881, 3576.08, 23, 1, smm_btc, 155023199782, True
btc_pax, None, 0.268881, 3576.8, 23, 1, smm_btc, 155023200784, False
btc_pax, None, 0.44518, 3572.48, 21, 1, smm_btc, 155023199781, True
btc_pax, None, 0.268881, 3576.8, 23, 1, smm_btc, 155023200784, True
btc_pax, None, 0.44518, 3572.51, 21, 1, smm_btc, 155023201387, False
btc_pax, None, 0.268881, 3576.77, 23, 1, smm_btc, 155023201388, False
btc_pax, None, 0.44518, 3572.51, 21, 1, smm_btc, 155023201387, True
btc_pax, None, 0.44518, 3574.0, 21, 1, smm_btc, 155023202090, False
btc_pax, None, 0.268881, 3576.77, 23, 1, smm_btc, 155023201388, True
btc_pax, None, 0.44518, 3574.0, 21, 1, smm_btc, 155023202090, True
btc_pax, None, 0.44518, 3574.01, 21, 1, smm_btc, 155023203093, False
btc_pax, None, 0.44518, 3574.01, 21, 1, smm_btc, 155023203093, True
btc_pax, None, 0.268881, 3585.08, 23, 1, smm_btc, 155023203395, False
btc_pax, None, 0.44518, 3574.01, 21, 1, smm_btc, 155023203796, False
btc_pax, None, 0.268881, 3585.08, 23, 1, smm_btc, 155023203395, True
btc_pax, None, 0.44518, 3574.01, 21, 1, smm_btc, 155023203796, True
btc_pax, None, 0.268881, 3576.79, 23, 1, smm_btc, 155023204099, False
btc_pax, None, 0.44518, 3574.03, 21, 1, smm_btc, 155023204300, False
btc_pax, None, 0.268881, 3576.79, 23, 1, smm_btc, 155023204099, True
btc_pax, None, 0.44518, 3574.03, 21, 1, smm_btc, 155023204300, True
btc_pax, None, 0.268881, 3576.78, 23, 1, smm_btc, 155023204603, False
btc_pax, None, 0.39894, 3574.0, 21, 1, smm_btc, 155023204904, False
btc_pax, None, 0.268881, 3576.78, 23, 1, smm_btc, 155023204603, True
btc_pax, None, 0.39894, 3574.0, 21, 1, smm_btc, 155023204904, True
btc_pax, None, 0.268881, 3576.8, 23, 1, smm_btc, 155023207107, False
btc_pax, None, 0.39894, 3573.99, 21, 1, smm_btc, 155023207908, False
btc_pax, None, 0.39894, 3573.99, 21, 1, smm_btc, 155023207908, True
btc_pax, None, 0.268881, 3576.8, 23, 1, smm_btc, 155023207107, True
btc_pax, None, 0.39894, 3574.03, 21, 1, smm_btc, 155023208811, False
btc_pax, None, 0.268881, 3576.76, 23, 1, smm_btc, 155023208812, False
btc_pax, None, 0.268881, 3576.76, 23, 1, smm_btc, 155023208812, True
btc_pax, None, 0.39894, 3574.03, 21, 1, smm_btc, 155023208811, True
btc_pax, None, 0.268881, 3576.75, 23, 1, smm_btc, 155023209515, False
btc_pax, None, 0.39894, 3574.0, 21, 1, smm_btc, 155023209816, False
btc_pax, None, 0.268881, 3576.75, 23, 1, smm_btc, 155023209515, True
btc_pax, None, 0.268881, 3576.74, 23, 1, smm_btc, 155023211918, False
btc_pax, None, 0.268881, 3576.74, 23, 1, smm_btc, 155023211918, True
btc_pax, None, 0.268881, 3576.73, 23, 1, smm_btc, 155023213820, False
btc_pax, None, 0.268881, 3576.73, 23, 1, smm_btc, 155023213820, True
btc_pax, None, 0.268881, 3576.72, 23, 1, smm_btc, 155023216822, False
btc_pax, None, 0.268881, 3576.72, 23, 1, smm_btc, 155023216822, True
btc_pax, None, 0.268881, 3576.71, 23, 1, smm_btc, 155023219724, False
btc_pax, None, 0.268881, 3576.71, 23, 1, smm_btc, 155023219724, True
btc_pax, None, 0.268881, 3576.7, 23, 1, smm_btc, 155023222226, False
btc_pax, None, 0.268881, 3576.7, 23, 1, smm_btc, 155023222226, True
btc_pax, None, 0.268881, 3576.69, 23, 1, smm_btc, 155023224528, False
btc_pax, None, 0.268881, 3576.69, 23, 1, smm_btc, 155023224528, True
btc_pax, None, 0.268881, 3576.68, 23, 1, smm_btc, 155023227230, False
btc_pax, None, 0.39894, 3574.0, 21, 1, smm_btc, 155023209816, True
btc_pax, None, 0.268881, 3576.68, 23, 1, smm_btc, 155023227230, True
btc_pax, None, 0.39894, 3573.96, 21, 1, smm_btc, 155023227933, False
btc_pax, None, 0.268881, 3576.72, 23, 1, smm_btc, 155023227934, False
btc_pax, None, 0.39894, 3573.96, 21, 1, smm_btc, 155023227933, True
btc_pax, None, 0.268881, 3576.72, 23, 1, smm_btc, 155023227934, True
btc_pax, None, 0.39894, 3574.0, 21, 1, smm_btc, 155023229137, False
btc_pax, None, 0.268881, 3576.68, 23, 1, smm_btc, 155023229138, False
btc_pax, None, 0.268881, 3576.68, 23, 1, smm_btc, 155023229138, True
btc_pax, None, 0.268881, 3576.67, 23, 1, smm_btc, 155023229740, False
btc_pax, None, 0.39894, 3574.0, 21, 1, smm_btc, 155023229137, True
btc_pax, None, 0.268881, 3576.67, 23, 1, smm_btc, 155023229740, True
btc_pax, None, 0.39894, 3573.97, 21, 1, smm_btc, 155023232443, False
btc_pax, None, 0.268881, 3576.69, 23, 1, smm_btc, 155023232444, False
btc_pax, None, 0.39894, 3573.97, 21, 1, smm_btc, 155023232443, True
btc_pax, None, 0.268881, 3576.69, 23, 1, smm_btc, 155023232444, True
btc_pax, None, 0.39894, 3574.0, 21, 1, smm_btc, 155023233947, False
btc_pax, None, 0.268881, 3576.66, 23, 1, smm_btc, 155023233948, False
btc_pax, None, 0.268881, 3576.66, 23, 1, smm_btc, 155023233948, True
btc_pax, None, 0.268881, 3576.65, 23, 1, smm_btc, 155023235650, False
btc_pax, None, 0.39894, 3574.0, 21, 1, smm_btc, 155023233947, True
btc_pax, None, 0.268881, 3576.65, 23, 1, smm_btc, 155023235650, True
btc_pax, None, 0.39894, 3566.21, 21, 1, smm_btc, 155023237153, False
btc_pax, None, 0.268881, 3582.17, 23, 1, smm_btc, 155023237154, False
btc_pax, None, 0.39894, 3566.21, 21, 1, smm_btc, 155023237153, True
btc_pax, None, 0.268881, 3582.17, 23, 1, smm_btc, 155023237154, True
btc_pax, None, 0.39894, 3574.0, 21, 1, smm_btc, 155023238057, False
btc_pax, None, 0.268881, 3576.65, 23, 1, smm_btc, 155023238058, False
btc_pax, None, 0.39894, 3574.0, 21, 1, smm_btc, 155023238057, True
btc_pax, None, 0.39894, 3573.98, 21, 1, smm_btc, 155023239060, False
btc_pax, None, 0.39894, 3573.98, 21, 1, smm_btc, 155023239060, True
btc_pax, None, 0.39894, 3574.01, 21, 1, smm_btc, 155023239662, False
btc_pax, None, 0.39894, 3574.01, 21, 1, smm_btc, 155023239662, True
btc_pax, None, 0.268881, 3576.65, 23, 1, smm_btc, 155023238058, True
btc_pax, None, 0.268881, 3576.64, 23, 1, smm_btc, 155023240565, False
btc_pax, None, 0.268881, 3576.64, 23, 1, smm_btc, 155023240565, True
btc_pax, None, 0.39894, 3574.01, 21, 1, smm_btc, 155023241167, False
btc_pax, None, 0.268881, 3576.63, 23, 1, smm_btc, 155023241168, False
btc_pax, None, 0.39894, 3574.01, 21, 1, smm_btc, 155023241167, True
btc_pax, None, 0.39894, 3573.96, 21, 1, smm_btc, 155023241870, False
btc_pax, None, 0.268881, 3576.63, 23, 1, smm_btc, 155023241168, True
btc_pax, None, 0.39894, 3573.96, 21, 1, smm_btc, 155023241870, True
btc_pax, None, 0.268881, 3576.66, 23, 1, smm_btc, 155023242173, False
btc_pax, None, 0.39894, 3566.99, 21, 1, smm_btc, 155023242874, False
btc_pax, None, 0.268881, 3576.66, 23, 1, smm_btc, 155023242173, True
btc_pax, None, 0.39894, 3566.99, 21, 1, smm_btc, 155023242874, True
btc_pax, None, 0.39894, 3574.0, 21, 1, smm_btc, 155023243577, False
btc_pax, None, 0.268881, 3576.63, 23, 1, smm_btc, 155023243578, False
btc_pax, None, 0.39894, 3574.0, 21, 1, smm_btc, 155023243577, True
btc_pax, None, 0.268881, 3576.63, 23, 1, smm_btc, 155023243578, True
btc_pax, None, 0.39894, 3573.97, 21, 1, smm_btc, 155023244181, False
btc_pax, None, 0.268881, 3576.65, 23, 1, smm_btc, 155023244182, False
btc_pax, None, 0.268881, 3576.65, 23, 1, smm_btc, 155023244182, True
btc_pax, None, 0.39894, 3573.97, 21, 1, smm_btc, 155023244181, True
btc_pax, None, 0.268881, 3576.62, 23, 1, smm_btc, 155023246185, False
btc_pax, None, 0.39894, 3573.97, 21, 1, smm_btc, 155023246586, False
btc_pax, None, 0.268881, 3576.62, 23, 1, smm_btc, 155023246185, True
btc_pax, None, 0.39894, 3573.97, 21, 1, smm_btc, 155023246586, True
btc_pax, None, 0.268881, 3576.66, 23, 1, smm_btc, 155023246989, False
btc_pax, None, 0.39894, 3573.97, 21, 1, smm_btc, 155023247190, False
btc_pax, None, 0.268881, 3576.66, 23, 1, smm_btc, 155023246989, True
btc_pax, None, 0.39894, 3573.97, 21, 1, smm_btc, 155023247190, True
btc_pax, None, 0.268881, 3576.62, 23, 1, smm_btc, 155023247693, False
btc_pax, None, 0.39894, 3574.0, 21, 1, smm_btc, 155023247994, False
btc_pax, None, 0.268881, 3576.62, 23, 1, smm_btc, 155023247693, True
btc_pax, None, 0.268881, 3576.61, 23, 1, smm_btc, 155023248296, False
btc_pax, None, 0.39894, 3574.0, 21, 1, smm_btc, 155023247994, True
btc_pax, None, 0.268881, 3576.61, 23, 1, smm_btc, 155023248296, True
btc_pax, None, 0.39894, 3576.82, 21, 1, smm_btc, 155023249299, False
btc_pax, None, 0.062304, 3586.4, 23, 1, smm_btc, 155023249200, False
btc_pax, None, 0.39894, 3576.82, 21, 1, smm_btc, 155023249299, True
btc_pax, None, 0.39894, 3576.95, 21, 1, smm_btc, 155023249802, False
btc_pax, None, 0.062304, 3586.4, 23, 1, smm_btc, 155023249200, True
btc_pax, None, 0.062304, 3585.79, 23, 1, smm_btc, 155023250104, False
btc_pax, None, 0.39894, 3576.95, 21, 1, smm_btc, 155023249802, True
btc_pax, None, 0.062304, 3585.79, 23, 1, smm_btc, 155023250104, True
btc_pax, None, 0.39894, 3576.97, 21, 1, smm_btc, 155023251307, False
btc_pax, None, 0.062304, 3586.73, 23, 1, smm_btc, 155023251308, False
btc_pax, None, 0.39894, 3576.97, 21, 1, smm_btc, 155023251307, True
btc_pax, None, 0.062304, 3586.73, 23, 1, smm_btc, 155023251308, True
btc_pax, None, 0.39894, 3577.19, 21, 1, smm_btc, 155023252511, False
btc_pax, None, 0.062304, 3586.75, 23, 1, smm_btc, 155023252512, False
btc_pax, None, 0.39894, 3577.19, 21, 1, smm_btc, 155023252511, True
btc_pax, None, 0.39894, 3577.4, 21, 1, smm_btc, 155023253314, False
btc_pax, None, 0.39894, 3577.4, 21, 1, smm_btc, 155023253314, True
btc_pax, None, 0.062304, 3586.75, 23, 1, smm_btc, 155023252512, True
btc_pax, None, 0.39894, 3577.46, 21, 1, smm_btc, 155023254217, False
btc_pax, None, 0.062304, 3586.75, 23, 1, smm_btc, 155023254218, False
btc_pax, None, 0.39894, 3577.46, 21, 1, smm_btc, 155023254217, True
btc_pax, None, 0.062304, 3586.75, 23, 1, smm_btc, 155023254218, True
btc_pax, None, 0.39894, 3576.95, 21, 1, smm_btc, 155023254921, False
btc_pax, None, 0.062304, 3587.6, 23, 1, smm_btc, 155023254922, False
btc_pax, None, 0.39894, 3576.95, 21, 1, smm_btc, 155023254921, True
btc_pax, None, 0.062304, 3587.6, 23, 1, smm_btc, 155023254922, True
btc_pax, None, 0.39894, 3576.99, 21, 1, smm_btc, 155023255625, False
btc_pax, None, 0.062304, 3587.6, 23, 1, smm_btc, 155023255626, False
btc_pax, None, 0.39894, 3576.99, 21, 1, smm_btc, 155023255625, True
btc_pax, None, 0.39894, 3577.18, 21, 1, smm_btc, 155023256428, False
btc_pax, None, 0.39894, 3577.18, 21, 1, smm_btc, 155023256428, True
btc_pax, None, 0.39894, 3577.71, 21, 1, smm_btc, 155023257030, False
btc_pax, None, 0.062304, 3587.6, 23, 1, smm_btc, 155023255626, True
btc_pax, None, 0.39894, 3577.71, 21, 1, smm_btc, 155023257030, True
btc_pax, None, 0.062304, 3587.87, 23, 1, smm_btc, 155023257333, False
btc_pax, None, 0.39894, 3578.2, 21, 1, smm_btc, 155023258234, False
btc_pax, None, 0.39894, 3578.2, 21, 1, smm_btc, 155023258234, True
btc_pax, None, 0.062304, 3587.87, 23, 1, smm_btc, 155023257333, True
btc_pax, None, 0.39894, 3578.25, 21, 1, smm_btc, 155023258837, False
btc_pax, None, 0.062304, 3588.42, 23, 1, smm_btc, 155023258838, False
btc_pax, None, 0.39894, 3578.25, 21, 1, smm_btc, 155023258837, True
btc_pax, None, 0.062304, 3588.42, 23, 1, smm_btc, 155023258838, True
btc_pax, None, 0.39894, 3578.4, 21, 1, smm_btc, 155023259441, False
btc_pax, None, 0.062304, 3588.37, 23, 1, smm_btc, 155023259442, False
btc_pax, None, 0.39894, 3578.4, 21, 1, smm_btc, 155023259441, True
btc_pax, None, 0.062304, 3588.37, 23, 1, smm_btc, 155023259442, True
btc_pax, None, 0.39894, 3578.42, 21, 1, smm_btc, 155023260045, False
btc_pax, None, 0.062304, 3589.11, 23, 1, smm_btc, 155023260046, False
btc_pax, None, 0.39894, 3578.42, 21, 1, smm_btc, 155023260045, True
btc_pax, None, 0.062304, 3589.11, 23, 1, smm_btc, 155023260046, True
btc_pax, None, 0.39894, 3578.14, 21, 1, smm_btc, 155023260849, False
btc_pax, None, 0.062304, 3588.37, 23, 1, smm_btc, 155023260850, False
btc_pax, None, 0.39894, 3578.14, 21, 1, smm_btc, 155023260849, True
btc_pax, None, 0.39894, 3578.2, 21, 1, smm_btc, 155023261452, False
btc_pax, None, 0.39894, 3578.2, 21, 1, smm_btc, 155023261452, True
btc_pax, None, 0.39894, 3578.16, 21, 1, smm_btc, 155023262154, False
btc_pax, None, 0.062304, 3588.37, 23, 1, smm_btc, 155023260850, True
btc_pax, None, 0.39894, 3578.16, 21, 1, smm_btc, 155023262154, True
btc_pax, None, 0.062304, 3588.37, 23, 1, smm_btc, 155023262457, False
btc_pax, None, 0.39894, 3578.18, 21, 1, smm_btc, 155023262758, False
btc_pax, None, 0.062304, 3588.37, 23, 1, smm_btc, 155023262457, True
btc_pax, None, 0.062304, 3588.42, 23, 1, smm_btc, 155023263060, False
btc_pax, None, 0.062304, 3588.42, 23, 1, smm_btc, 155023263060, True
btc_pax, None, 0.062304, 3587.6, 23, 1, smm_btc, 155023264862, False
btc_pax, None, 0.8, 3566.58, 21, 1, smm_btc, 155023265563, False
btc_pax, None, 0.062304, 3587.6, 23, 1, smm_btc, 155023264862, True
btc_pax, None, 0.8, 3566.58, 21, 1, smm_btc, 155023265563, True
btc_pax, None, 0.062304, 3586.75, 23, 1, smm_btc, 155023265966, False
btc_pax, None, 0.8, 3567.47, 21, 1, smm_btc, 155023266267, False
btc_pax, None, 0.062304, 3586.75, 23, 1, smm_btc, 155023265966, True
btc_pax, None, 0.8, 3567.47, 21, 1, smm_btc, 155023266267, True
btc_pax, None, 0.062304, 3579.28, 23, 1, smm_btc, 155023266570, False
btc_pax, None, 0.8, 3576.69, 21, 1, smm_btc, 155023266871, False
btc_pax, None, 0.062304, 3579.28, 23, 1, smm_btc, 155023266570, True
btc_pax, None, 0.8, 3576.69, 21, 1, smm_btc, 155023266871, True
btc_pax, None, 0.062304, 3579.33, 23, 1, smm_btc, 155023267374, False
btc_pax, None, 0.8, 3576.68, 21, 1, smm_btc, 155023267775, False
btc_pax, None, 0.062304, 3579.33, 23, 1, smm_btc, 155023267374, True
btc_pax, None, 0.062304, 3579.62, 23, 1, smm_btc, 155023268377, False
btc_pax, None, 0.8, 3576.68, 21, 1, smm_btc, 155023267775, True
btc_pax, None, 0.062304, 3579.62, 23, 1, smm_btc, 155023268377, True
btc_pax, None, 0.8, 3576.73, 21, 1, smm_btc, 155023269480, False
btc_pax, None, 0.062304, 3579.65, 23, 1, smm_btc, 155023269581, False
btc_pax, None, 0.8, 3576.73, 21, 1, smm_btc, 155023269480, True
btc_pax, None, 0.062304, 3579.65, 23, 1, smm_btc, 155023269581, True
btc_pax, None, 0.8, 3566.99, 21, 1, smm_btc, 155023270984, False
btc_pax, None, 0.062304, 3588.37, 23, 1, smm_btc, 155023270985, False
btc_pax, None, 0.8, 3566.99, 21, 1, smm_btc, 155023270984, True
btc_pax, None, 0.062304, 3588.37, 23, 1, smm_btc, 155023270985, True
btc_pax, None, 0.8, 3576.75, 21, 1, smm_btc, 155023272288, False
btc_pax, None, 0.062304, 3579.61, 23, 1, smm_btc, 155023272289, False
btc_pax, None, 0.8, 3576.75, 21, 1, smm_btc, 155023272288, True
btc_pax, None, 0.8, 3576.73, 21, 1, smm_btc, 155023272891, False
btc_pax, None, 0.062304, 3579.61, 23, 1, smm_btc, 155023272289, True
btc_pax, None, 0.062304, 3579.63, 23, 1, smm_btc, 155023273693, False
btc_pax, None, 0.8, 3576.73, 21, 1, smm_btc, 155023272891, True
btc_pax, None, 0.062304, 3579.63, 23, 1, smm_btc, 155023273693, True
btc_pax, None, 0.062304, 3579.66, 23, 1, smm_btc, 155023274796, False
btc_pax, None, 0.062304, 3579.66, 23, 1, smm_btc, 155023274796, True
btc_pax, None, 0.8, 3576.73, 21, 1, smm_btc, 155023275398, False
btc_pax, None, 0.062304, 3579.61, 23, 1, smm_btc, 155023275399, False
btc_pax, None, 0.062304, 3579.61, 23, 1, smm_btc, 155023275399, True
btc_pax, None, 0.062304, 3579.66, 23, 1, smm_btc, 155023275901, False
btc_pax, None, 0.8, 3576.73, 21, 1, smm_btc, 155023275398, True
btc_pax, None, 0.062304, 3579.66, 23, 1, smm_btc, 155023275901, True
btc_pax, None, 0.8, 3567.47, 21, 1, smm_btc, 155023276904, False
btc_pax, None, 0.062304, 3588.47, 23, 1, smm_btc, 155023276905, False
btc_pax, None, 0.062304, 3588.47, 23, 1, smm_btc, 155023276905, True
btc_pax, None, 0.062304, 3588.11, 23, 1, smm_btc, 155023277507, False
btc_pax, None, 0.8, 3567.47, 21, 1, smm_btc, 155023276904, True
btc_pax, None, 0.8, 3576.73, 21, 1, smm_btc, 155023278109, False
btc_pax, None, 0.062304, 3588.11, 23, 1, smm_btc, 155023277507, True
btc_pax, None, 0.062304, 3579.61, 23, 1, smm_btc, 155023279411, False
btc_pax, None, 0.8, 3576.73, 21, 1, smm_btc, 155023278109, True
btc_pax, None, 0.062304, 3579.61, 23, 1, smm_btc, 155023279411, True
btc_pax, None, 0.062304, 3579.66, 23, 1, smm_btc, 155023282114, False
btc_pax, None, 0.062304, 3579.66, 23, 1, smm_btc, 155023282114, True
btc_pax, None, 0.062304, 3579.61, 23, 1, smm_btc, 155023282716, False
btc_pax, None, 0.062304, 3579.61, 23, 1, smm_btc, 155023282716, True
btc_pax, None, 0.062304, 3579.62, 23, 1, smm_btc, 155023283618, False
btc_pax, None, 0.8, 3576.73, 21, 1, smm_btc, 155023283919, False
btc_pax, None, 0.062304, 3579.62, 23, 1, smm_btc, 155023283618, True
btc_pax, None, 0.062304, 3579.64, 23, 1, smm_btc, 155023284221, False
btc_pax, None, 0.062304, 3579.64, 23, 1, smm_btc, 155023284221, True
btc_pax, None, 0.062304, 3579.62, 23, 1, smm_btc, 155023285223, False
btc_pax, None, 0.8, 3576.73, 21, 1, smm_btc, 155023283919, True
btc_pax, None, 0.8, 3577.98, 21, 1, smm_btc, 155023288425, False
btc_pax, None, 0.8, 3577.98, 21, 1, smm_btc, 155023288425, True
btc_pax, None, 0.8, 3578.43, 21, 1, smm_btc, 155023296227, False
btc_pax, None, 0.8, 3580.63, 23, 1, smm_btc, 155023299228, False
btc_pax, None, 0.8, 3578.43, 21, 1, smm_btc, 155023296227, True
btc_pax, None, 0.8, 3580.63, 23, 1, smm_btc, 155023299228, True
btc_pax, None, 0.8, 3578.93, 21, 1, smm_btc, 155023299831, False
btc_pax, None, 0.8, 3580.63, 23, 1, smm_btc, 155023299832, False
btc_pax, None, 0.8, 3578.93, 21, 1, smm_btc, 155023299831, True
btc_pax, None, 0.8, 3580.63, 23, 1, smm_btc, 155023299832, True
btc_pax, None, 0.8, 3578.96, 21, 1, smm_btc, 155023300835, False
btc_pax, None, 0.8, 3580.6, 23, 1, smm_btc, 155023300836, False
btc_pax, None, 0.8, 3578.96, 21, 1, smm_btc, 155023300835, True
btc_pax, None, 0.8, 3580.6, 23, 1, smm_btc, 155023300836, True
btc_pax, None, 0.8, 3579.12, 21, 1, smm_btc, 155023301839, False
btc_pax, None, 0.8, 3580.65, 23, 1, smm_btc, 155023301840, False
btc_pax, None, 0.8, 3579.12, 21, 1, smm_btc, 155023301839, True
btc_pax, None, 0.8, 3580.65, 23, 1, smm_btc, 155023301840, True
btc_pax, None, 0.8, 3579.01, 21, 1, smm_btc, 155023302543, False
btc_pax, None, 0.8, 3580.6, 23, 1, smm_btc, 155023302544, False
btc_pax, None, 0.8, 3580.6, 23, 1, smm_btc, 155023302544, True
btc_pax, None, 0.8, 3580.6, 23, 1, smm_btc, 155023309046, False
btc_pax, None, 0.8, 3579.01, 21, 1, smm_btc, 155023302543, True
btc_pax, None, 0.8, 3577.98, 21, 1, smm_btc, 155023312948, False
btc_pax, None, 0.8, 3580.6, 23, 1, smm_btc, 155023309046, True
btc_pax, None, 0.8, 3581.54, 23, 1, smm_btc, 155023315350, False
btc_pax, None, 0.8, 3581.54, 23, 1, smm_btc, 155023315350, True
btc_pax, None, 0.8, 3581.05, 23, 1, smm_btc, 155023318852, False
btc_pax, None, 0.8, 3577.98, 21, 1, smm_btc, 155023312948, True
btc_pax, None, 0.8, 3581.05, 23, 1, smm_btc, 155023318852, True
btc_pax, None, 0.8, 3570.72, 21, 1, smm_btc, 155023322355, False
btc_pax, None, 0.8, 3589.11, 23, 1, smm_btc, 155023322356, False
btc_pax, None, 0.8, 3589.11, 23, 1, smm_btc, 155023322356, True
btc_pax, None, 0.8, 3580.84, 23, 1, smm_btc, 155023323558, False
btc_pax, None, 0.8, 3570.72, 21, 1, smm_btc, 155023322355, True
btc_pax, None, 0.8, 3580.84, 23, 1, smm_btc, 155023323558, True
btc_pax, None, 0.8, 3577.95, 21, 1, smm_btc, 155023324161, False
btc_pax, None, 0.8, 3580.87, 23, 1, smm_btc, 155023324162, False
btc_pax, None, 0.8, 3577.95, 21, 1, smm_btc, 155023324161, True
btc_pax, None, 0.8, 3580.87, 23, 1, smm_btc, 155023324162, True
btc_pax, None, 0.8, 3577.98, 21, 1, smm_btc, 155023325465, False
btc_pax, None, 0.8, 3580.84, 23, 1, smm_btc, 155023325466, False
btc_pax, None, 0.8, 3580.84, 23, 1, smm_btc, 155023325466, True
btc_pax, None, 0.8, 3577.98, 21, 1, smm_btc, 155023325465, True
btc_pax, None, 0.8, 3580.86, 23, 1, smm_btc, 155023328269, False
btc_pax, None, 0.8, 3577.93, 21, 1, smm_btc, 155023328570, False
btc_pax, None, 0.8, 3580.86, 23, 1, smm_btc, 155023328269, True
btc_pax, None, 0.8, 3577.93, 21, 1, smm_btc, 155023328570, True
btc_pax, None, 0.8, 3580.87, 23, 1, smm_btc, 155023328973, False
btc_pax, None, 0.8, 3577.95, 21, 1, smm_btc, 155023329574, False
btc_pax, None, 0.8, 3580.87, 23, 1, smm_btc, 155023328973, True
btc_pax, None, 0.8, 3577.95, 21, 1, smm_btc, 155023329574, True
btc_pax, None, 0.8, 3580.83, 23, 1, smm_btc, 155023329977, False
btc_pax, None, 0.8, 3577.98, 21, 1, smm_btc, 155023330478, False
btc_pax, None, 0.8, 3580.83, 23, 1, smm_btc, 155023329977, True
btc_pax, None, 0.8, 3580.82, 23, 1, smm_btc, 155023331080, False
btc_pax, None, 0.8, 3580.82, 23, 1, smm_btc, 155023331080, True
btc_pax, None, 0.8, 3577.98, 21, 1, smm_btc, 155023330478, True
btc_pax, None, 0.8, 3588.87, 23, 1, smm_btc, 155023332783, False
btc_pax, None, 0.8, 3577.95, 21, 1, smm_btc, 155023333084, False
btc_pax, None, 0.8, 3588.87, 23, 1, smm_btc, 155023332783, True
btc_pax, None, 0.8, 3577.95, 21, 1, smm_btc, 155023333084, True
btc_pax, None, 0.8, 3579.85, 23, 1, smm_btc, 155023333387, False
btc_pax, None, 0.8, 3577.98, 21, 1, smm_btc, 155023333688, False
btc_pax, None, 0.8, 3577.98, 21, 1, smm_btc, 155023333688, True
btc_pax, None, 0.8, 3579.85, 23, 1, smm_btc, 155023333387, True
btc_pax, None, 0.8, 3577.93, 21, 1, smm_btc, 155023335291, False
btc_pax, None, 0.8, 3577.93, 21, 1, smm_btc, 155023335291, True
btc_pax, None, 0.8, 3577.98, 21, 1, smm_btc, 155023335893, False
btc_pax, None, 0.8, 3579.85, 23, 1, smm_btc, 155023335894, False
btc_pax, None, 0.8, 3577.98, 21, 1, smm_btc, 155023335893, True
btc_pax, None, 0.8, 3579.85, 23, 1, smm_btc, 155023335894, True
btc_pax, None, 0.8, 3577.95, 21, 1, smm_btc, 155023336497, False
btc_pax, None, 0.8, 3579.88, 23, 1, smm_btc, 155023336498, False
btc_pax, None, 0.8, 3577.95, 21, 1, smm_btc, 155023336497, True
btc_pax, None, 0.8, 3579.88, 23, 1, smm_btc, 155023336498, True
btc_pax, None, 0.8, 3577.98, 21, 1, smm_btc, 155023337301, False
btc_pax, None, 0.8, 3579.85, 23, 1, smm_btc, 155023337302, False
btc_pax, None, 0.8, 3577.98, 21, 1, smm_btc, 155023337301, True
btc_pax, None, 0.8, 3579.85, 23, 1, smm_btc, 155023337302, True
btc_pax, None, 0.8, 3577.93, 21, 1, smm_btc, 155023339905, False
btc_pax, None, 0.8, 3579.45, 23, 1, smm_btc, 155023339906, False
btc_pax, None, 0.8, 3577.93, 21, 1, smm_btc, 155023339905, True
btc_pax, None, 0.8, 3579.45, 23, 1, smm_btc, 155023339906, True
btc_pax, None, 0.8, 3579.4, 23, 1, smm_btc, 155023340709, False
btc_pax, None, 0.8, 3577.98, 21, 1, smm_btc, 155023341010, False
btc_pax, None, 0.8, 3579.4, 23, 1, smm_btc, 155023340709, True
btc_pax, None, 0.8, 3581.04, 23, 1, smm_btc, 155023343312, False
btc_pax, None, 0.8, 3577.98, 21, 1, smm_btc, 155023341010, True
btc_pax, None, 0.8, 3578.01, 21, 1, smm_btc, 155023344214, False
btc_pax, None, 0.8, 3581.04, 23, 1, smm_btc, 155023343312, True
btc_pax, None, 0.8, 3581.03, 23, 1, smm_btc, 155023346116, False
btc_pax, None, 0.8, 3581.03, 23, 1, smm_btc, 155023346116, True
btc_pax, None, 0.8, 3581.02, 23, 1, smm_btc, 155023349518, False
btc_pax, None, 0.8, 3581.02, 23, 1, smm_btc, 155023349518, True
btc_pax, None, 0.8, 3581.01, 23, 1, smm_btc, 155023351020, False
btc_pax, None, 0.8, 3578.01, 21, 1, smm_btc, 155023344214, True
btc_pax, None, 0.8, 3581.01, 23, 1, smm_btc, 155023351020, True
btc_pax, None, 0.8, 3577.97, 21, 1, smm_btc, 155023352423, False
btc_pax, None, 0.8, 3581.05, 23, 1, smm_btc, 155023352424, False
btc_pax, None, 0.8, 3581.05, 23, 1, smm_btc, 155023352424, True
btc_pax, None, 0.8, 3581.01, 23, 1, smm_btc, 155023353726, False
btc_pax, None, 0.8, 3577.97, 21, 1, smm_btc, 155023352423, True
btc_pax, None, 0.8, 3578.01, 21, 1, smm_btc, 155023355328, False
btc_pax, None, 0.8, 3581.01, 23, 1, smm_btc, 155023353726, True
btc_pax, None, 0.8, 3578.01, 21, 1, smm_btc, 155023355328, True
btc_pax, None, 0.8, 3581.05, 23, 1, smm_btc, 155023355631, False
btc_pax, None, 0.8, 3581.05, 23, 1, smm_btc, 155023355631, True
btc_pax, None, 0.8, 3581.57, 23, 1, smm_btc, 155023356233, False
btc_pax, None, 0.8, 3577.95, 21, 1, smm_btc, 155023356634, False
btc_pax, None, 0.8, 3577.95, 21, 1, smm_btc, 155023356634, True
btc_pax, None, 0.8, 3581.57, 23, 1, smm_btc, 155023356233, True
btc_pax, None, 0.8, 3577.98, 21, 1, smm_btc, 155023357237, False
btc_pax, None, 0.8, 3581.54, 23, 1, smm_btc, 155023357238, False
btc_pax, None, 0.8, 3577.98, 21, 1, smm_btc, 155023357237, True
btc_pax, None, 0.8, 3581.54, 23, 1, smm_btc, 155023357238, True
btc_pax, None, 0.8, 3578.31, 21, 1, smm_btc, 155023360941, False
btc_pax, None, 0.8, 3581.55, 23, 1, smm_btc, 155023360942, False
btc_pax, None, 0.8, 3578.31, 21, 1, smm_btc, 155023360941, True
btc_pax, None, 0.8, 3577.98, 21, 1, smm_btc, 155023361944, False
btc_pax, None, 0.8, 3581.55, 23, 1, smm_btc, 155023360942, True
btc_pax, None, 0.8, 3581.53, 23, 1, smm_btc, 155023362246, False
btc_pax, None, 0.8, 3581.53, 23, 1, smm_btc, 155023362246, True
btc_pax, None, 0.8, 3577.98, 21, 1, smm_btc, 155023361944, True
btc_pax, None, 0.8, 3581.52, 23, 1, smm_btc, 155023363549, False
btc_pax, None, 0.8, 3578.41, 21, 1, smm_btc, 155023363850, False
btc_pax, None, 0.8, 3578.41, 21, 1, smm_btc, 155023363850, True
btc_pax, None, 0.8, 3581.52, 23, 1, smm_btc, 155023363549, True
btc_pax, None, 0.8, 3581.57, 23, 1, smm_btc, 155023366853, False
btc_pax, None, 0.8, 3577.93, 21, 1, smm_btc, 155023367954, False
btc_pax, None, 0.8, 3577.93, 21, 1, smm_btc, 155023367954, True
btc_pax, None, 0.8, 3581.57, 23, 1, smm_btc, 155023366853, True
btc_pax, None, 0.8, 3570.68, 21, 1, smm_btc, 155023368557, False
btc_pax, None, 0.8, 3588.37, 23, 1, smm_btc, 155023368558, False
btc_pax, None, 0.8, 3570.68, 21, 1, smm_btc, 155023368557, True
btc_pax, None, 0.8, 3588.37, 23, 1, smm_btc, 155023368558, True
btc_pax, None, 0.8, 3570.24, 21, 1, smm_btc, 155023369161, False
btc_pax, None, 0.8, 3589.11, 23, 1, smm_btc, 155023369162, False
btc_pax, None, 0.8, 3570.24, 21, 1, smm_btc, 155023369161, True
btc_pax, None, 0.8, 3589.11, 23, 1, smm_btc, 155023369162, True
btc_pax, None, 0.8, 3581.52, 23, 1, smm_btc, 155023369765, False
btc_pax, None, 0.8, 3577.98, 21, 1, smm_btc, 155023370166, False
btc_pax, None, 0.8, 3581.52, 23, 1, smm_btc, 155023369765, True
btc_pax, None, 0.8, 3577.98, 21, 1, smm_btc, 155023370166, True
btc_pax, None, 0.8, 3581.56, 23, 1, smm_btc, 155023370469, False
btc_pax, None, 0.8, 3577.93, 21, 1, smm_btc, 155023370870, False
btc_pax, None, 0.8, 3577.93, 21, 1, smm_btc, 155023370870, True
btc_pax, None, 0.8, 3581.56, 23, 1, smm_btc, 155023370469, True
btc_pax, None, 0.8, 3581.51, 23, 1, smm_btc, 155023371573, False
btc_pax, None, 0.8, 3581.51, 23, 1, smm_btc, 155023371573, True
btc_pax, None, 0.8, 3577.98, 21, 1, smm_btc, 155023372575, False
btc_pax, None, 0.8, 3581.83, 23, 1, smm_btc, 155023372576, False
btc_pax, None, 0.8, 3577.98, 21, 1, smm_btc, 155023372575, True
btc_pax, None, 0.8, 3581.83, 23, 1, smm_btc, 155023372576, True
btc_pax, None, 0.8, 3578.99, 21, 1, smm_btc, 155023375179, False
btc_pax, None, 0.8, 3581.88, 23, 1, smm_btc, 155023375180, False
btc_pax, None, 0.8, 3578.99, 21, 1, smm_btc, 155023375179, True
btc_pax, None, 0.8, 3581.88, 23, 1, smm_btc, 155023375180, True
btc_pax, None, 0.8, 3577.98, 21, 1, smm_btc, 155023376583, False
btc_pax, None, 0.8, 3581.83, 23, 1, smm_btc, 155023376584, False
btc_pax, None, 0.8, 3581.83, 23, 1, smm_btc, 155023376584, True
btc_pax, None, 0.8, 3581.84, 23, 1, smm_btc, 155023377186, False
btc_pax, None, 0.8, 3577.98, 21, 1, smm_btc, 155023376583, True
btc_pax, None, 0.8, 3578.75, 21, 1, smm_btc, 155023378888, False
btc_pax, None, 0.8, 3578.75, 21, 1, smm_btc, 155023378888, True
btc_pax, None, 0.8, 3581.84, 23, 1, smm_btc, 155023377186, True
btc_pax, None, 0.8, 3578.72, 21, 1, smm_btc, 155023380291, False
btc_pax, None, 0.8, 3581.87, 23, 1, smm_btc, 155023380292, False
btc_pax, None, 0.8, 3581.87, 23, 1, smm_btc, 155023380292, True
btc_pax, None, 0.8, 3581.88, 23, 1, smm_btc, 155023381994, False
btc_pax, None, 0.8, 3581.88, 23, 1, smm_btc, 155023381994, True
btc_pax, None, 0.8, 3581.84, 23, 1, smm_btc, 155023382696, False
btc_pax, None, 0.8, 3578.72, 21, 1, smm_btc, 155023380291, True
btc_pax, None, 0.8, 3578.75, 21, 1, smm_btc, 155023383998, False
btc_pax, None, 0.8, 3578.75, 21, 1, smm_btc, 155023383998, True
btc_pax, None, 0.8, 3577.98, 21, 1, smm_btc, 155023393400, False
btc_pax, None, 0.8, 3577.98, 21, 1, smm_btc, 155023393400, True
btc_pax, None, 0.8, 3581.84, 23, 1, smm_btc, 155023382696, True
btc_pax, None, 0.8, 3577.94, 21, 1, smm_btc, 155023396203, False
btc_pax, None, 0.8, 3581.88, 23, 1, smm_btc, 155023396204, False
btc_pax, None, 0.8, 3577.94, 21, 1, smm_btc, 155023396203, True
btc_pax, None, 0.8, 3581.88, 23, 1, smm_btc, 155023396204, True
btc_pax, None, 0.8, 3571.88, 21, 1, smm_btc, 155023398007, False
btc_pax, None, 0.8, 3590.9, 23, 1, smm_btc, 155023398008, False
btc_pax, None, 0.8, 3590.9, 23, 1, smm_btc, 155023398008, True
btc_pax, None, 0.8, 3583.45, 23, 1, smm_btc, 155023398610, False
btc_pax, None, 0.8, 3583.45, 23, 1, smm_btc, 155023398610, True
btc_pax, None, 0.8, 3583.48, 23, 1, smm_btc, 155023399212, False
btc_pax, None, 0.8, 3583.48, 23, 1, smm_btc, 155023399212, True
btc_pax, None, 0.8, 3571.88, 21, 1, smm_btc, 155023398007, True
btc_pax, None, 0.8, 3583.49, 23, 1, smm_btc, 155023401115, False
btc_pax, None, 0.8, 3579.36, 21, 1, smm_btc, 155023401516, False
btc_pax, None, 0.8, 3583.49, 23, 1, smm_btc, 155023401115, True
btc_pax, None, 0.8, 3583.44, 23, 1, smm_btc, 155023401818, False
btc_pax, None, 0.8, 3583.44, 23, 1, smm_btc, 155023401818, True
btc_pax, None, 0.8, 3579.36, 21, 1, smm_btc, 155023401516, True
btc_pax, None, 0.8, 3583.49, 23, 1, smm_btc, 155023402421, False
btc_pax, None, 0.8, 3579.32, 21, 1, smm_btc, 155023402722, False
btc_pax, None, 0.8, 3583.49, 23, 1, smm_btc, 155023402421, True
btc_pax, None, 0.8, 3583.99, 23, 1, smm_btc, 155023403324, False
btc_pax, None, 0.8, 3579.32, 21, 1, smm_btc, 155023402722, True
btc_pax, None, 0.8, 3583.99, 23, 1, smm_btc, 155023403324, True
btc_pax, None, 0.8, 3579.32, 21, 1, smm_btc, 155023403927, False
btc_pax, None, 0.8, 3583.99, 23, 1, smm_btc, 155023404028, False
btc_pax, None, 0.8, 3579.32, 21, 1, smm_btc, 155023403927, True
btc_pax, None, 0.8, 3583.99, 23, 1, smm_btc, 155023404028, True
btc_pax, None, 0.8, 3579.36, 21, 1, smm_btc, 155023404731, False
btc_pax, None, 0.8, 3583.95, 23, 1, smm_btc, 155023404732, False
btc_pax, None, 0.8, 3579.36, 21, 1, smm_btc, 155023404731, True
btc_pax, None, 0.8, 3583.95, 23, 1, smm_btc, 155023404732, True
btc_pax, None, 0.8, 3571.38, 21, 1, smm_btc, 155023411735, False
btc_pax, None, 0.8, 3590.78, 23, 1, smm_btc, 155023411736, False
btc_pax, None, 0.8, 3590.78, 23, 1, smm_btc, 155023411736, True
btc_pax, None, 0.8, 3583.41, 23, 1, smm_btc, 155023412638, False
btc_pax, None, 0.8, 3571.38, 21, 1, smm_btc, 155023411735, True
btc_pax, None, 0.8, 3579.36, 21, 1, smm_btc, 155023415540, False
btc_pax, None, 0.8, 3579.36, 21, 1, smm_btc, 155023415540, True
btc_pax, None, 0.8, 3571.88, 21, 1, smm_btc, 155023418442, False
btc_pax, None, 0.8, 3583.41, 23, 1, smm_btc, 155023412638, True
btc_pax, None, 0.8, 3571.88, 21, 1, smm_btc, 155023418442, True
btc_pax, None, 0.8, 3583.45, 23, 1, smm_btc, 155023418745, False
btc_pax, None, 0.8, 3579.33, 21, 1, smm_btc, 155023419146, False
btc_pax, None, 0.8, 3583.45, 23, 1, smm_btc, 155023418745, True
btc_pax, None, 0.8, 3583.45, 23, 1, smm_btc, 155023419448, False
btc_pax, None, 0.8, 3579.33, 21, 1, smm_btc, 155023419146, True
btc_pax, None, 0.8, 3579.33, 21, 1, smm_btc, 155023420250, False
btc_pax, None, 0.8, 3583.45, 23, 1, smm_btc, 155023419448, True
btc_pax, None, 0.8, 3579.33, 21, 1, smm_btc, 155023420250, True
btc_pax, None, 0.8, 3583.41, 23, 1, smm_btc, 155023420553, False
btc_pax, None, 0.8, 3579.36, 21, 1, smm_btc, 155023420954, False
btc_pax, None, 0.8, 3579.36, 21, 1, smm_btc, 155023420954, True
btc_pax, None, 0.8, 3583.41, 23, 1, smm_btc, 155023420553, True
btc_pax, None, 0.8, 3579.33, 21, 1, smm_btc, 155023422157, False
btc_pax, None, 0.8, 3583.98, 23, 1, smm_btc, 155023422258, False
btc_pax, None, 0.8, 3579.33, 21, 1, smm_btc, 155023422157, True
btc_pax, None, 0.8, 3579.36, 21, 1, smm_btc, 155023423260, False
btc_pax, None, 0.8, 3583.98, 23, 1, smm_btc, 155023422258, True
btc_pax, None, 0.8, 3583.36, 23, 1, smm_btc, 155023423962, False
btc_pax, None, 0.8, 3579.36, 21, 1, smm_btc, 155023423260, True
btc_pax, None, 0.8, 3583.36, 23, 1, smm_btc, 155023423962, True
btc_pax, None, 0.8, 3571.38, 21, 1, smm_btc, 155023425465, False
btc_pax, None, 0.8, 3590.08, 23, 1, smm_btc, 155023425566, False
btc_pax, None, 0.8, 3571.38, 21, 1, smm_btc, 155023425465, True
btc_pax, None, 0.8, 3590.08, 23, 1, smm_btc, 155023425566, True
btc_pax, None, 0.8, 3583.26, 23, 1, smm_btc, 155023426469, False
btc_pax, None, 0.8, 3579.36, 21, 1, smm_btc, 155023427170, False
btc_pax, None, 0.8, 3583.26, 23, 1, smm_btc, 155023426469, True
btc_pax, None, 0.8, 3581.5, 23, 1, smm_btc, 155023428672, False
btc_pax, None, 0.8, 3581.5, 23, 1, smm_btc, 155023428672, True
btc_pax, None, 0.8, 3583.26, 23, 1, smm_btc, 155023429474, False
btc_pax, None, 0.8, 3579.36, 21, 1, smm_btc, 155023427170, True
btc_pax, None, 0.8, 3583.26, 23, 1, smm_btc, 155023429474, True
btc_pax, None, 0.8, 3579.32, 21, 1, smm_btc, 155023431277, False
btc_pax, None, 0.8, 3582.84, 23, 1, smm_btc, 155023431278, False
btc_pax, None, 0.8, 3579.32, 21, 1, smm_btc, 155023431277, True
btc_pax, None, 0.8, 3582.84, 23, 1, smm_btc, 155023431278, True
btc_pax, None, 0.8, 3579.36, 21, 1, smm_btc, 155023431981, False
btc_pax, None, 0.8, 3582.8, 23, 1, smm_btc, 155023431982, False
btc_pax, None, 0.8, 3579.36, 21, 1, smm_btc, 155023431981, True
btc_pax, None, 0.8, 3582.8, 23, 1, smm_btc, 155023431982, True
btc_pax, None, 0.8, 3579.5, 21, 1, smm_btc, 155023434385, False
btc_pax, None, 0.8, 3582.85, 23, 1, smm_btc, 155023434386, False
btc_pax, None, 0.8, 3579.5, 21, 1, smm_btc, 155023434385, True
btc_pax, None, 0.8, 3579.55, 21, 1, smm_btc, 155023435588, False
btc_pax, None, 0.8, 3582.85, 23, 1, smm_btc, 155023434386, True
btc_pax, None, 0.8, 3579.55, 21, 1, smm_btc, 155023435588, True
btc_pax, None, 0.8, 3584.27, 23, 1, smm_btc, 155023436891, False
btc_pax, None, 0.8, 3579.52, 21, 1, smm_btc, 155023437292, False
btc_pax, None, 0.8, 3579.52, 21, 1, smm_btc, 155023437292, True
btc_pax, None, 0.8, 3584.27, 23, 1, smm_btc, 155023436891, True
btc_pax, None, 0.8, 3579.55, 21, 1, smm_btc, 155023438295, False
btc_pax, None, 0.8, 3584.24, 23, 1, smm_btc, 155023438396, False
btc_pax, None, 0.8, 3579.55, 21, 1, smm_btc, 155023438295, True
btc_pax, None, 0.8, 3584.24, 23, 1, smm_btc, 155023438396, True
btc_pax, None, 0.8, 3572.64, 21, 1, smm_btc, 155023442099, False
btc_pax, None, 0.8, 3590.87, 23, 1, smm_btc, 155023442000, False
btc_pax, None, 0.8, 3590.87, 23, 1, smm_btc, 155023442000, True
btc_pax, None, 0.8, 3584.24, 23, 1, smm_btc, 155023442602, False
btc_pax, None, 0.8, 3584.24, 23, 1, smm_btc, 155023442602, True
btc_pax, None, 0.8, 3590.87, 23, 1, smm_btc, 155023443304, False
btc_pax, None, 0.8, 3590.87, 23, 1, smm_btc, 155023443304, True
btc_pax, None, 0.8, 3584.27, 23, 1, smm_btc, 155023443906, False
btc_pax, None, 0.8, 3572.64, 21, 1, smm_btc, 155023442099, True
btc_pax, None, 0.8, 3580.63, 21, 1, smm_btc, 155023444808, False
btc_pax, None, 0.8, 3580.63, 21, 1, smm_btc, 155023444808, True
btc_pax, None, 0.8, 3584.27, 23, 1, smm_btc, 155023443906, True
btc_pax, None, 0.8, 3580.66, 21, 1, smm_btc, 155023446111, False
btc_pax, None, 0.8, 3584.09, 23, 1, smm_btc, 155023446112, False
btc_pax, None, 0.8, 3580.66, 21, 1, smm_btc, 155023446111, True
btc_pax, None, 0.8, 3579.55, 21, 1, smm_btc, 155023447214, False
btc_pax, None, 0.8, 3584.09, 23, 1, smm_btc, 155023446112, True
btc_pax, None, 0.8, 3584.11, 23, 1, smm_btc, 155023454016, False
btc_pax, None, 0.8, 3579.55, 21, 1, smm_btc, 155023447214, True
btc_pax, None, 0.8, 3584.11, 23, 1, smm_btc, 155023454016, True
btc_pax, None, 0.8, 3580.97, 21, 1, smm_btc, 155023454919, False
btc_pax, None, 0.8, 3584.24, 23, 1, smm_btc, 155023454920, False
btc_pax, None, 0.8, 3584.24, 23, 1, smm_btc, 155023454920, True
btc_pax, None, 0.8, 3580.97, 21, 1, smm_btc, 155023454919, True
btc_pax, None, 0.8, 3584.27, 23, 1, smm_btc, 155023455523, False
btc_pax, None, 0.8, 3580.93, 21, 1, smm_btc, 155023456424, False
btc_pax, None, 0.8, 3584.27, 23, 1, smm_btc, 155023455523, True
btc_pax, None, 0.8, 3584.28, 23, 1, smm_btc, 155023456726, False
btc_pax, None, 0.8, 3584.28, 23, 1, smm_btc, 155023456726, True
btc_pax, None, 0.8, 3580.93, 21, 1, smm_btc, 155023456424, True
btc_pax, None, 0.8, 3584.47, 23, 1, smm_btc, 155023458029, False
btc_pax, None, 0.8, 3580.94, 21, 1, smm_btc, 155023458330, False
btc_pax, None, 0.8, 3584.47, 23, 1, smm_btc, 155023458029, True
btc_pax, None, 0.8, 3584.48, 23, 1, smm_btc, 155023460032, False
btc_pax, None, 0.8, 3580.94, 21, 1, smm_btc, 155023458330, True
btc_pax, None, 0.8, 3584.48, 23, 1, smm_btc, 155023460032, True
btc_pax, None, 0.8, 3580.97, 21, 1, smm_btc, 155023460735, False
btc_pax, None, 0.8, 3584.44, 23, 1, smm_btc, 155023460736, False
btc_pax, None, 0.8, 3580.97, 21, 1, smm_btc, 155023460735, True
btc_pax, None, 0.8, 3580.92, 21, 1, smm_btc, 155023462038, False
btc_pax, None, 0.8, 3580.92, 21, 1, smm_btc, 155023462038, True
btc_pax, None, 0.8, 3584.44, 23, 1, smm_btc, 155023460736, True
btc_pax, None, 0.8, 3572.79, 21, 1, smm_btc, 155023462741, False
btc_pax, None, 0.8, 3591.85, 23, 1, smm_btc, 155023462742, False
btc_pax, None, 0.8, 3572.79, 21, 1, smm_btc, 155023462741, True
btc_pax, None, 0.8, 3591.85, 23, 1, smm_btc, 155023462742, True
btc_pax, None, 0.8, 3580.94, 21, 1, smm_btc, 155023463345, False
btc_pax, None, 0.8, 3584.47, 23, 1, smm_btc, 155023463646, False
btc_pax, None, 0.8, 3580.94, 21, 1, smm_btc, 155023463345, True
btc_pax, None, 0.8, 3584.47, 23, 1, smm_btc, 155023463646, True
btc_pax, None, 0.8, 3580.97, 21, 1, smm_btc, 155023464349, False
btc_pax, None, 0.8, 3584.46, 23, 1, smm_btc, 155023464450, False
btc_pax, None, 0.8, 3580.97, 21, 1, smm_btc, 155023464349, True
btc_pax, None, 0.8, 3584.46, 23, 1, smm_btc, 155023464450, True
btc_pax, None, 0.8, 3580.93, 21, 1, smm_btc, 155023465653, False
btc_pax, None, 0.8, 3584.46, 23, 1, smm_btc, 155023465754, False
btc_pax, None, 0.8, 3580.93, 21, 1, smm_btc, 155023465653, True
btc_pax, None, 0.8, 3584.46, 23, 1, smm_btc, 155023465754, True
btc_pax, None, 0.8, 3580.97, 21, 1, smm_btc, 155023466757, False
btc_pax, None, 0.8, 3584.42, 23, 1, smm_btc, 155023466858, False
btc_pax, None, 0.8, 3580.97, 21, 1, smm_btc, 155023466757, True
btc_pax, None, 0.8, 3584.42, 23, 1, smm_btc, 155023466858, True
btc_pax, None, 0.8, 3580.94, 21, 1, smm_btc, 155023468561, False
btc_pax, None, 0.8, 3584.45, 23, 1, smm_btc, 155023468562, False
btc_pax, None, 0.8, 3580.94, 21, 1, smm_btc, 155023468561, True
btc_pax, None, 0.8, 3580.97, 21, 1, smm_btc, 155023469464, False
btc_pax, None, 0.8, 3584.45, 23, 1, smm_btc, 155023468562, True
btc_pax, None, 0.8, 3584.45, 23, 1, smm_btc, 155023469766, False
btc_pax, None, 0.8, 3580.97, 21, 1, smm_btc, 155023469464, True
btc_pax, None, 0.8, 3584.45, 23, 1, smm_btc, 155023469766, True
btc_pax, None, 0.8, 3580.93, 21, 1, smm_btc, 155023471269, False
btc_pax, None, 0.8, 3584.48, 23, 1, smm_btc, 155023471270, False
btc_pax, None, 0.8, 3584.48, 23, 1, smm_btc, 155023471270, True
btc_pax, None, 0.8, 3580.93, 21, 1, smm_btc, 155023471269, True
btc_pax, None, 0.8, 3584.47, 23, 1, smm_btc, 155023472273, False
btc_pax, None, 0.8, 3580.94, 21, 1, smm_btc, 155023472574, False
btc_pax, None, 0.8, 3580.94, 21, 1, smm_btc, 155023472574, True
btc_pax, None, 0.8, 3580.97, 21, 1, smm_btc, 155023473876, False
btc_pax, None, 0.8, 3584.47, 23, 1, smm_btc, 155023472273, True
btc_pax, None, 0.8, 3584.44, 23, 1, smm_btc, 155023474278, False
btc_pax, None, 0.8, 3580.97, 21, 1, smm_btc, 155023473876, True
btc_pax, None, 0.8, 3584.44, 23, 1, smm_btc, 155023474278, True
btc_pax, None, 0.8, 3580.93, 21, 1, smm_btc, 155023475881, False
btc_pax, None, 0.8, 3584.48, 23, 1, smm_btc, 155023475882, False
btc_pax, None, 0.8, 3580.93, 21, 1, smm_btc, 155023475881, True
btc_pax, None, 0.8, 3584.48, 23, 1, smm_btc, 155023475882, True
btc_pax, None, 0.8, 3580.94, 21, 1, smm_btc, 155023476885, False
btc_pax, None, 0.8, 3584.47, 23, 1, smm_btc, 155023476886, False
btc_pax, None, 0.8, 3580.94, 21, 1, smm_btc, 155023476885, True
btc_pax, None, 0.8, 3580.94, 21, 1, smm_btc, 155023477488, False
btc_pax, None, 0.8, 3580.94, 21, 1, smm_btc, 155023477488, True
btc_pax, None, 0.8, 3580.94, 21, 1, smm_btc, 155023479090, False
btc_pax, None, 0.8, 3580.94, 21, 1, smm_btc, 155023479090, True
btc_pax, None, 0.8, 3584.47, 23, 1, smm_btc, 155023476886, True
btc_pax, None, 0.8, 3580.97, 21, 1, smm_btc, 155023479893, False
btc_pax, None, 0.8, 3584.44, 23, 1, smm_btc, 155023479994, False
btc_pax, None, 0.8, 3580.97, 21, 1, smm_btc, 155023479893, True
btc_pax, None, 0.8, 3584.44, 23, 1, smm_btc, 155023479994, True
btc_pax, None, 0.8, 3573.38, 21, 1, smm_btc, 155023482397, False
btc_pax, None, 0.8, 3590.96, 23, 1, smm_btc, 155023482398, False
btc_pax, None, 0.8, 3590.96, 23, 1, smm_btc, 155023482398, True
btc_pax, None, 0.8, 3573.38, 21, 1, smm_btc, 155023482397, True
btc_pax, None, 0.8, 3584.37, 23, 1, smm_btc, 155023483501, False
btc_pax, None, 0.8, 3580.92, 21, 1, smm_btc, 155023483702, False
btc_pax, None, 0.8, 3580.92, 21, 1, smm_btc, 155023483702, True
btc_pax, None, 0.8, 3584.37, 23, 1, smm_btc, 155023483501, True
btc_pax, None, 0.8, 3580.97, 21, 1, smm_btc, 155023484505, False
btc_pax, None, 0.8, 3584.32, 23, 1, smm_btc, 155023484506, False
btc_pax, None, 0.8, 3580.97, 21, 1, smm_btc, 155023484505, True
btc_pax, None, 0.8, 3584.32, 23, 1, smm_btc, 155023484506, True
btc_pax, None, 0.8, 3580.97, 21, 1, smm_btc, 155023486109, False
btc_pax, None, 0.8, 3584.3, 23, 1, smm_btc, 155023486110, False
btc_pax, None, 0.8, 3584.3, 23, 1, smm_btc, 155023486110, True
btc_pax, None, 0.8, 3584.33, 23, 1, smm_btc, 155023486712, False
btc_pax, None, 0.8, 3580.97, 21, 1, smm_btc, 155023486109, True
btc_pax, None, 0.8, 3584.33, 23, 1, smm_btc, 155023486712, True
btc_pax, None, 0.8, 3573.38, 21, 1, smm_btc, 155023487615, False
btc_pax, None, 0.8, 3590.25, 23, 1, smm_btc, 155023487616, False
btc_pax, None, 0.8, 3573.38, 21, 1, smm_btc, 155023487615, True
btc_pax, None, 0.8, 3590.25, 23, 1, smm_btc, 155023487616, True
btc_pax, None, 0.8, 3580.97, 21, 1, smm_btc, 155023488219, False
btc_pax, None, 0.8, 3584.3, 23, 1, smm_btc, 155023488520, False
btc_pax, None, 0.8, 3580.97, 21, 1, smm_btc, 155023488219, True
btc_pax, None, 0.8, 3580.93, 21, 1, smm_btc, 155023489122, False
btc_pax, None, 0.8, 3580.93, 21, 1, smm_btc, 155023489122, True
btc_pax, None, 0.8, 3573.83, 21, 1, smm_btc, 155023489724, False
btc_pax, None, 0.8, 3584.3, 23, 1, smm_btc, 155023488520, True
btc_pax, None, 0.8, 3573.83, 21, 1, smm_btc, 155023489724, True
btc_pax, None, 0.8, 3583.32, 23, 1, smm_btc, 155023490027, False
btc_pax, None, 0.8, 3580.93, 21, 1, smm_btc, 155023490328, False
btc_pax, None, 0.8, 3580.93, 21, 1, smm_btc, 155023490328, True
btc_pax, None, 0.8, 3583.32, 23, 1, smm_btc, 155023490027, True
btc_pax, None, 0.8, 3580.94, 21, 1, smm_btc, 155023491031, False
btc_pax, None, 0.8, 3583.31, 23, 1, smm_btc, 155023491032, False
btc_pax, None, 0.8, 3580.94, 21, 1, smm_btc, 155023491031, True
btc_pax, None, 0.8, 3583.31, 23, 1, smm_btc, 155023491032, True
btc_pax, None, 0.8, 3580.93, 21, 1, smm_btc, 155023492435, False
btc_pax, None, 0.8, 3583.32, 23, 1, smm_btc, 155023492436, False
btc_pax, None, 0.8, 3580.93, 21, 1, smm_btc, 155023492435, True
btc_pax, None, 0.8, 3583.32, 23, 1, smm_btc, 155023492436, True
btc_pax, None, 0.8, 3580.97, 21, 1, smm_btc, 155023493439, False
btc_pax, None, 0.8, 3584.3, 23, 1, smm_btc, 155023493440, False
btc_pax, None, 0.8, 3584.3, 23, 1, smm_btc, 155023493440, True
btc_pax, None, 0.8, 3584.32, 23, 1, smm_btc, 155023494142, False
btc_pax, None, 0.8, 3584.32, 23, 1, smm_btc, 155023494142, True
btc_pax, None, 0.8, 3580.97, 21, 1, smm_btc, 155023493439, True
btc_pax, None, 0.8, 3580.94, 21, 1, smm_btc, 155023496145, False
btc_pax, None, 0.8, 3580.94, 21, 1, smm_btc, 155023496145, True
btc_pax, None, 0.8, 3580.97, 21, 1, smm_btc, 155023497047, False
btc_pax, None, 0.8, 3580.97, 21, 1, smm_btc, 155023497047, True
btc_pax, None, 0.8, 3580.93, 21, 1, smm_btc, 155023497849, False
btc_pax, None, 0.8, 3584.34, 23, 1, smm_btc, 155023497850, False
btc_pax, None, 0.8, 3580.93, 21, 1, smm_btc, 155023497849, True
btc_pax, None, 0.8, 3584.34, 23, 1, smm_btc, 155023497850, True
btc_pax, None, 0.8, 3580.97, 21, 1, smm_btc, 155023498953, False
btc_pax, None, 0.8, 3584.3, 23, 1, smm_btc, 155023499054, False
btc_pax, None, 0.8, 3580.97, 21, 1, smm_btc, 155023498953, True
btc_pax, None, 0.8, 3580.93, 21, 1, smm_btc, 155023501456, False
btc_pax, None, 0.8, 3584.3, 23, 1, smm_btc, 155023499054, True
btc_pax, None, 0.8, 3584.34, 23, 1, smm_btc, 155023502058, False
btc_pax, None, 0.8, 3580.93, 21, 1, smm_btc, 155023501456, True
btc_pax, None, 0.8, 3584.34, 23, 1, smm_btc, 155023502058, True
btc_pax, None, 0.8, 3584.34, 23, 1, smm_btc, 155023502761, False
btc_pax, None, 0.8, 3584.34, 23, 1, smm_btc, 155023502761, True
btc_pax, None, 0.8, 3584.29, 23, 1, smm_btc, 155023503663, False
btc_pax, None, 0.8, 3574.29, 21, 1, smm_btc, 155023505464, False
btc_pax, None, 0.8, 3584.29, 23, 1, smm_btc, 155023503663, True
btc_pax, None, 0.8, 3574.29, 21, 1, smm_btc, 155023505464, True
btc_pax, None, 0.8, 3584.34, 23, 1, smm_btc, 155023505767, False
btc_pax, None, 0.8, 3580.94, 21, 1, smm_btc, 155023506068, False
btc_pax, None, 0.8, 3584.34, 23, 1, smm_btc, 155023505767, True
btc_pax, None, 0.8, 3584.32, 23, 1, smm_btc, 155023506370, False
btc_pax, None, 0.8, 3580.94, 21, 1, smm_btc, 155023506068, True
btc_pax, None, 0.8, 3584.32, 23, 1, smm_btc, 155023506370, True
btc_pax, None, 0.8, 3580.93, 21, 1, smm_btc, 155023506973, False
btc_pax, None, 0.8, 3584.32, 23, 1, smm_btc, 155023506974, False
btc_pax, None, 0.8, 3580.93, 21, 1, smm_btc, 155023506973, True
btc_pax, None, 0.8, 3584.32, 23, 1, smm_btc, 155023506974, True
btc_pax, None, 0.8, 3580.97, 21, 1, smm_btc, 155023508677, False
btc_pax, None, 0.8, 3584.28, 23, 1, smm_btc, 155023508678, False
btc_pax, None, 0.8, 3580.97, 21, 1, smm_btc, 155023508677, True
btc_pax, None, 0.8, 3584.28, 23, 1, smm_btc, 155023508678, True
btc_pax, None, 0.8, 3581.24, 21, 1, smm_btc, 155023510981, False
btc_pax, None, 0.8, 3582.85, 23, 1, smm_btc, 155023511082, False
btc_pax, None, 0.8, 3582.85, 23, 1, smm_btc, 155023511082, True
btc_pax, None, 0.8, 3582.87, 23, 1, smm_btc, 155023511884, False
btc_pax, None, 0.8, 3581.24, 21, 1, smm_btc, 155023510981, True
btc_pax, None, 0.8, 3582.87, 23, 1, smm_btc, 155023511884, True
btc_pax, None, 0.8, 3581.51, 21, 1, smm_btc, 155023512887, False
btc_pax, None, 0.64743, 3584.57, 23, 1, smm_btc, 155023512888, False
btc_pax, None, 0.64743, 3584.57, 23, 1, smm_btc, 155023512888, True
btc_pax, None, 0.64743, 3584.55, 23, 1, smm_btc, 155023513590, False
btc_pax, None, 0.8, 3581.51, 21, 1, smm_btc, 155023512887, True
btc_pax, None, 0.8, 3580.97, 21, 1, smm_btc, 155023516792, False
btc_pax, None, 0.64743, 3584.55, 23, 1, smm_btc, 155023513590, True
btc_pax, None, 0.64743, 3586.13, 23, 1, smm_btc, 155023518294, False
btc_pax, None, 0.64743, 3586.13, 23, 1, smm_btc, 155023518294, True
btc_pax, None, 0.64743, 3586.12, 23, 1, smm_btc, 155023520796, False
btc_pax, None, 0.8, 3580.97, 21, 1, smm_btc, 155023516792, True
btc_pax, None, 0.8, 3581.41, 21, 1, smm_btc, 155023521998, False
btc_pax, None, 0.64743, 3586.12, 23, 1, smm_btc, 155023520796, True
btc_pax, None, 0.64743, 3586.11, 23, 1, smm_btc, 155023522300, False
btc_pax, None, 0.64743, 3586.11, 23, 1, smm_btc, 155023522300, True
btc_pax, None, 0.64743, 3586.1, 23, 1, smm_btc, 155023524002, False
btc_pax, None, 0.8, 3581.41, 21, 1, smm_btc, 155023521998, True
btc_pax, None, 0.8, 3580.97, 21, 1, smm_btc, 155023524804, False
btc_pax, None, 0.8, 3580.97, 21, 1, smm_btc, 155023524804, True
btc_pax, None, 0.64743, 3586.1, 23, 1, smm_btc, 155023524002, True
btc_pax, None, 0.8, 3580.92, 21, 1, smm_btc, 155023526407, False
btc_pax, None, 0.64743, 3586.14, 23, 1, smm_btc, 155023526408, False
btc_pax, None, 0.8, 3580.92, 21, 1, smm_btc, 155023526407, True
btc_pax, None, 0.64743, 3586.14, 23, 1, smm_btc, 155023526408, True
btc_pax, None, 0.8, 3580.97, 21, 1, smm_btc, 155023528111, False
btc_pax, None, 0.64743, 3586.09, 23, 1, smm_btc, 155023528112, False
btc_pax, None, 0.64743, 3586.09, 23, 1, smm_btc, 155023528112, True
btc_pax, None, 0.64743, 3586.08, 23, 1, smm_btc, 155023529414, False
btc_pax, None, 0.64743, 3586.08, 23, 1, smm_btc, 155023529414, True
btc_pax, None, 0.64743, 3586.07, 23, 1, smm_btc, 155023531116, False
btc_pax, None, 0.8, 3580.97, 21, 1, smm_btc, 155023528111, True
btc_pax, None, 0.64743, 3586.07, 23, 1, smm_btc, 155023531116, True
btc_pax, None, 0.8, 3575.34, 21, 1, smm_btc, 155023532319, False
btc_pax, None, 0.64743, 3592.31, 23, 1, smm_btc, 155023532320, False
btc_pax, None, 0.8, 3575.34, 21, 1, smm_btc, 155023532319, True
btc_pax, None, 0.8, 3580.97, 21, 1, smm_btc, 155023533222, False
btc_pax, None, 0.8, 3580.97, 21, 1, smm_btc, 155023533222, True
btc_pax, None, 0.64743, 3592.31, 23, 1, smm_btc, 155023532320, True
btc_pax, None, 0.8, 3580.94, 21, 1, smm_btc, 155023535325, False
btc_pax, None, 0.8, 3580.94, 21, 1, smm_btc, 155023535325, True
btc_pax, None, 0.8, 3580.97, 21, 1, smm_btc, 155023535927, False
btc_pax, None, 0.64743, 3585.2, 23, 1, smm_btc, 155023535928, False
btc_pax, None, 0.64743, 3585.2, 23, 1, smm_btc, 155023535928, True
btc_pax, None, 0.64743, 3585.07, 23, 1, smm_btc, 155023537830, False
btc_pax, None, 0.64743, 3585.07, 23, 1, smm_btc, 155023537830, True
btc_pax, None, 0.64743, 3585.06, 23, 1, smm_btc, 155023539932, False
btc_pax, None, 0.64743, 3585.06, 23, 1, smm_btc, 155023539932, True
btc_pax, None, 0.64743, 3585.07, 23, 1, smm_btc, 155023541934, False
btc_pax, None, 0.8, 3580.97, 21, 1, smm_btc, 155023535927, True
btc_pax, None, 0.64743, 3585.07, 23, 1, smm_btc, 155023541934, True
btc_pax, None, 0.8, 3580.97, 21, 1, smm_btc, 155023543237, False
btc_pax, None, 0.64743, 3585.03, 23, 1, smm_btc, 155023543238, False
btc_pax, None, 0.64743, 3585.03, 23, 1, smm_btc, 155023543238, True
btc_pax, None, 0.64743, 3585.02, 23, 1, smm_btc, 155023544240, False
btc_pax, None, 0.64743, 3585.02, 23, 1, smm_btc, 155023544240, True
btc_pax, None, 0.8, 3580.97, 21, 1, smm_btc, 155023543237, True
btc_pax, None, 0.64743, 3585.04, 23, 1, smm_btc, 155023546843, False
btc_pax, None, 0.8, 3582.05, 21, 1, smm_btc, 155023547444, False
btc_pax, None, 0.8, 3582.05, 21, 1, smm_btc, 155023547444, True
btc_pax, None, 0.64743, 3585.04, 23, 1, smm_btc, 155023546843, True
btc_pax, None, 0.8, 3582.08, 21, 1, smm_btc, 155023548047, False
btc_pax, None, 0.64743, 3585.01, 23, 1, smm_btc, 155023548048, False
btc_pax, None, 0.64743, 3585.01, 23, 1, smm_btc, 155023548048, True
btc_pax, None, 0.64743, 3585.0, 23, 1, smm_btc, 155023549750, False
btc_pax, None, 0.8, 3582.08, 21, 1, smm_btc, 155023548047, True
btc_pax, None, 0.64743, 3585.0, 23, 1, smm_btc, 155023549750, True
btc_pax, None, 0.8, 3575.07, 21, 1, smm_btc, 155023551653, False
btc_pax, None, 0.64743, 3593.33, 23, 1, smm_btc, 155023551654, False
btc_pax, None, 0.64743, 3593.33, 23, 1, smm_btc, 155023551654, True
btc_pax, None, 0.8, 3575.07, 21, 1, smm_btc, 155023551653, True
btc_pax, None, 0.8, 3582.51, 21, 1, smm_btc, 155023552857, False
btc_pax, None, 0.64743, 3584.99, 23, 1, smm_btc, 155023552858, False
btc_pax, None, 0.64743, 3584.99, 23, 1, smm_btc, 155023552858, True
btc_pax, None, 0.8, 3582.51, 21, 1, smm_btc, 155023552857, True
btc_pax, None, 0.64743, 3593.18, 23, 1, smm_btc, 155023554961, False
btc_pax, None, 0.64743, 3593.18, 23, 1, smm_btc, 155023554961, True
btc_pax, None, 0.64743, 3584.98, 23, 1, smm_btc, 155023555563, False
btc_pax, None, 0.64743, 3584.98, 23, 1, smm_btc, 155023555563, True
btc_pax, None, 0.64743, 3585.01, 23, 1, smm_btc, 155023556165, False
btc_pax, None, 0.8, 3582.48, 21, 1, smm_btc, 155023556866, False
btc_pax, None, 0.8, 3582.48, 21, 1, smm_btc, 155023556866, True
btc_pax, None, 0.64743, 3585.01, 23, 1, smm_btc, 155023556165, True
btc_pax, None, 0.8, 3582.48, 21, 1, smm_btc, 155023558469, False
btc_pax, None, 0.64743, 3586.22, 23, 1, smm_btc, 155023558470, False
btc_pax, None, 0.8, 3582.48, 21, 1, smm_btc, 155023558469, True
btc_pax, None, 0.64743, 3586.22, 23, 1, smm_btc, 155023558470, True
btc_pax, None, 0.8, 3582.51, 21, 1, smm_btc, 155023559173, False
btc_pax, None, 0.64743, 3586.19, 23, 1, smm_btc, 155023559274, False
btc_pax, None, 0.8, 3582.51, 21, 1, smm_btc, 155023559173, True
btc_pax, None, 0.8, 3582.61, 21, 1, smm_btc, 155023562076, False
btc_pax, None, 0.8, 3582.61, 21, 1, smm_btc, 155023562076, True
btc_pax, None, 0.8, 3582.74, 21, 1, smm_btc, 155023562778, False
btc_pax, None, 0.64743, 3586.19, 23, 1, smm_btc, 155023559274, True
btc_pax, None, 0.64743, 3586.89, 23, 1, smm_btc, 155023563480, False
btc_pax, None, 0.64743, 3586.89, 23, 1, smm_btc, 155023563480, True
btc_pax, None, 0.64743, 3586.85, 23, 1, smm_btc, 155023564482, False
btc_pax, None, 0.8, 3582.74, 21, 1, smm_btc, 155023562778, True
btc_pax, None, 0.8, 3584.51, 21, 1, smm_btc, 155023565084, False
btc_pax, None, 0.64743, 3586.85, 23, 1, smm_btc, 155023564482, True
btc_pax, None, 0.64743, 3586.84, 23, 1, smm_btc, 155023565686, False
btc_pax, None, 0.8, 3584.51, 21, 1, smm_btc, 155023565084, True
btc_pax, None, 0.8, 3584.91, 21, 1, smm_btc, 155023567088, False
btc_pax, None, 0.8, 3584.91, 21, 1, smm_btc, 155023567088, True
btc_pax, None, 0.8, 3574.29, 21, 1, smm_btc, 155023567890, False
btc_pax, None, 0.64743, 3586.84, 23, 1, smm_btc, 155023565686, True
btc_pax, None, 0.8, 3574.29, 21, 1, smm_btc, 155023567890, True
btc_pax, None, 0.8, 3584.91, 21, 1, smm_btc, 155023568593, False
btc_pax, None, 0.64743, 3586.81, 23, 1, smm_btc, 155023568594, False
btc_pax, None, 0.64743, 3586.81, 23, 1, smm_btc, 155023568594, True
btc_pax, None, 0.64743, 3586.79, 23, 1, smm_btc, 155023569196, False
btc_pax, None, 0.64743, 3586.79, 23, 1, smm_btc, 155023569196, True
btc_pax, None, 0.64743, 3586.78, 23, 1, smm_btc, 155023571198, False
btc_pax, None, 0.64743, 3586.78, 23, 1, smm_btc, 155023571198, True
btc_pax, None, 0.64743, 3586.8, 23, 1, smm_btc, 155023573800, False
btc_pax, None, 0.64743, 3586.8, 23, 1, smm_btc, 155023573800, True
btc_pax, None, 0.64743, 3586.78, 23, 1, smm_btc, 155023575102, False
btc_pax, None, 0.64743, 3586.78, 23, 1, smm_btc, 155023575102, True
btc_pax, None, 0.64743, 3586.77, 23, 1, smm_btc, 155023576204, False
btc_pax, None, 0.8, 3584.91, 21, 1, smm_btc, 155023568593, True
btc_pax, None, 0.8, 3584.87, 21, 1, smm_btc, 155023576806, False
btc_pax, None, 0.8, 3584.87, 21, 1, smm_btc, 155023576806, True
btc_pax, None, 0.64743, 3586.77, 23, 1, smm_btc, 155023576204, True
btc_pax, None, 0.8, 3584.91, 21, 1, smm_btc, 155023577709, False
btc_pax, None, 0.64743, 3586.79, 23, 1, smm_btc, 155023577710, False
btc_pax, None, 0.64743, 3586.79, 23, 1, smm_btc, 155023577710, True
btc_pax, None, 0.64743, 3586.77, 23, 1, smm_btc, 155023578712, False
btc_pax, None, 0.64743, 3586.77, 23, 1, smm_btc, 155023578712, True
btc_pax, None, 0.64743, 3586.76, 23, 1, smm_btc, 155023579414, False
btc_pax, None, 0.8, 3584.91, 21, 1, smm_btc, 155023577709, True
btc_pax, None, 0.64743, 3586.76, 23, 1, smm_btc, 155023579414, True
btc_pax, None, 0.8, 3584.87, 21, 1, smm_btc, 155023582617, False
btc_pax, None, 0.64743, 3586.8, 23, 1, smm_btc, 155023582618, False
btc_pax, None, 0.8, 3584.87, 21, 1, smm_btc, 155023582617, True
btc_pax, None, 0.64743, 3586.8, 23, 1, smm_btc, 155023582618, True
btc_pax, None, 0.8, 3584.91, 21, 1, smm_btc, 155023583221, False
btc_pax, None, 0.64743, 3586.92, 23, 1, smm_btc, 155023583222, False
btc_pax, None, 0.64743, 3586.92, 23, 1, smm_btc, 155023583222, True
btc_pax, None, 0.64743, 3586.96, 23, 1, smm_btc, 155023586224, False
btc_pax, None, 0.64743, 3586.96, 23, 1, smm_btc, 155023586224, True
btc_pax, None, 0.8, 3584.91, 21, 1, smm_btc, 155023583221, True
btc_pax, None, 0.64743, 3586.92, 23, 1, smm_btc, 155023587527, False
btc_pax, None, 0.8, 3583.45, 21, 1, smm_btc, 155023587828, False
btc_pax, None, 0.8, 3583.45, 21, 1, smm_btc, 155023587828, True
btc_pax, None, 0.64743, 3586.92, 23, 1, smm_btc, 155023587527, True
btc_pax, None, 0.8, 3583.42, 21, 1, smm_btc, 155023588531, False
btc_pax, None, 0.64743, 3586.95, 23, 1, smm_btc, 155023588532, False
btc_pax, None, 0.64743, 3586.95, 23, 1, smm_btc, 155023588532, True
btc_pax, None, 0.8, 3583.42, 21, 1, smm_btc, 155023588531, True
btc_pax, None, 0.64743, 3586.92, 23, 1, smm_btc, 155023589935, False
btc_pax, None, 0.8, 3584.85, 21, 1, smm_btc, 155023590536, False
btc_pax, None, 0.8, 3584.85, 21, 1, smm_btc, 155023590536, True
btc_pax, None, 0.8, 3583.42, 21, 1, smm_btc, 155023591238, False
btc_pax, None, 0.64743, 3586.92, 23, 1, smm_btc, 155023589935, True
btc_pax, None, 0.64743, 3586.96, 23, 1, smm_btc, 155023591740, False
btc_pax, None, 0.8, 3583.42, 21, 1, smm_btc, 155023591238, True
btc_pax, None, 0.8, 3583.45, 21, 1, smm_btc, 155023592342, False
btc_pax, None, 0.64743, 3586.96, 23, 1, smm_btc, 155023591740, True
btc_pax, None, 0.64743, 3586.92, 23, 1, smm_btc, 155023592744, False
btc_pax, None, 0.8, 3583.45, 21, 1, smm_btc, 155023592342, True
btc_pax, None, 0.64743, 3586.92, 23, 1, smm_btc, 155023592744, True
btc_pax, None, 0.8, 3584.46, 21, 1, smm_btc, 155023593347, False
btc_pax, None, 0.64743, 3586.96, 23, 1, smm_btc, 155023593348, False
btc_pax, None, 0.8, 3584.46, 21, 1, smm_btc, 155023593347, True
btc_pax, None, 0.64743, 3586.96, 23, 1, smm_btc, 155023593348, True
btc_pax, None, 0.64743, 3588.71, 23, 1, smm_btc, 155023594351, False
btc_pax, None, 0.64743, 3588.71, 23, 1, smm_btc, 155023594351, True
btc_pax, None, 0.64743, 3588.7, 23, 1, smm_btc, 155023596553, False
btc_pax, None, 0.8, 3583.45, 21, 1, smm_btc, 155023597254, False
btc_pax, None, 0.64743, 3588.7, 23, 1, smm_btc, 155023596553, True
btc_pax, None, 0.64743, 3588.69, 23, 1, smm_btc, 155023599556, False
btc_pax, None, 0.64743, 3588.69, 23, 1, smm_btc, 155023599556, True
btc_pax, None, 0.8, 3583.45, 21, 1, smm_btc, 155023597254, True
btc_pax, None, 0.64743, 3596.6, 23, 1, smm_btc, 155023600959, False
btc_pax, None, 0.8, 3583.42, 21, 1, smm_btc, 155023601360, False
btc_pax, None, 0.64743, 3596.6, 23, 1, smm_btc, 155023600959, True
btc_pax, None, 0.8, 3583.42, 21, 1, smm_btc, 155023601360, True
btc_pax, None, 0.64743, 3588.67, 23, 1, smm_btc, 155023601663, False
btc_pax, None, 0.8, 3583.45, 21, 1, smm_btc, 155023601964, False
btc_pax, None, 0.64743, 3588.67, 23, 1, smm_btc, 155023601663, True
btc_pax, None, 0.64743, 3588.66, 23, 1, smm_btc, 155023604066, False
btc_pax, None, 0.8, 3583.45, 21, 1, smm_btc, 155023601964, True
btc_pax, None, 0.64743, 3588.66, 23, 1, smm_btc, 155023604066, True
btc_pax, None, 0.8, 3583.42, 21, 1, smm_btc, 155023606769, False
btc_pax, None, 0.64743, 3588.69, 23, 1, smm_btc, 155023606770, False
btc_pax, None, 0.8, 3583.42, 21, 1, smm_btc, 155023606769, True
btc_pax, None, 0.64743, 3588.69, 23, 1, smm_btc, 155023606770, True
btc_pax, None, 0.8, 3583.45, 21, 1, smm_btc, 155023607673, False
btc_pax, None, 0.64743, 3588.66, 23, 1, smm_btc, 155023607974, False
btc_pax, None, 0.64743, 3588.66, 23, 1, smm_btc, 155023607974, True
btc_pax, None, 0.64743, 3588.65, 23, 1, smm_btc, 155023608676, False
btc_pax, None, 0.64743, 3588.65, 23, 1, smm_btc, 155023608676, True
btc_pax, None, 0.8, 3583.45, 21, 1, smm_btc, 155023607673, True
btc_pax, None, 0.64743, 3588.68, 23, 1, smm_btc, 155023610579, False
btc_pax, None, 0.8, 3583.42, 21, 1, smm_btc, 155023611080, False
btc_pax, None, 0.8, 3583.42, 21, 1, smm_btc, 155023611080, True
btc_pax, None, 0.64743, 3588.68, 23, 1, smm_btc, 155023610579, True
btc_pax, None, 0.8, 3583.45, 21, 1, smm_btc, 155023612083, False
btc_pax, None, 0.64743, 3588.65, 23, 1, smm_btc, 155023612184, False
btc_pax, None, 0.64743, 3588.65, 23, 1, smm_btc, 155023612184, True
btc_pax, None, 0.64743, 3588.64, 23, 1, smm_btc, 155023613086, False
btc_pax, None, 0.64743, 3588.64, 23, 1, smm_btc, 155023613086, True
btc_pax, None, 0.8, 3583.45, 21, 1, smm_btc, 155023612083, True
btc_pax, None, 0.64743, 3595.19, 23, 1, smm_btc, 155023615889, False
btc_pax, None, 0.8, 3577.98, 21, 1, smm_btc, 155023616190, False
btc_pax, None, 0.8, 3577.98, 21, 1, smm_btc, 155023616190, True
btc_pax, None, 0.64743, 3595.19, 23, 1, smm_btc, 155023615889, True
btc_pax, None, 0.8, 3576.09, 21, 1, smm_btc, 155023617493, False
btc_pax, None, 0.64743, 3592.74, 23, 1, smm_btc, 155023617494, False
btc_pax, None, 0.8, 3576.09, 21, 1, smm_btc, 155023617493, True
btc_pax, None, 0.64743, 3592.74, 23, 1, smm_btc, 155023617494, True
btc_pax, None, 0.8, 3575.25, 21, 1, smm_btc, 155023618097, False
btc_pax, None, 0.64743, 3592.24, 23, 1, smm_btc, 155023618098, False
btc_pax, None, 0.8, 3575.25, 21, 1, smm_btc, 155023618097, True
btc_pax, None, 0.64743, 3592.24, 23, 1, smm_btc, 155023618098, True
btc_pax, None, 0.8, 3581.37, 21, 1, smm_btc, 155023618601, False
btc_pax, None, 0.64743, 3586.15, 23, 1, smm_btc, 155023618602, False
btc_pax, None, 0.8, 3581.37, 21, 1, smm_btc, 155023618601, True
btc_pax, None, 0.8, 3582.52, 21, 1, smm_btc, 155023619204, False
btc_pax, None, 0.64743, 3586.15, 23, 1, smm_btc, 155023618602, True
btc_pax, None, 0.64743, 3585.57, 23, 1, smm_btc, 155023619806, False
btc_pax, None, 0.8, 3582.52, 21, 1, smm_btc, 155023619204, True
btc_pax, None, 0.64743, 3585.57, 23, 1, smm_btc, 155023619806, True
btc_pax, None, 0.8, 3582.24, 21, 1, smm_btc, 155023621009, False
btc_pax, None, 0.8, 3582.24, 21, 1, smm_btc, 155023621009, True
btc_pax, None, 0.64743, 3593.47, 23, 1, smm_btc, 155023621911, False
btc_pax, None, 0.8, 3576.35, 21, 1, smm_btc, 155023622212, False
btc_pax, None, 0.64743, 3593.47, 23, 1, smm_btc, 155023621911, True
btc_pax, None, 0.64743, 3591.25, 23, 1, smm_btc, 155023622514, False
btc_pax, None, 0.64743, 3591.25, 23, 1, smm_btc, 155023622514, True
btc_pax, None, 0.64743, 3591.42, 23, 1, smm_btc, 155023623116, False
btc_pax, None, 0.8, 3576.35, 21, 1, smm_btc, 155023622212, True
btc_pax, None, 0.64743, 3591.42, 23, 1, smm_btc, 155023623116, True
btc_pax, None, 0.8, 3582.87, 21, 1, smm_btc, 155023624519, False
btc_pax, None, 0.64743, 3585.57, 23, 1, smm_btc, 155023624820, False
btc_pax, None, 0.64743, 3585.57, 23, 1, smm_btc, 155023624820, True
btc_pax, None, 0.64743, 3585.56, 23, 1, smm_btc, 155023625822, False
btc_pax, None, 0.64743, 3585.56, 23, 1, smm_btc, 155023625822, True
btc_pax, None, 0.8, 3582.87, 21, 1, smm_btc, 155023624519, True
btc_pax, None, 0.644528, 3586.78, 23, 1, smm_btc, 155023626425, False
btc_pax, None, 0.8, 3575.31, 21, 1, smm_btc, 155023627026, False
btc_pax, None, 0.644528, 3586.78, 23, 1, smm_btc, 155023626425, True
btc_pax, None, 0.8, 3575.31, 21, 1, smm_btc, 155023627026, True
btc_pax, None, 0.644528, 3595.17, 23, 1, smm_btc, 155023627329, False
btc_pax, None, 0.8, 3574.29, 21, 1, smm_btc, 155023627930, False
btc_pax, None, 0.8, 3574.29, 21, 1, smm_btc, 155023627930, True
btc_pax, None, 0.644528, 3595.17, 23, 1, smm_btc, 155023627329, True
btc_pax, None, 0.8, 3585.25, 21, 1, smm_btc, 155023628733, False
btc_pax, None, 0.644528, 3586.85, 23, 1, smm_btc, 155023628734, False
btc_pax, None, 0.8, 3585.25, 21, 1, smm_btc, 155023628733, True
btc_pax, None, 0.8, 3584.65, 21, 1, smm_btc, 155023629636, False
btc_pax, None, 0.644528, 3586.85, 23, 1, smm_btc, 155023628734, True
btc_pax, None, 0.8, 3584.65, 21, 1, smm_btc, 155023629636, True
btc_pax, None, 0.644528, 3585.56, 23, 1, smm_btc, 155023629939, False
btc_pax, None, 0.8, 3584.19, 21, 1, smm_btc, 155023630540, False
btc_pax, None, 0.8, 3584.19, 21, 1, smm_btc, 155023630540, True
btc_pax, None, 0.8, 3575.31, 21, 1, smm_btc, 155023633442, False
btc_pax, None, 0.644528, 3585.56, 23, 1, smm_btc, 155023629939, True
btc_pax, None, 0.644528, 3591.14, 23, 1, smm_btc, 155023633744, False
btc_pax, None, 0.8, 3575.31, 21, 1, smm_btc, 155023633442, True
btc_pax, None, 0.644528, 3591.14, 23, 1, smm_btc, 155023633744, True
btc_pax, None, 0.8, 3583.07, 21, 1, smm_btc, 155023634547, False
btc_pax, None, 0.644528, 3585.53, 23, 1, smm_btc, 155023634548, False
btc_pax, None, 0.8, 3583.07, 21, 1, smm_btc, 155023634547, True
btc_pax, None, 0.8, 3583.07, 21, 1, smm_btc, 155023637050, False
btc_pax, None, 0.644528, 3585.53, 23, 1, smm_btc, 155023634548, True
btc_pax, None, 0.8, 3583.07, 21, 1, smm_btc, 155023637050, True
btc_pax, None, 0.644528, 3585.52, 23, 1, smm_btc, 155023637753, False
btc_pax, None, 0.8, 3582.49, 21, 1, smm_btc, 155023637954, False
btc_pax, None, 0.644528, 3585.52, 23, 1, smm_btc, 155023637753, True
btc_pax, None, 0.644528, 3585.57, 23, 1, smm_btc, 155023638356, False
btc_pax, None, 0.8, 3582.49, 21, 1, smm_btc, 155023637954, True
btc_pax, None, 0.644528, 3585.57, 23, 1, smm_btc, 155023638356, True
btc_pax, None, 0.8, 3582.54, 21, 1, smm_btc, 155023638959, False
btc_pax, None, 0.644528, 3585.52, 23, 1, smm_btc, 155023638960, False
btc_pax, None, 0.644528, 3585.52, 23, 1, smm_btc, 155023638960, True
btc_pax, None, 0.644528, 3584.33, 23, 1, smm_btc, 155023640462, False
btc_pax, None, 0.644528, 3584.33, 23, 1, smm_btc, 155023640462, True
btc_pax, None, 0.8, 3573.75, 21, 1, smm_btc, 155023640764, False
btc_pax, None, 0.644528, 3583.87, 23, 1, smm_btc, 155023641065, False
btc_pax, None, 0.644528, 3583.87, 23, 1, smm_btc, 155023641065, True
btc_pax, None, 0.8, 3573.75, 21, 1, smm_btc, 155023640764, True
btc_pax, None, 0.644528, 3583.7, 23, 1, smm_btc, 155023641668, False
btc_pax, None, 0.8, 3573.75, 21, 1, smm_btc, 155023641669, False
btc_pax, None, 0.644528, 3583.7, 23, 1, smm_btc, 155023641668, True
btc_pax, None, 0.644528, 3583.64, 23, 1, smm_btc, 155023642271, False
btc_pax, None, 0.8, 3573.75, 21, 1, smm_btc, 155023641669, True
btc_pax, None, 0.644528, 3583.64, 23, 1, smm_btc, 155023642271, True
btc_pax, None, 0.8, 3574.29, 21, 1, smm_btc, 155023642574, False
btc_pax, None, 0.644528, 3583.56, 23, 1, smm_btc, 155023642875, False
btc_pax, None, 0.644528, 3583.56, 23, 1, smm_btc, 155023642875, True
btc_pax, None, 0.8, 3574.29, 21, 1, smm_btc, 155023642574, True
btc_pax, None, 0.644528, 3583.54, 23, 1, smm_btc, 155023643578, False
btc_pax, None, 0.8, 3573.75, 21, 1, smm_btc, 155023643579, False
btc_pax, None, 0.8, 3573.75, 21, 1, smm_btc, 155023643579, True
btc_pax, None, 0.8, 3573.7, 21, 1, smm_btc, 155023644581, False
btc_pax, None, 0.8, 3573.7, 21, 1, smm_btc, 155023644581, True
btc_pax, None, 0.8, 3573.35, 21, 1, smm_btc, 155023645683, False
btc_pax, None, 0.8, 3573.35, 21, 1, smm_btc, 155023645683, True
btc_pax, None, 0.644528, 3583.54, 23, 1, smm_btc, 155023643578, True
btc_pax, None, 0.8, 3573.75, 21, 1, smm_btc, 155023646286, False
btc_pax, None, 0.612826, 3583.35, 23, 1, smm_btc, 155023646587, False
btc_pax, None, 0.612826, 3583.35, 23, 1, smm_btc, 155023646587, True
btc_pax, None, 0.612826, 3582.74, 23, 1, smm_btc, 155023647489, False
btc_pax, None, 0.8, 3573.75, 21, 1, smm_btc, 155023646286, True
btc_pax, None, 0.612826, 3582.74, 23, 1, smm_btc, 155023647489, True
btc_pax, None, 0.8, 3572.4, 21, 1, smm_btc, 155023647792, False
btc_pax, None, 0.612826, 3582.3, 23, 1, smm_btc, 155023648093, False
btc_pax, None, 0.8, 3572.4, 21, 1, smm_btc, 155023647792, True
btc_pax, None, 0.612826, 3582.3, 23, 1, smm_btc, 155023648093, True
btc_pax, None, 0.8, 3571.88, 21, 1, smm_btc, 155023648396, False
btc_pax, None, 0.612826, 3582.0, 23, 1, smm_btc, 155023648697, False
btc_pax, None, 0.612826, 3582.0, 23, 1, smm_btc, 155023648697, True
btc_pax, None, 0.8, 3571.88, 21, 1, smm_btc, 155023648396, True
btc_pax, None, 0.612826, 3581.72, 23, 1, smm_btc, 155023649200, False
btc_pax, None, 0.8, 3571.88, 21, 1, smm_btc, 155023649201, False
btc_pax, None, 0.612826, 3581.72, 23, 1, smm_btc, 155023649200, True
btc_pax, None, 0.8, 3571.88, 21, 1, smm_btc, 155023649201, True
btc_pax, None, 0.612826, 3581.5, 23, 1, smm_btc, 155023649804, False
btc_pax, None, 0.8, 3573.75, 21, 1, smm_btc, 155023649805, False
btc_pax, None, 0.612826, 3581.5, 23, 1, smm_btc, 155023649804, True
btc_pax, None, 0.612826, 3581.43, 23, 1, smm_btc, 155023650407, False
btc_pax, None, 0.8, 3573.75, 21, 1, smm_btc, 155023649805, True
btc_pax, None, 0.612826, 3581.43, 23, 1, smm_btc, 155023650407, True
btc_pax, None, 0.8, 3572.5, 21, 1, smm_btc, 155023650710, False
btc_pax, None, 0.612826, 3581.36, 23, 1, smm_btc, 155023651011, False
btc_pax, None, 0.612826, 3581.36, 23, 1, smm_btc, 155023651011, True
btc_pax, None, 0.8, 3572.5, 21, 1, smm_btc, 155023650710, True
btc_pax, None, 0.612826, 3581.31, 23, 1, smm_btc, 155023651814, False
btc_pax, None, 0.8, 3570.59, 21, 1, smm_btc, 155023651815, False
btc_pax, None, 0.612826, 3581.31, 23, 1, smm_btc, 155023651814, True
btc_pax, None, 0.8, 3570.59, 21, 1, smm_btc, 155023651815, True
btc_pax, None, 0.612826, 3580.89, 23, 1, smm_btc, 155023652418, False
btc_pax, None, 0.8, 3570.59, 21, 1, smm_btc, 155023652519, False
btc_pax, None, 0.612826, 3580.89, 23, 1, smm_btc, 155023652418, True
btc_pax, None, 0.612826, 3580.86, 23, 1, smm_btc, 155023653121, False
btc_pax, None, 0.612826, 3580.86, 23, 1, smm_btc, 155023653121, True
btc_pax, None, 0.612826, 3580.84, 23, 1, smm_btc, 155023653823, False
btc_pax, None, 0.8, 3570.59, 21, 1, smm_btc, 155023652519, True
btc_pax, None, 0.612826, 3580.84, 23, 1, smm_btc, 155023653823, True
btc_pax, None, 0.8, 3570.57, 21, 1, smm_btc, 155023654126, False
btc_pax, None, 0.612826, 3580.82, 23, 1, smm_btc, 155023654427, False
btc_pax, None, 0.8, 3570.57, 21, 1, smm_btc, 155023654126, True
btc_pax, None, 0.612826, 3580.82, 23, 1, smm_btc, 155023654427, True
btc_pax, None, 0.8, 3570.57, 21, 1, smm_btc, 155023655130, False
btc_pax, None, 0.612826, 3580.59, 23, 1, smm_btc, 155023655431, False
btc_pax, None, 0.8, 3570.57, 21, 1, smm_btc, 155023655130, True
btc_pax, None, 0.612826, 3580.59, 23, 1, smm_btc, 155023655431, True
btc_pax, None, 0.8, 3570.57, 21, 1, smm_btc, 155023656334, False
btc_pax, None, 0.612826, 3578.99, 23, 1, smm_btc, 155023656635, False
btc_pax, None, 0.8, 3570.57, 21, 1, smm_btc, 155023656334, True
btc_pax, None, 0.8, 3570.24, 21, 1, smm_btc, 155023657637, False
btc_pax, None, 0.8, 3570.24, 21, 1, smm_btc, 155023657637, True
btc_pax, None, 0.8, 3578.41, 21, 1, smm_btc, 155023658239, False
btc_pax, None, 0.8, 3582.57, 23, 1, smm_btc, 155023658240, False
btc_pax, None, 0.8, 3582.57, 23, 1, smm_btc, 155023658240, True
btc_pax, None, 0.8, 3582.56, 23, 1, smm_btc, 155023660642, False
btc_pax, None, 0.8, 3582.56, 23, 1, smm_btc, 155023660642, True
btc_pax, None, 0.8, 3582.55, 23, 1, smm_btc, 155023662844, False
btc_pax, None, 0.8, 3582.55, 23, 1, smm_btc, 155023662844, True
btc_pax, None, 0.8, 3582.54, 23, 1, smm_btc, 155023665746, False
btc_pax, None, 0.8, 3582.54, 23, 1, smm_btc, 155023665746, True
btc_pax, None, 0.8, 3578.41, 21, 1, smm_btc, 155023658239, True
btc_pax, None, 0.8, 3582.56, 23, 1, smm_btc, 155023667949, False
btc_pax, None, 0.8, 3578.38, 21, 1, smm_btc, 155023668250, False
btc_pax, None, 0.8, 3582.56, 23, 1, smm_btc, 155023667949, True
btc_pax, None, 0.8, 3578.38, 21, 1, smm_btc, 155023668250, True
btc_pax, None, 0.8, 3582.58, 23, 1, smm_btc, 155023669153, False
btc_pax, None, 0.8, 3581.27, 21, 1, smm_btc, 155023669454, False
btc_pax, None, 0.8, 3581.27, 21, 1, smm_btc, 155023669454, True
btc_pax, None, 0.8, 3582.58, 23, 1, smm_btc, 155023669153, True
btc_pax, None, 0.8, 3581.32, 21, 1, smm_btc, 155023670457, False
btc_pax, None, 0.8, 3582.53, 23, 1, smm_btc, 155023670458, False
btc_pax, None, 0.8, 3581.32, 21, 1, smm_btc, 155023670457, True
btc_pax, None, 0.8, 3582.53, 23, 1, smm_btc, 155023670458, True
btc_pax, None, 0.8, 3581.29, 21, 1, smm_btc, 155023672161, False
btc_pax, None, 0.8, 3582.76, 23, 1, smm_btc, 155023672162, False
btc_pax, None, 0.8, 3581.29, 21, 1, smm_btc, 155023672161, True
btc_pax, None, 0.8, 3582.76, 23, 1, smm_btc, 155023672162, True
btc_pax, None, 0.8, 3581.32, 21, 1, smm_btc, 155023672865, False
btc_pax, None, 0.8, 3582.73, 23, 1, smm_btc, 155023672866, False
btc_pax, None, 0.8, 3581.32, 21, 1, smm_btc, 155023672865, True
btc_pax, None, 0.8, 3582.73, 23, 1, smm_btc, 155023672866, True
btc_pax, None, 0.8, 3580.89, 21, 1, smm_btc, 155023677169, False
btc_pax, None, 0.8, 3582.72, 23, 1, smm_btc, 155023677270, False
btc_pax, None, 0.8, 3580.89, 21, 1, smm_btc, 155023677169, True
btc_pax, None, 0.8, 3580.46, 21, 1, smm_btc, 155023677872, False
btc_pax, None, 0.8, 3580.46, 21, 1, smm_btc, 155023677872, True
btc_pax, None, 0.8, 3582.72, 23, 1, smm_btc, 155023677270, True
btc_pax, None, 0.8, 3573.59, 21, 1, smm_btc, 155023678475, False
btc_pax, None, 0.8, 3589.95, 23, 1, smm_btc, 155023678476, False
btc_pax, None, 0.8, 3573.59, 21, 1, smm_btc, 155023678475, True
btc_pax, None, 0.8, 3589.95, 23, 1, smm_btc, 155023678476, True
btc_pax, None, 0.8, 3581.18, 21, 1, smm_btc, 155023679079, False
btc_pax, None, 0.8, 3583.79, 23, 1, smm_btc, 155023679080, False
btc_pax, None, 0.8, 3581.18, 21, 1, smm_btc, 155023679079, True
btc_pax, None, 0.8, 3583.79, 23, 1, smm_btc, 155023679080, True
btc_pax, None, 0.8, 3581.15, 21, 1, smm_btc, 155023680283, False
btc_pax, None, 0.8, 3583.82, 23, 1, smm_btc, 155023680284, False
btc_pax, None, 0.8, 3581.15, 21, 1, smm_btc, 155023680283, True
btc_pax, None, 0.8, 3583.82, 23, 1, smm_btc, 155023680284, True
btc_pax, None, 0.8, 3581.18, 21, 1, smm_btc, 155023681487, False
btc_pax, None, 0.8, 3583.79, 23, 1, smm_btc, 155023681488, False
btc_pax, None, 0.8, 3583.79, 23, 1, smm_btc, 155023681488, True
btc_pax, None, 0.8, 3583.78, 23, 1, smm_btc, 155023682090, False
btc_pax, None, 0.8, 3581.18, 21, 1, smm_btc, 155023681487, True
btc_pax, None, 0.8, 3580.4, 21, 1, smm_btc, 155023684492, False
btc_pax, None, 0.8, 3583.78, 23, 1, smm_btc, 155023682090, True
btc_pax, None, 0.8, 3580.4, 21, 1, smm_btc, 155023684492, True
btc_pax, None, 0.8, 3583.77, 23, 1, smm_btc, 155023685095, False
btc_pax, None, 0.8, 3580.1, 21, 1, smm_btc, 155023685496, False
btc_pax, None, 0.8, 3583.77, 23, 1, smm_btc, 155023685095, True
btc_pax, None, 0.8, 3582.38, 23, 1, smm_btc, 155023685798, False
btc_pax, None, 0.8, 3580.1, 21, 1, smm_btc, 155023685496, True
btc_pax, None, 0.8, 3579.33, 21, 1, smm_btc, 155023686300, False
btc_pax, None, 0.8, 3582.38, 23, 1, smm_btc, 155023685798, True
btc_pax, None, 0.8, 3582.18, 23, 1, smm_btc, 155023686902, False
btc_pax, None, 0.8, 3579.33, 21, 1, smm_btc, 155023686300, True
btc_pax, None, 0.8, 3582.18, 23, 1, smm_btc, 155023686902, True
btc_pax, None, 0.8, 3571.01, 21, 1, smm_btc, 155023688005, False
btc_pax, None, 0.8, 3586.78, 23, 1, smm_btc, 155023688006, False
btc_pax, None, 0.8, 3571.01, 21, 1, smm_btc, 155023688005, True
btc_pax, None, 0.8, 3578.14, 21, 1, smm_btc, 155023688608, False
btc_pax, None, 0.8, 3586.78, 23, 1, smm_btc, 155023688006, True
btc_pax, None, 0.8, 3580.99, 23, 1, smm_btc, 155023690110, False
btc_pax, None, 0.8, 3578.14, 21, 1, smm_btc, 155023688608, True
btc_pax, None, 0.8, 3580.99, 23, 1, smm_btc, 155023690110, True
btc_pax, None, 0.8, 3577.93, 21, 1, smm_btc, 155023691513, False
btc_pax, None, 0.8, 3578.1, 23, 1, smm_btc, 155023691514, False
btc_pax, None, 0.8, 3578.1, 23, 1, smm_btc, 155023691514, True
btc_pax, None, 0.8, 3577.93, 21, 1, smm_btc, 155023691513, True
btc_pax, None, 0.8, 3578.05, 23, 1, smm_btc, 155023692117, False
btc_pax, None, 0.8, 3577.98, 21, 1, smm_btc, 155023692518, False
btc_pax, None, 0.8, 3578.05, 23, 1, smm_btc, 155023692117, True
btc_pax, None, 0.8, 3580.01, 23, 1, smm_btc, 155023693720, False
btc_pax, None, 0.8, 3577.98, 21, 1, smm_btc, 155023692518, True
btc_pax, None, 0.8, 3580.01, 23, 1, smm_btc, 155023693720, True
btc_pax, None, 0.044692, 3570.24, 21, 1, smm_btc, 155023694023, False
btc_pax, None, 0.8, 3579.99, 23, 1, smm_btc, 155023694724, False
btc_pax, None, 0.044692, 3570.24, 21, 1, smm_btc, 155023694023, True
btc_pax, None, 0.8, 3579.99, 23, 1, smm_btc, 155023694724, True
btc_pax, None, 0.044692, 3570.09, 21, 1, smm_btc, 155023695027, False
btc_pax, None, 0.8, 3579.97, 23, 1, smm_btc, 155023695328, False
btc_pax, None, 0.044692, 3570.09, 21, 1, smm_btc, 155023695027, True
btc_pax, None, 0.8, 3579.97, 23, 1, smm_btc, 155023695328, True
btc_pax, None, 0.044692, 3570.09, 21, 1, smm_btc, 155023695631, False
btc_pax, None, 0.8, 3579.95, 23, 1, smm_btc, 155023695932, False
btc_pax, None, 0.044692, 3570.09, 21, 1, smm_btc, 155023695631, True
btc_pax, None, 0.8, 3579.95, 23, 1, smm_btc, 155023695932, True
btc_pax, None, 0.044692, 3570.24, 21, 1, smm_btc, 155023696235, False
btc_pax, None, 0.8, 3579.93, 23, 1, smm_btc, 155023696636, False
btc_pax, None, 0.8, 3579.93, 23, 1, smm_btc, 155023696636, True
btc_pax, None, 0.8, 3579.71, 23, 1, smm_btc, 155023697238, False
btc_pax, None, 0.8, 3579.71, 23, 1, smm_btc, 155023697238, True
btc_pax, None, 0.8, 3579.51, 23, 1, smm_btc, 155023697840, False
btc_pax, None, 0.8, 3579.51, 23, 1, smm_btc, 155023697840, True
btc_pax, None, 0.8, 3579.45, 23, 1, smm_btc, 155023698542, False
btc_pax, None, 0.8, 3579.45, 23, 1, smm_btc, 155023698542, True
btc_pax, None, 0.044692, 3570.24, 21, 1, smm_btc, 155023696235, True
btc_pax, None, 0.8, 3579.41, 23, 1, smm_btc, 155023699445, False
btc_pax, None, 0.044692, 3570.24, 21, 1, smm_btc, 155023699446, False
btc_pax, None, 0.8, 3579.41, 23, 1, smm_btc, 155023699445, True
btc_pax, None, 0.044692, 3570.24, 21, 1, smm_btc, 155023699446, True
btc_pax, None, 0.8, 3579.39, 23, 1, smm_btc, 155023700249, False
btc_pax, None, 0.044692, 3570.09, 21, 1, smm_btc, 155023700250, False
btc_pax, None, 0.044692, 3570.09, 21, 1, smm_btc, 155023700250, True
btc_pax, None, 0.044692, 3567.86, 21, 1, smm_btc, 155023701052, False
btc_pax, None, 0.044692, 3567.86, 21, 1, smm_btc, 155023701052, True
btc_pax, None, 0.044692, 3567.93, 21, 1, smm_btc, 155023702554, False
btc_pax, None, 0.044692, 3567.93, 21, 1, smm_btc, 155023702554, True
btc_pax, None, 0.044692, 3567.93, 21, 1, smm_btc, 155023703256, False
btc_pax, None, 0.044692, 3567.93, 21, 1, smm_btc, 155023703256, True
btc_pax, None, 0.044692, 3578.91, 21, 1, smm_btc, 155023703958, False
btc_pax, None, 0.8, 3581.0, 23, 1, smm_btc, 155023703959, False
btc_pax, None, 0.044692, 3578.91, 21, 1, smm_btc, 155023703958, True
btc_pax, None, 0.044692, 3578.88, 21, 1, smm_btc, 155023704661, False
btc_pax, None, 0.044692, 3578.88, 21, 1, smm_btc, 155023704661, True
btc_pax, None, 0.8, 3581.0, 23, 1, smm_btc, 155023703959, True
btc_pax, None, 0.8, 3581.02, 23, 1, smm_btc, 155023707764, False
btc_pax, None, 0.044692, 3579.62, 21, 1, smm_btc, 155023708065, False
btc_pax, None, 0.8, 3581.02, 23, 1, smm_btc, 155023707764, True
btc_pax, None, 0.8, 3581.0, 23, 1, smm_btc, 155023708367, False
btc_pax, None, 0.044692, 3579.62, 21, 1, smm_btc, 155023708065, True
btc_pax, None, 0.8, 3581.0, 23, 1, smm_btc, 155023708367, True
btc_pax, None, 0.044692, 3580.4, 21, 1, smm_btc, 155023709770, False
btc_pax, None, 0.044692, 3580.4, 21, 1, smm_btc, 155023709770, True
btc_pax, None, 0.8, 3581.03, 23, 1, smm_btc, 155023710172, False
btc_pax, None, 0.044692, 3580.44, 21, 1, smm_btc, 155023710473, False
btc_pax, None, 0.8, 3581.03, 23, 1, smm_btc, 155023710172, True
btc_pax, None, 0.8, 3581.02, 23, 1, smm_btc, 155023710775, False
btc_pax, None, 0.044692, 3580.44, 21, 1, smm_btc, 155023710473, True
btc_pax, None, 0.8, 3581.02, 23, 1, smm_btc, 155023710775, True
btc_pax, None, 0.8, 3581.03, 23, 1, smm_btc, 155023711378, False
btc_pax, None, 0.044692, 3580.44, 21, 1, smm_btc, 155023711979, False
btc_pax, None, 0.8, 3581.03, 23, 1, smm_btc, 155023711378, True
btc_pax, None, 0.8, 3581.0, 23, 1, smm_btc, 155023712381, False
btc_pax, None, 0.044692, 3580.44, 21, 1, smm_btc, 155023711979, True
btc_pax, None, 0.044692, 3581.53, 21, 1, smm_btc, 155023712983, False
btc_pax, None, 0.8, 3590.79, 23, 1, smm_btc, 155023712984, False
btc_pax, None, 0.044692, 3581.53, 21, 1, smm_btc, 155023712983, True
btc_pax, None, 0.044692, 3581.84, 21, 1, smm_btc, 155023713686, False
btc_pax, None, 0.8, 3590.79, 23, 1, smm_btc, 155023712984, True
btc_pax, None, 0.8, 3590.44, 23, 1, smm_btc, 155023713988, False
btc_pax, None, 0.8, 3590.44, 23, 1, smm_btc, 155023713988, True
btc_pax, None, 0.8, 3590.44, 23, 1, smm_btc, 155023714790, False
btc_pax, None, 0.8, 3590.44, 23, 1, smm_btc, 155023714790, True
btc_pax, None, 0.044692, 3581.84, 21, 1, smm_btc, 155023713686, True
btc_pax, None, 0.8, 3591.51, 23, 1, smm_btc, 155023715493, False
btc_pax, None, 0.8, 3591.51, 23, 1, smm_btc, 155023715493, True
btc_pax, None, 0.8, 3582.37, 21, 1, smm_btc, 155023716095, False
btc_pax, None, 0.8, 3591.7, 23, 1, smm_btc, 155023716096, False
btc_pax, None, 0.8, 3591.7, 23, 1, smm_btc, 155023716096, True
btc_pax, None, 0.8, 3590.48, 23, 1, smm_btc, 155023716998, False
btc_pax, None, 0.8, 3590.48, 23, 1, smm_btc, 155023716998, True
btc_pax, None, 0.8, 3592.24, 23, 1, smm_btc, 155023718300, False
btc_pax, None, 0.8, 3582.37, 21, 1, smm_btc, 155023716095, True
btc_pax, None, 0.8, 3592.24, 23, 1, smm_btc, 155023718300, True
btc_pax, None, 0.762613, 3582.55, 21, 1, smm_btc, 155023720103, False
btc_pax, None, 0.8, 3592.47, 23, 1, smm_btc, 155023720104, False
btc_pax, None, 0.8, 3592.47, 23, 1, smm_btc, 155023720104, True
btc_pax, None, 0.8, 3592.35, 23, 1, smm_btc, 155023722706, False
btc_pax, None, 0.762613, 3582.55, 21, 1, smm_btc, 155023720103, True
btc_pax, None, 0.8, 3592.35, 23, 1, smm_btc, 155023722706, True
btc_pax, None, 0.732466, 3582.57, 21, 1, smm_btc, 155023725109, False
btc_pax, None, 0.8, 3592.01, 23, 1, smm_btc, 155023725110, False
btc_pax, None, 0.732466, 3582.57, 21, 1, smm_btc, 155023725109, True
btc_pax, None, 0.732466, 3582.59, 21, 1, smm_btc, 155023725712, False
btc_pax, None, 0.732466, 3582.59, 21, 1, smm_btc, 155023725712, True
btc_pax, None, 0.8, 3592.01, 23, 1, smm_btc, 155023725110, True
btc_pax, None, 0.732466, 3582.61, 21, 1, smm_btc, 155023726415, False
btc_pax, None, 0.8, 3591.25, 23, 1, smm_btc, 155023726516, False
btc_pax, None, 0.732466, 3582.61, 21, 1, smm_btc, 155023726415, True
btc_pax, None, 0.732466, 3582.63, 21, 1, smm_btc, 155023727118, False
btc_pax, None, 0.732466, 3582.63, 21, 1, smm_btc, 155023727118, True
btc_pax, None, 0.732466, 3582.65, 21, 1, smm_btc, 155023727720, False
btc_pax, None, 0.8, 3591.25, 23, 1, smm_btc, 155023726516, True
btc_pax, None, 0.732466, 3582.65, 21, 1, smm_btc, 155023727720, True
btc_pax, None, 0.8, 3591.78, 23, 1, smm_btc, 155023728023, False
btc_pax, None, 0.732466, 3582.67, 21, 1, smm_btc, 155023728324, False
btc_pax, None, 0.8, 3591.78, 23, 1, smm_btc, 155023728023, True
btc_pax, None, 0.732466, 3582.67, 21, 1, smm_btc, 155023728324, True
btc_pax, None, 0.8, 3592.24, 23, 1, smm_btc, 155023728727, False
btc_pax, None, 0.732466, 3582.61, 21, 1, smm_btc, 155023729128, False
btc_pax, None, 0.732466, 3582.61, 21, 1, smm_btc, 155023729128, True
btc_pax, None, 0.8, 3592.24, 23, 1, smm_btc, 155023728727, True
btc_pax, None, 0.732466, 3582.63, 21, 1, smm_btc, 155023729731, False
btc_pax, None, 0.8, 3592.71, 23, 1, smm_btc, 155023729732, False
btc_pax, None, 0.732466, 3582.63, 21, 1, smm_btc, 155023729731, True
btc_pax, None, 0.8, 3592.71, 23, 1, smm_btc, 155023729732, True
btc_pax, None, 0.732466, 3582.69, 21, 1, smm_btc, 155023730335, False
btc_pax, None, 0.8, 3592.71, 23, 1, smm_btc, 155023730336, False
btc_pax, None, 0.732466, 3582.69, 21, 1, smm_btc, 155023730335, True
btc_pax, None, 0.732466, 3582.91, 21, 1, smm_btc, 155023730938, False
btc_pax, None, 0.732466, 3582.91, 21, 1, smm_btc, 155023730938, True
btc_pax, None, 0.8, 3592.71, 23, 1, smm_btc, 155023730336, True
btc_pax, None, 0.732466, 3582.81, 21, 1, smm_btc, 155023731641, False
btc_pax, None, 0.8, 3592.24, 23, 1, smm_btc, 155023731642, False
btc_pax, None, 0.8, 3592.24, 23, 1, smm_btc, 155023731642, True
btc_pax, None, 0.8, 3592.71, 23, 1, smm_btc, 155023732344, False
btc_pax, None, 0.732466, 3582.81, 21, 1, smm_btc, 155023731641, True
btc_pax, None, 0.8, 3592.71, 23, 1, smm_btc, 155023732344, True
btc_pax, None, 0.732466, 3582.82, 21, 1, smm_btc, 155023732947, False
btc_pax, None, 0.8, 3592.71, 23, 1, smm_btc, 155023733048, False
btc_pax, None, 0.732466, 3582.82, 21, 1, smm_btc, 155023732947, True
btc_pax, None, 0.732466, 3582.81, 21, 1, smm_btc, 155023733750, False
btc_pax, None, 0.732466, 3582.81, 21, 1, smm_btc, 155023733750, True
btc_pax, None, 0.8, 3592.71, 23, 1, smm_btc, 155023733048, True
btc_pax, None, 0.732466, 3582.84, 21, 1, smm_btc, 155023734353, False
btc_pax, None, 0.8, 3593.08, 23, 1, smm_btc, 155023734354, False
btc_pax, None, 0.8, 3593.08, 23, 1, smm_btc, 155023734354, True
btc_pax, None, 0.8, 3593.08, 23, 1, smm_btc, 155023735156, False
btc_pax, None, 0.732466, 3582.84, 21, 1, smm_btc, 155023734353, True
btc_pax, None, 0.8, 3593.08, 23, 1, smm_btc, 155023735156, True
btc_pax, None, 0.732466, 3582.94, 21, 1, smm_btc, 155023735759, False
btc_pax, None, 0.8, 3592.71, 23, 1, smm_btc, 155023735760, False
btc_pax, None, 0.732466, 3582.94, 21, 1, smm_btc, 155023735759, True
btc_pax, None, 0.732466, 3582.82, 21, 1, smm_btc, 155023736362, False
btc_pax, None, 0.8, 3592.71, 23, 1, smm_btc, 155023735760, True
btc_pax, None, 0.732466, 3582.82, 21, 1, smm_btc, 155023736362, True
btc_pax, None, 0.8, 3592.71, 23, 1, smm_btc, 155023736665, False
btc_pax, None, 0.732466, 3583.44, 21, 1, smm_btc, 155023736966, False
btc_pax, None, 0.8, 3592.71, 23, 1, smm_btc, 155023736665, True
btc_pax, None, 0.8, 3592.98, 23, 1, smm_btc, 155023737268, False
btc_pax, None, 0.8, 3592.98, 23, 1, smm_btc, 155023737268, True
btc_pax, None, 0.8, 3592.77, 23, 1, smm_btc, 155023737970, False
btc_pax, None, 0.8, 3592.77, 23, 1, smm_btc, 155023737970, True
btc_pax, None, 0.8, 3584.52, 23, 1, smm_btc, 155023738672, False
btc_pax, None, 0.8, 3584.52, 23, 1, smm_btc, 155023738672, True
btc_pax, None, 0.8, 3582.62, 21, 1, smm_btc, 155023739374, False
btc_pax, None, 0.8, 3584.53, 23, 1, smm_btc, 155023739375, False
btc_pax, None, 0.8, 3582.62, 21, 1, smm_btc, 155023739374, True
btc_pax, None, 0.8, 3584.53, 23, 1, smm_btc, 155023739375, True
btc_pax, None, 0.8, 3582.65, 21, 1, smm_btc, 155023740378, False
btc_pax, None, 0.8, 3584.5, 23, 1, smm_btc, 155023740379, False
btc_pax, None, 0.8, 3584.5, 23, 1, smm_btc, 155023740379, True
btc_pax, None, 0.8, 3582.65, 21, 1, smm_btc, 155023740378, True
btc_pax, None, 0.8, 3584.53, 23, 1, smm_btc, 155023742982, False
btc_pax, None, 0.8, 3583.38, 21, 1, smm_btc, 155023743383, False
btc_pax, None, 0.8, 3583.38, 21, 1, smm_btc, 155023743383, True
btc_pax, None, 0.8, 3584.53, 23, 1, smm_btc, 155023742982, True
btc_pax, None, 0.8, 3583.41, 21, 1, smm_btc, 155023744286, False
btc_pax, None, 0.8, 3584.5, 23, 1, smm_btc, 155023744287, False
btc_pax, None, 0.8, 3584.5, 23, 1, smm_btc, 155023744287, True
btc_pax, None, 0.8, 3584.88, 23, 1, smm_btc, 155023747589, False
btc_pax, None, 0.8, 3583.41, 21, 1, smm_btc, 155023744286, True
btc_pax, None, 0.8, 3584.88, 23, 1, smm_btc, 155023747589, True
btc_pax, None, 0.8, 3583.38, 21, 1, smm_btc, 155023750592, False
btc_pax, None, 0.8, 3584.91, 23, 1, smm_btc, 155023750593, False
btc_pax, None, 0.8, 3583.38, 21, 1, smm_btc, 155023750592, True
btc_pax, None, 0.8, 3584.91, 23, 1, smm_btc, 155023750593, True
btc_pax, None, 0.8, 3583.41, 21, 1, smm_btc, 155023751596, False
btc_pax, None, 0.8, 3584.9, 23, 1, smm_btc, 155023751597, False
btc_pax, None, 0.8, 3584.9, 23, 1, smm_btc, 155023751597, True
btc_pax, None, 0.8, 3584.88, 23, 1, smm_btc, 155023752299, False
btc_pax, None, 0.8, 3584.88, 23, 1, smm_btc, 155023752299, True
btc_pax, None, 0.8, 3584.87, 23, 1, smm_btc, 155023754101, False
btc_pax, None, 0.8, 3583.41, 21, 1, smm_btc, 155023751596, True
btc_pax, None, 0.8, 3581.93, 21, 1, smm_btc, 155023755103, False
btc_pax, None, 0.8, 3584.87, 23, 1, smm_btc, 155023754101, True
btc_pax, None, 0.8, 3584.86, 23, 1, smm_btc, 155023755805, False
btc_pax, None, 0.8, 3581.93, 21, 1, smm_btc, 155023755103, True
btc_pax, None, 0.8, 3584.86, 23, 1, smm_btc, 155023755805, True
btc_pax, None, 0.8, 3581.49, 21, 1, smm_btc, 155023756408, False
btc_pax, None, 0.8, 3584.9, 23, 1, smm_btc, 155023756509, False
btc_pax, None, 0.8, 3581.49, 21, 1, smm_btc, 155023756408, True
btc_pax, None, 0.8, 3584.9, 23, 1, smm_btc, 155023756509, True
btc_pax, None, 0.8, 3575.08, 21, 1, smm_btc, 155023757812, False
btc_pax, None, 0.8, 3592.54, 23, 1, smm_btc, 155023757813, False
btc_pax, None, 0.8, 3575.08, 21, 1, smm_btc, 155023757812, True
btc_pax, None, 0.8, 3581.53, 21, 1, smm_btc, 155023758415, False
btc_pax, None, 0.8, 3592.54, 23, 1, smm_btc, 155023757813, True
btc_pax, None, 0.8, 3584.79, 23, 1, smm_btc, 155023758717, False
btc_pax, None, 0.8, 3581.53, 21, 1, smm_btc, 155023758415, True
btc_pax, None, 0.8, 3584.79, 23, 1, smm_btc, 155023758717, True
btc_pax, None, 0.8, 3580.45, 21, 1, smm_btc, 155023759320, False
btc_pax, None, 0.8, 3584.78, 23, 1, smm_btc, 155023759321, False
btc_pax, None, 0.8, 3584.78, 23, 1, smm_btc, 155023759321, True
btc_pax, None, 0.8, 3584.77, 23, 1, smm_btc, 155023760223, False
btc_pax, None, 0.8, 3580.45, 21, 1, smm_btc, 155023759320, True
btc_pax, None, 0.8, 3580.4, 21, 1, smm_btc, 155023761525, False
btc_pax, None, 0.8, 3580.4, 21, 1, smm_btc, 155023761525, True
btc_pax, None, 0.8, 3580.45, 21, 1, smm_btc, 155023762127, False
btc_pax, None, 0.8, 3584.77, 23, 1, smm_btc, 155023760223, True
btc_pax, None, 0.8, 3583.57, 23, 1, smm_btc, 155023763029, False
btc_pax, None, 0.8, 3583.57, 23, 1, smm_btc, 155023763029, True
btc_pax, None, 0.8, 3583.56, 23, 1, smm_btc, 155023764331, False
btc_pax, None, 0.8, 3580.45, 21, 1, smm_btc, 155023762127, True
btc_pax, None, 0.8, 3583.56, 23, 1, smm_btc, 155023764331, True
btc_pax, None, 0.8, 3583.55, 23, 1, smm_btc, 155023765634, False
btc_pax, None, 0.8, 3581.29, 21, 1, smm_btc, 155023765935, False
btc_pax, None, 0.8, 3583.55, 23, 1, smm_btc, 155023765634, True
btc_pax, None, 0.8, 3583.58, 23, 1, smm_btc, 155023766237, False
btc_pax, None, 0.8, 3581.29, 21, 1, smm_btc, 155023765935, True
btc_pax, None, 0.8, 3583.58, 23, 1, smm_btc, 155023766237, True
btc_pax, None, 0.8, 3581.32, 21, 1, smm_btc, 155023767340, False
btc_pax, None, 0.8, 3583.55, 23, 1, smm_btc, 155023767341, False
btc_pax, None, 0.8, 3583.55, 23, 1, smm_btc, 155023767341, True
btc_pax, None, 0.8, 3583.54, 23, 1, smm_btc, 155023768043, False
btc_pax, None, 0.8, 3581.32, 21, 1, smm_btc, 155023767340, True
btc_pax, None, 0.8, 3582.12, 21, 1, smm_btc, 155023769745, False
btc_pax, None, 0.8, 3592.14, 23, 1, smm_btc, 155023769746, False
btc_pax, None, 0.8, 3582.12, 21, 1, smm_btc, 155023769745, True
btc_pax, None, 0.8, 3592.14, 23, 1, smm_btc, 155023769746, True
btc_pax, None, 0.8, 3582.14, 21, 1, smm_btc, 155023770349, False
btc_pax, None, 0.8, 3592.14, 23, 1, smm_btc, 155023770350, False
btc_pax, None, 0.8, 3592.14, 23, 1, smm_btc, 155023770350, True
btc_pax, None, 0.8, 3592.17, 23, 1, smm_btc, 155023771152, False
btc_pax, None, 0.8, 3592.17, 23, 1, smm_btc, 155023771152, True
btc_pax, None, 0.8, 3582.14, 21, 1, smm_btc, 155023770349, True
btc_pax, None, 0.8, 3591.77, 23, 1, smm_btc, 155023771955, False
btc_pax, None, 0.8, 3582.18, 21, 1, smm_btc, 155023772756, False
btc_pax, None, 0.8, 3591.77, 23, 1, smm_btc, 155023771955, True
btc_pax, None, 0.8, 3592.14, 23, 1, smm_btc, 155023775258, False
btc_pax, None, 0.8, 3592.14, 23, 1, smm_btc, 155023775258, True
btc_pax, None, 0.8, 3591.32, 23, 1, smm_btc, 155023776260, False
btc_pax, None, 0.8, 3591.32, 23, 1, smm_btc, 155023776260, True
btc_pax, None, 0.8, 3590.44, 23, 1, smm_btc, 155023778562, False
btc_pax, None, 0.8, 3590.44, 23, 1, smm_btc, 155023778562, True
btc_pax, None, 0.8, 3591.66, 23, 1, smm_btc, 155023781664, False
btc_pax, None, 0.8, 3591.66, 23, 1, smm_btc, 155023781664, True
btc_pax, None, 0.8, 3591.32, 23, 1, smm_btc, 155023782266, False
btc_pax, None, 0.8, 3591.32, 23, 1, smm_btc, 155023782266, True
btc_pax, None, 0.8, 3591.32, 23, 1, smm_btc, 155023783868, False
btc_pax, None, 0.8, 3591.32, 23, 1, smm_btc, 155023783868, True
btc_pax, None, 0.8, 3591.34, 23, 1, smm_btc, 155023784970, False
btc_pax, None, 0.8, 3591.34, 23, 1, smm_btc, 155023784970, True
btc_pax, None, 0.8, 3591.32, 23, 1, smm_btc, 155023786972, False
btc_pax, None, 0.8, 3591.32, 23, 1, smm_btc, 155023786972, True
btc_pax, None, 0.8, 3575.0, 21, 1, smm_btc, 155023788174, False
btc_pax, None, 0.8, 3590.44, 23, 1, smm_btc, 155023788175, False
btc_pax, None, 0.8, 3590.44, 23, 1, smm_btc, 155023788175, True
btc_pax, None, 0.8, 3575.0, 21, 1, smm_btc, 155023788174, True
btc_pax, None, 0.8, 3580.27, 21, 1, smm_btc, 155023789178, False
btc_pax, None, 0.8, 3584.67, 23, 1, smm_btc, 155023789479, False
btc_pax, None, 0.8, 3584.67, 23, 1, smm_btc, 155023789479, True
btc_pax, None, 0.8, 3584.66, 23, 1, smm_btc, 155023790481, False
btc_pax, None, 0.8, 3580.27, 21, 1, smm_btc, 155023789178, True
btc_pax, None, 0.8, 3580.99, 21, 1, smm_btc, 155023791683, False
btc_pax, None, 0.8, 3584.66, 23, 1, smm_btc, 155023790481, True
btc_pax, None, 0.8, 3584.65, 23, 1, smm_btc, 155023793185, False
btc_pax, None, 0.8, 3584.65, 23, 1, smm_btc, 155023793185, True
btc_pax, None, 0.8, 3584.64, 23, 1, smm_btc, 155023794687, False
btc_pax, None, 0.8, 3580.99, 21, 1, smm_btc, 155023791683, True
btc_pax, None, 0.8, 3580.15, 21, 1, smm_btc, 155023795989, False
btc_pax, None, 0.8, 3580.15, 21, 1, smm_btc, 155023795989, True
btc_pax, None, 0.8, 3584.64, 23, 1, smm_btc, 155023794687, True
btc_pax, None, 0.8, 3584.18, 23, 1, smm_btc, 155023796892, False
btc_pax, None, 0.8, 3580.92, 21, 1, smm_btc, 155023797193, False
btc_pax, None, 0.8, 3580.92, 21, 1, smm_btc, 155023797193, True
btc_pax, None, 0.8, 3584.18, 23, 1, smm_btc, 155023796892, True
btc_pax, None, 0.8, 3580.35, 21, 1, smm_btc, 155023798996, False
btc_pax, None, 0.8, 3584.21, 23, 1, smm_btc, 155023798997, False
btc_pax, None, 0.8, 3580.35, 21, 1, smm_btc, 155023798996, True
btc_pax, None, 0.8, 3584.21, 23, 1, smm_btc, 155023798997, True
btc_pax, None, 0.8, 3580.36, 21, 1, smm_btc, 155023799500, False
btc_pax, None, 0.8, 3584.2, 23, 1, smm_btc, 155023799501, False
btc_pax, None, 0.8, 3580.36, 21, 1, smm_btc, 155023799500, True
btc_pax, None, 0.8, 3580.39, 21, 1, smm_btc, 155023800503, False
btc_pax, None, 0.8, 3584.2, 23, 1, smm_btc, 155023799501, True
btc_pax, None, 0.8, 3584.17, 23, 1, smm_btc, 155023801205, False
btc_pax, None, 0.8, 3584.17, 23, 1, smm_btc, 155023801205, True
btc_pax, None, 0.8, 3584.16, 23, 1, smm_btc, 155023802407, False
btc_pax, None, 0.8, 3580.39, 21, 1, smm_btc, 155023800503, True
btc_pax, None, 0.8, 3584.16, 23, 1, smm_btc, 155023802407, True
btc_pax, None, 0.8, 3581.29, 21, 1, smm_btc, 155023804210, False
btc_pax, None, 0.8, 3584.18, 23, 1, smm_btc, 155023804211, False
btc_pax, None, 0.8, 3581.29, 21, 1, smm_btc, 155023804210, True
btc_pax, None, 0.8, 3581.32, 21, 1, smm_btc, 155023805513, False
btc_pax, None, 0.8, 3584.18, 23, 1, smm_btc, 155023804211, True
btc_pax, None, 0.8, 3584.15, 23, 1, smm_btc, 155023806515, False
btc_pax, None, 0.8, 3581.32, 21, 1, smm_btc, 155023805513, True
btc_pax, None, 0.8, 3579.9, 21, 1, smm_btc, 155023808217, False
btc_pax, None, 0.8, 3584.15, 23, 1, smm_btc, 155023806515, True
btc_pax, None, 0.8, 3584.14, 23, 1, smm_btc, 155023808619, False
btc_pax, None, 0.8, 3584.14, 23, 1, smm_btc, 155023808619, True
btc_pax, None, 0.8, 3584.13, 23, 1, smm_btc, 155023810121, False
btc_pax, None, 0.8, 3584.13, 23, 1, smm_btc, 155023810121, True
btc_pax, None, 0.8, 3584.12, 23, 1, smm_btc, 155023812423, False
btc_pax, None, 0.8, 3579.9, 21, 1, smm_btc, 155023808217, True
btc_pax, None, 0.8, 3584.12, 23, 1, smm_btc, 155023812423, True
btc_pax, None, 0.8, 3579.87, 21, 1, smm_btc, 155023814326, False
btc_pax, None, 0.8, 3584.14, 23, 1, smm_btc, 155023814727, False
btc_pax, None, 0.8, 3584.14, 23, 1, smm_btc, 155023814727, True
btc_pax, None, 0.8, 3579.87, 21, 1, smm_btc, 155023814326, True
btc_pax, None, 0.8, 3583.43, 23, 1, smm_btc, 155023816230, False
btc_pax, None, 0.8, 3579.9, 21, 1, smm_btc, 155023817231, False
btc_pax, None, 0.8, 3579.9, 21, 1, smm_btc, 155023817231, True
btc_pax, None, 0.8, 3579.9, 21, 1, smm_btc, 155023818233, False
btc_pax, None, 0.8, 3583.43, 23, 1, smm_btc, 155023816230, True
btc_pax, None, 0.8, 3579.9, 21, 1, smm_btc, 155023818233, True
btc_pax, None, 0.8, 3591.05, 23, 1, smm_btc, 155023819336, False
btc_pax, None, 0.8, 3572.5, 21, 1, smm_btc, 155023819637, False
btc_pax, None, 0.8, 3572.5, 21, 1, smm_btc, 155023819637, True
btc_pax, None, 0.8, 3579.85, 21, 1, smm_btc, 155023820239, False
btc_pax, None, 0.8, 3591.05, 23, 1, smm_btc, 155023819336, True
btc_pax, None, 0.8, 3579.85, 21, 1, smm_btc, 155023820239, True
btc_pax, None, 0.8, 3584.11, 23, 1, smm_btc, 155023820842, False
btc_pax, None, 0.8, 3579.9, 21, 1, smm_btc, 155023821243, False
btc_pax, None, 0.8, 3584.11, 23, 1, smm_btc, 155023820842, True
btc_pax, None, 0.8, 3579.9, 21, 1, smm_btc, 155023821243, True
btc_pax, None, 0.8, 3584.15, 23, 1, smm_btc, 155023821546, False
btc_pax, None, 0.8, 3579.85, 21, 1, smm_btc, 155023821847, False
btc_pax, None, 0.8, 3579.85, 21, 1, smm_btc, 155023821847, True
btc_pax, None, 0.8, 3584.15, 23, 1, smm_btc, 155023821546, True
btc_pax, None, 0.8, 3579.9, 21, 1, smm_btc, 155023823550, False
btc_pax, None, 0.8, 3584.19, 23, 1, smm_btc, 155023823551, False
btc_pax, None, 0.8, 3579.9, 21, 1, smm_btc, 155023823550, True
btc_pax, None, 0.8, 3582.54, 21, 1, smm_btc, 155023826753, False
btc_pax, None, 0.8, 3593.34, 23, 1, smm_btc, 155023826754, False
btc_pax, None, 0.8, 3582.54, 21, 1, smm_btc, 155023826753, True
btc_pax, None, 0.8, 3593.34, 23, 1, smm_btc, 155023826754, True
btc_pax, None, 0.8, 3583.44, 21, 1, smm_btc, 155023827957, False
btc_pax, None, 0.8, 3591.94, 23, 1, smm_btc, 155023827958, False
btc_pax, None, 0.8, 3583.44, 21, 1, smm_btc, 155023827957, True
btc_pax, None, 0.8, 3591.94, 23, 1, smm_btc, 155023827958, True
btc_pax, None, 0.304656, 3582.68, 21, 1, smm_btc, 155023828761, False
btc_pax, None, 0.8, 3593.1, 23, 1, smm_btc, 155023828762, False
btc_pax, None, 0.304656, 3582.68, 21, 1, smm_btc, 155023828761, True
btc_pax, None, 0.304656, 3582.89, 21, 1, smm_btc, 155023829464, False
btc_pax, None, 0.8, 3593.1, 23, 1, smm_btc, 155023828762, True
btc_pax, None, 0.304656, 3582.89, 21, 1, smm_btc, 155023829464, True
btc_pax, None, 0.8, 3593.34, 23, 1, smm_btc, 155023829867, False
btc_pax, None, 0.304656, 3582.99, 21, 1, smm_btc, 155023830168, False
btc_pax, None, 0.8, 3593.34, 23, 1, smm_btc, 155023829867, True
btc_pax, None, 0.304656, 3582.99, 21, 1, smm_btc, 155023830168, True
btc_pax, None, 0.8, 3593.1, 23, 1, smm_btc, 155023830571, False
btc_pax, None, 0.304656, 3583.18, 21, 1, smm_btc, 155023830772, False
btc_pax, None, 0.304656, 3583.18, 21, 1, smm_btc, 155023830772, True
btc_pax, None, 0.8, 3593.1, 23, 1, smm_btc, 155023830571, True
btc_pax, None, 0.304656, 3581.94, 21, 1, smm_btc, 155023831375, False
btc_pax, None, 0.8, 3592.24, 23, 1, smm_btc, 155023831376, False
btc_pax, None, 0.304656, 3581.94, 21, 1, smm_btc, 155023831375, True
btc_pax, None, 0.8, 3592.24, 23, 1, smm_btc, 155023831376, True
btc_pax, None, 0.304656, 3582.01, 21, 1, smm_btc, 155023831979, False
btc_pax, None, 0.8, 3592.24, 23, 1, smm_btc, 155023831980, False
btc_pax, None, 0.304656, 3582.01, 21, 1, smm_btc, 155023831979, True
btc_pax, None, 0.304656, 3581.84, 21, 1, smm_btc, 155023832582, False
btc_pax, None, 0.304656, 3581.84, 21, 1, smm_btc, 155023832582, True
btc_pax, None, 0.304656, 3581.91, 21, 1, smm_btc, 155023833184, False
btc_pax, None, 0.304656, 3581.91, 21, 1, smm_btc, 155023833184, True
btc_pax, None, 0.8, 3592.24, 23, 1, smm_btc, 155023831980, True
btc_pax, None, 0.304656, 3581.91, 21, 1, smm_btc, 155023833787, False
btc_pax, None, 0.8, 3592.24, 23, 1, smm_btc, 155023833788, False
btc_pax, None, 0.304656, 3581.91, 21, 1, smm_btc, 155023833787, True
btc_pax, None, 0.304656, 3581.73, 21, 1, smm_btc, 155023834490, False
btc_pax, None, 0.8, 3592.24, 23, 1, smm_btc, 155023833788, True
btc_pax, None, 0.8, 3591.22, 23, 1, smm_btc, 155023834892, False
btc_pax, None, 0.304656, 3581.73, 21, 1, smm_btc, 155023834490, True
btc_pax, None, 0.8, 3591.22, 23, 1, smm_btc, 155023834892, True
btc_pax, None, 0.289873, 3581.73, 21, 1, smm_btc, 155023835495, False
btc_pax, None, 0.8, 3592.24, 23, 1, smm_btc, 155023835496, False
btc_pax, None, 0.8, 3592.24, 23, 1, smm_btc, 155023835496, True
btc_pax, None, 0.8, 3592.42, 23, 1, smm_btc, 155023836198, False
btc_pax, None, 0.8, 3592.42, 23, 1, smm_btc, 155023836198, True
btc_pax, None, 0.8, 3591.5, 23, 1, smm_btc, 155023836700, False
btc_pax, None, 0.8, 3591.5, 23, 1, smm_btc, 155023836700, True
btc_pax, None, 0.8, 3591.5, 23, 1, smm_btc, 155023838602, False
btc_pax, None, 0.8, 3591.5, 23, 1, smm_btc, 155023838602, True
btc_pax, None, 0.8, 3590.76, 23, 1, smm_btc, 155023839704, False
btc_pax, None, 0.289873, 3581.73, 21, 1, smm_btc, 155023835495, True
btc_pax, None, 0.289873, 3582.11, 21, 1, smm_btc, 155023841906, False
btc_pax, None, 0.8, 3590.76, 23, 1, smm_btc, 155023839704, True
btc_pax, None, 0.8, 3590.76, 23, 1, smm_btc, 155023842408, False
btc_pax, None, 0.289873, 3582.11, 21, 1, smm_btc, 155023841906, True
btc_pax, None, 0.8, 3590.76, 23, 1, smm_btc, 155023842408, True
btc_pax, None, 0.129218, 3582.06, 21, 1, smm_btc, 155023844111, False
btc_pax, None, 0.8, 3583.95, 23, 1, smm_btc, 155023844112, False
btc_pax, None, 0.129218, 3582.06, 21, 1, smm_btc, 155023844111, True
btc_pax, None, 0.8, 3583.95, 23, 1, smm_btc, 155023844112, True
btc_pax, None, 0.129218, 3582.1, 21, 1, smm_btc, 155023845115, False
btc_pax, None, 0.8, 3583.91, 23, 1, smm_btc, 155023845116, False
btc_pax, None, 0.8, 3583.91, 23, 1, smm_btc, 155023845116, True
btc_pax, None, 0.8, 3583.93, 23, 1, smm_btc, 155023846118, False
btc_pax, None, 0.8, 3583.93, 23, 1, smm_btc, 155023846118, True
btc_pax, None, 0.8, 3583.16, 23, 1, smm_btc, 155023847320, False
btc_pax, None, 0.129218, 3582.1, 21, 1, smm_btc, 155023845115, True
btc_pax, None, 0.129218, 3580.81, 21, 1, smm_btc, 155023850522, False
btc_pax, None, 0.129218, 3580.81, 21, 1, smm_btc, 155023850522, True
btc_pax, None, 0.129218, 3580.8, 21, 1, smm_btc, 155023854024, False
btc_pax, None, 0.129218, 3580.8, 21, 1, smm_btc, 155023854024, True
btc_pax, None, 0.8, 3583.16, 23, 1, smm_btc, 155023847320, True
btc_pax, None, 0.129218, 3582.11, 21, 1, smm_btc, 155023855727, False
btc_pax, None, 0.593324, 3590.9, 23, 1, smm_btc, 155023855728, False
btc_pax, None, 0.129218, 3582.11, 21, 1, smm_btc, 155023855727, True
btc_pax, None, 0.129218, 3582.14, 21, 1, smm_btc, 155023856330, False
btc_pax, None, 0.129218, 3582.14, 21, 1, smm_btc, 155023856330, True
btc_pax, None, 0.593324, 3590.9, 23, 1, smm_btc, 155023855728, True
btc_pax, None, 0.129218, 3582.11, 21, 1, smm_btc, 155023857133, False
btc_pax, None, 0.593324, 3590.9, 23, 1, smm_btc, 155023857134, False
btc_pax, None, 0.593324, 3590.9, 23, 1, smm_btc, 155023857134, True
btc_pax, None, 0.129218, 3582.11, 21, 1, smm_btc, 155023857133, True
btc_pax, None, 0.593324, 3591.22, 23, 1, smm_btc, 155023858437, False
btc_pax, None, 0.129218, 3582.15, 21, 1, smm_btc, 155023858738, False
btc_pax, None, 0.593324, 3591.22, 23, 1, smm_btc, 155023858437, True
btc_pax, None, 0.129218, 3582.15, 21, 1, smm_btc, 155023858738, True
btc_pax, None, 0.593324, 3590.9, 23, 1, smm_btc, 155023859041, False
btc_pax, None, 0.129218, 3582.11, 21, 1, smm_btc, 155023859342, False
btc_pax, None, 0.593324, 3590.9, 23, 1, smm_btc, 155023859041, True
btc_pax, None, 0.593324, 3590.76, 23, 1, smm_btc, 155023859744, False
btc_pax, None, 0.593324, 3590.76, 23, 1, smm_btc, 155023859744, True
btc_pax, None, 0.593324, 3590.9, 23, 1, smm_btc, 155023861146, False
btc_pax, None, 0.129218, 3582.11, 21, 1, smm_btc, 155023859342, True
btc_pax, None, 0.593324, 3590.9, 23, 1, smm_btc, 155023861146, True
btc_pax, None, 0.129218, 3582.16, 21, 1, smm_btc, 155023862749, False
btc_pax, None, 0.593324, 3591.22, 23, 1, smm_btc, 155023862850, False
btc_pax, None, 0.129218, 3582.16, 21, 1, smm_btc, 155023862749, True
btc_pax, None, 0.129218, 3582.2, 21, 1, smm_btc, 155023863452, False
btc_pax, None, 0.129218, 3582.2, 21, 1, smm_btc, 155023863452, True
btc_pax, None, 0.593324, 3591.22, 23, 1, smm_btc, 155023862850, True
btc_pax, None, 0.129218, 3582.24, 21, 1, smm_btc, 155023864155, False
btc_pax, None, 0.593324, 3590.9, 23, 1, smm_btc, 155023864156, False
btc_pax, None, 0.129218, 3582.24, 21, 1, smm_btc, 155023864155, True
btc_pax, None, 0.129218, 3582.34, 21, 1, smm_btc, 155023864758, False
btc_pax, None, 0.593324, 3590.9, 23, 1, smm_btc, 155023864156, True
btc_pax, None, 0.129218, 3582.34, 21, 1, smm_btc, 155023864758, True
btc_pax, None, 0.593324, 3590.9, 23, 1, smm_btc, 155023865061, False
btc_pax, None, 0.129218, 3582.39, 21, 1, smm_btc, 155023865562, False
btc_pax, None, 0.129218, 3582.39, 21, 1, smm_btc, 155023865562, True
btc_pax, None, 0.129218, 3582.41, 21, 1, smm_btc, 155023866164, False
btc_pax, None, 0.593324, 3590.9, 23, 1, smm_btc, 155023865061, True
btc_pax, None, 0.129218, 3582.41, 21, 1, smm_btc, 155023866164, True
btc_pax, None, 0.593324, 3590.9, 23, 1, smm_btc, 155023866667, False
btc_pax, None, 0.129218, 3582.67, 21, 1, smm_btc, 155023866968, False
btc_pax, None, 0.593324, 3590.9, 23, 1, smm_btc, 155023866667, True
btc_pax, None, 0.129218, 3582.67, 21, 1, smm_btc, 155023866968, True
btc_pax, None, 0.593324, 3590.9, 23, 1, smm_btc, 155023867271, False
btc_pax, None, 0.129218, 3582.74, 21, 1, smm_btc, 155023867572, False
btc_pax, None, 0.593324, 3590.9, 23, 1, smm_btc, 155023867271, True
btc_pax, None, 0.129218, 3582.74, 21, 1, smm_btc, 155023867572, True
btc_pax, None, 0.593324, 3591.22, 23, 1, smm_btc, 155023867875, False
btc_pax, None, 0.129218, 3582.94, 21, 1, smm_btc, 155023868176, False
btc_pax, None, 0.593324, 3591.22, 23, 1, smm_btc, 155023867875, True
btc_pax, None, 0.129218, 3582.94, 21, 1, smm_btc, 155023868176, True
btc_pax, None, 0.593324, 3590.9, 23, 1, smm_btc, 155023868479, False
btc_pax, None, 0.129218, 3583.16, 21, 1, smm_btc, 155023868780, False
btc_pax, None, 0.593324, 3590.9, 23, 1, smm_btc, 155023868479, True
btc_pax, None, 0.129218, 3583.16, 21, 1, smm_btc, 155023868780, True
btc_pax, None, 0.593324, 3590.9, 23, 1, smm_btc, 155023869383, False
btc_pax, None, 0.129218, 3583.39, 21, 1, smm_btc, 155023869684, False
btc_pax, None, 0.129218, 3583.39, 21, 1, smm_btc, 155023869684, True
btc_pax, None, 0.593324, 3590.9, 23, 1, smm_btc, 155023869383, True
btc_pax, None, 0.129218, 3583.53, 21, 1, smm_btc, 155023870287, False
btc_pax, None, 0.593324, 3590.9, 23, 1, smm_btc, 155023870288, False
btc_pax, None, 0.129218, 3583.53, 21, 1, smm_btc, 155023870287, True
btc_pax, None, 0.129218, 3583.58, 21, 1, smm_btc, 155023870890, False
btc_pax, None, 0.129218, 3583.58, 21, 1, smm_btc, 155023870890, True
btc_pax, None, 0.593324, 3590.9, 23, 1, smm_btc, 155023870288, True
btc_pax, None, 0.129218, 3583.64, 21, 1, smm_btc, 155023871993, False
btc_pax, None, 0.593324, 3592.24, 23, 1, smm_btc, 155023871994, False
btc_pax, None, 0.129218, 3583.64, 21, 1, smm_btc, 155023871993, True
btc_pax, None, 0.129218, 3583.7, 21, 1, smm_btc, 155023872596, False
btc_pax, None, 0.129218, 3583.7, 21, 1, smm_btc, 155023872596, True
btc_pax, None, 0.129218, 3583.91, 21, 1, smm_btc, 155023873198, False
btc_pax, None, 0.593324, 3592.24, 23, 1, smm_btc, 155023871994, True
btc_pax, None, 0.129218, 3583.91, 21, 1, smm_btc, 155023873198, True
btc_pax, None, 0.593324, 3591.22, 23, 1, smm_btc, 155023873401, False
btc_pax, None, 0.129218, 3584.19, 21, 1, smm_btc, 155023874102, False
btc_pax, None, 0.593324, 3591.22, 23, 1, smm_btc, 155023873401, True
btc_pax, None, 0.129218, 3584.19, 21, 1, smm_btc, 155023874102, True
btc_pax, None, 0.593324, 3592.24, 23, 1, smm_btc, 155023874605, False
btc_pax, None, 0.129218, 3584.25, 21, 1, smm_btc, 155023874906, False
btc_pax, None, 0.129218, 3584.25, 21, 1, smm_btc, 155023874906, True
btc_pax, None, 0.129218, 3584.31, 21, 1, smm_btc, 155023875608, False
btc_pax, None, 0.129218, 3584.31, 21, 1, smm_btc, 155023875608, True
btc_pax, None, 0.129218, 3584.38, 21, 1, smm_btc, 155023876310, False
btc_pax, None, 0.593324, 3592.24, 23, 1, smm_btc, 155023874605, True
btc_pax, None, 0.593324, 3592.24, 23, 1, smm_btc, 155023877112, False
btc_pax, None, 0.593324, 3592.24, 23, 1, smm_btc, 155023877112, True
btc_pax, None, 0.593324, 3592.24, 23, 1, smm_btc, 155023878314, False
btc_pax, None, 0.129218, 3584.38, 21, 1, smm_btc, 155023876310, True
btc_pax, None, 0.129218, 3584.4, 21, 1, smm_btc, 155023879516, False
btc_pax, None, 0.129218, 3584.4, 21, 1, smm_btc, 155023879516, True
btc_pax, None, 0.129218, 3584.42, 21, 1, smm_btc, 155023880818, False
btc_pax, None, 0.129218, 3584.42, 21, 1, smm_btc, 155023880818, True
btc_pax, None, 0.593324, 3592.24, 23, 1, smm_btc, 155023878314, True
btc_pax, None, 0.129218, 3584.44, 21, 1, smm_btc, 155023881621, False
btc_pax, None, 0.593324, 3592.24, 23, 1, smm_btc, 155023881622, False
btc_pax, None, 0.129218, 3584.44, 21, 1, smm_btc, 155023881621, True
btc_pax, None, 0.593324, 3592.24, 23, 1, smm_btc, 155023881622, True
btc_pax, None, 0.129218, 3584.65, 21, 1, smm_btc, 155023882325, False
btc_pax, None, 0.593324, 3592.99, 23, 1, smm_btc, 155023882326, False
btc_pax, None, 0.129218, 3584.65, 21, 1, smm_btc, 155023882325, True
btc_pax, None, 0.593324, 3592.99, 23, 1, smm_btc, 155023882326, True
btc_pax, None, 0.129218, 3584.71, 21, 1, smm_btc, 155023882929, False
btc_pax, None, 0.593324, 3592.24, 23, 1, smm_btc, 155023882930, False
btc_pax, None, 0.129218, 3584.71, 21, 1, smm_btc, 155023882929, True
btc_pax, None, 0.129218, 3585.15, 21, 1, smm_btc, 155023883832, False
btc_pax, None, 0.593324, 3592.24, 23, 1, smm_btc, 155023882930, True
btc_pax, None, 0.129218, 3585.15, 21, 1, smm_btc, 155023883832, True
btc_pax, None, 0.593324, 3595.09, 23, 1, smm_btc, 155023884135, False
btc_pax, None, 0.129218, 3585.21, 21, 1, smm_btc, 155023884436, False
btc_pax, None, 0.129218, 3585.21, 21, 1, smm_btc, 155023884436, True
btc_pax, None, 0.129218, 3585.4, 21, 1, smm_btc, 155023885038, False
btc_pax, None, 0.129218, 3585.4, 21, 1, smm_btc, 155023885038, True
btc_pax, None, 0.129218, 3585.46, 21, 1, smm_btc, 155023885840, False
btc_pax, None, 0.593324, 3595.09, 23, 1, smm_btc, 155023884135, True
btc_pax, None, 0.129218, 3585.46, 21, 1, smm_btc, 155023885840, True
btc_pax, None, 0.593324, 3595.38, 23, 1, smm_btc, 155023886143, False
btc_pax, None, 0.129218, 3585.62, 21, 1, smm_btc, 155023886644, False
btc_pax, None, 0.593324, 3595.38, 23, 1, smm_btc, 155023886143, True
btc_pax, None, 0.593324, 3595.34, 23, 1, smm_btc, 155023887146, False
btc_pax, None, 0.593324, 3595.34, 23, 1, smm_btc, 155023887146, True
btc_pax, None, 0.593324, 3594.51, 23, 1, smm_btc, 155023887848, False
btc_pax, None, 0.593324, 3594.51, 23, 1, smm_btc, 155023887848, True
btc_pax, None, 0.593324, 3595.38, 23, 1, smm_btc, 155023889950, False
btc_pax, None, 0.129218, 3585.62, 21, 1, smm_btc, 155023886644, True
btc_pax, None, 0.593324, 3595.38, 23, 1, smm_btc, 155023889950, True
btc_pax, None, 0.129218, 3585.64, 21, 1, smm_btc, 155023890953, False
btc_pax, None, 0.593324, 3595.16, 23, 1, smm_btc, 155023890954, False
btc_pax, None, 0.593324, 3595.16, 23, 1, smm_btc, 155023890954, True
btc_pax, None, 0.593324, 3595.16, 23, 1, smm_btc, 155023892656, False
btc_pax, None, 0.129218, 3585.64, 21, 1, smm_btc, 155023890953, True
btc_pax, None, 0.593324, 3595.16, 23, 1, smm_btc, 155023892656, True
btc_pax, None, 0.129218, 3585.66, 21, 1, smm_btc, 155023893859, False
btc_pax, None, 0.593324, 3595.16, 23, 1, smm_btc, 155023893860, False
btc_pax, None, 0.129218, 3585.66, 21, 1, smm_btc, 155023893859, True
btc_pax, None, 0.129218, 3585.68, 21, 1, smm_btc, 155023894462, False
btc_pax, None, 0.593324, 3595.16, 23, 1, smm_btc, 155023893860, True
btc_pax, None, 0.593324, 3595.16, 23, 1, smm_btc, 155023894864, False
btc_pax, None, 0.129218, 3585.68, 21, 1, smm_btc, 155023894462, True
btc_pax, None, 0.129218, 3585.7, 21, 1, smm_btc, 155023895666, False
btc_pax, None, 0.593324, 3595.16, 23, 1, smm_btc, 155023894864, True
btc_pax, None, 0.593324, 3596.0, 23, 1, smm_btc, 155023896268, False
btc_pax, None, 0.129218, 3585.7, 21, 1, smm_btc, 155023895666, True
btc_pax, None, 0.129218, 3585.72, 21, 1, smm_btc, 155023896870, False
btc_pax, None, 0.129218, 3585.72, 21, 1, smm_btc, 155023896870, True
btc_pax, None, 0.129218, 3585.74, 21, 1, smm_btc, 155023898172, False
btc_pax, None, 0.129218, 3585.74, 21, 1, smm_btc, 155023898172, True
btc_pax, None, 0.129218, 3585.81, 21, 1, smm_btc, 155023898774, False
btc_pax, None, 0.593324, 3596.0, 23, 1, smm_btc, 155023896268, True
btc_pax, None, 0.129218, 3585.81, 21, 1, smm_btc, 155023898774, True
btc_pax, None, 0.593324, 3595.34, 23, 1, smm_btc, 155023899077, False
btc_pax, None, 0.129218, 3585.87, 21, 1, smm_btc, 155023899578, False
btc_pax, None, 0.129218, 3585.87, 21, 1, smm_btc, 155023899578, True
btc_pax, None, 0.593324, 3595.34, 23, 1, smm_btc, 155023899077, True
btc_pax, None, 0.129218, 3586.0, 21, 1, smm_btc, 155023900381, False
btc_pax, None, 0.593324, 3596.0, 23, 1, smm_btc, 155023900382, False
btc_pax, None, 0.129218, 3586.0, 21, 1, smm_btc, 155023900381, True
btc_pax, None, 0.129218, 3586.03, 21, 1, smm_btc, 155023900984, False
btc_pax, None, 0.593324, 3596.0, 23, 1, smm_btc, 155023900382, True
btc_pax, None, 0.129218, 3586.03, 21, 1, smm_btc, 155023900984, True
btc_pax, None, 0.593324, 3596.0, 23, 1, smm_btc, 155023901287, False
btc_pax, None, 0.129218, 3586.0, 21, 1, smm_btc, 155023901688, False
btc_pax, None, 0.593324, 3596.0, 23, 1, smm_btc, 155023901287, True
btc_pax, None, 0.129218, 3586.0, 21, 1, smm_btc, 155023901688, True
btc_pax, None, 0.593324, 3596.4, 23, 1, smm_btc, 155023901991, False
btc_pax, None, 0.129218, 3586.17, 21, 1, smm_btc, 155023902392, False
btc_pax, None, 0.593324, 3596.4, 23, 1, smm_btc, 155023901991, True
btc_pax, None, 0.129218, 3586.17, 21, 1, smm_btc, 155023902392, True
btc_pax, None, 0.593324, 3595.34, 23, 1, smm_btc, 155023902695, False
btc_pax, None, 0.129218, 3586.29, 21, 1, smm_btc, 155023902996, False
btc_pax, None, 0.129218, 3586.29, 21, 1, smm_btc, 155023902996, True
btc_pax, None, 0.593324, 3595.34, 23, 1, smm_btc, 155023902695, True
btc_pax, None, 0.129218, 3585.23, 21, 1, smm_btc, 155023904499, False
btc_pax, None, 0.593324, 3593.29, 23, 1, smm_btc, 155023904400, False
btc_pax, None, 0.129218, 3585.23, 21, 1, smm_btc, 155023904499, True
btc_pax, None, 0.129218, 3585.49, 21, 1, smm_btc, 155023905002, False
btc_pax, None, 0.593324, 3593.29, 23, 1, smm_btc, 155023904400, True
btc_pax, None, 0.129218, 3585.49, 21, 1, smm_btc, 155023905002, True
btc_pax, None, 0.593324, 3594.76, 23, 1, smm_btc, 155023905405, False
btc_pax, None, 0.129218, 3585.65, 21, 1, smm_btc, 155023905706, False
btc_pax, None, 0.129218, 3585.65, 21, 1, smm_btc, 155023905706, True
btc_pax, None, 0.593324, 3594.76, 23, 1, smm_btc, 155023905405, True
btc_pax, None, 0.129218, 3585.56, 21, 1, smm_btc, 155023906309, False
btc_pax, None, 0.593324, 3595.34, 23, 1, smm_btc, 155023906310, False
btc_pax, None, 0.593324, 3595.34, 23, 1, smm_btc, 155023906310, True
btc_pax, None, 0.593324, 3595.34, 23, 1, smm_btc, 155023907112, False
btc_pax, None, 0.129218, 3585.56, 21, 1, smm_btc, 155023906309, True
btc_pax, None, 0.129218, 3585.64, 21, 1, smm_btc, 155023907714, False
btc_pax, None, 0.129218, 3585.64, 21, 1, smm_btc, 155023907714, True
btc_pax, None, 0.593324, 3595.34, 23, 1, smm_btc, 155023907112, True
btc_pax, None, 0.129218, 3585.56, 21, 1, smm_btc, 155023908517, False
btc_pax, None, 0.593324, 3592.34, 23, 1, smm_btc, 155023908518, False
btc_pax, None, 0.129218, 3585.56, 21, 1, smm_btc, 155023908517, True
btc_pax, None, 0.593324, 3592.34, 23, 1, smm_btc, 155023908518, True
btc_pax, None, 0.129218, 3585.64, 21, 1, smm_btc, 155023909221, False
btc_pax, None, 0.593324, 3594.76, 23, 1, smm_btc, 155023909222, False
btc_pax, None, 0.129218, 3585.64, 21, 1, smm_btc, 155023909221, True
btc_pax, None, 0.129218, 3585.67, 21, 1, smm_btc, 155023910024, False
btc_pax, None, 0.129218, 3585.67, 21, 1, smm_btc, 155023910024, True
btc_pax, None, 0.129218, 3585.73, 21, 1, smm_btc, 155023910926, False
btc_pax, None, 0.593324, 3594.76, 23, 1, smm_btc, 155023909222, True
btc_pax, None, 0.129218, 3585.73, 21, 1, smm_btc, 155023910926, True
btc_pax, None, 0.593324, 3592.65, 23, 1, smm_btc, 155023911229, False
btc_pax, None, 0.129218, 3585.75, 21, 1, smm_btc, 155023911630, False
btc_pax, None, 0.593324, 3592.65, 23, 1, smm_btc, 155023911229, True
btc_pax, None, 0.129218, 3585.75, 21, 1, smm_btc, 155023911630, True
btc_pax, None, 0.593324, 3593.46, 23, 1, smm_btc, 155023912333, False
btc_pax, None, 0.129218, 3585.56, 21, 1, smm_btc, 155023912534, False
btc_pax, None, 0.593324, 3593.46, 23, 1, smm_btc, 155023912333, True
btc_pax, None, 0.593324, 3592.34, 23, 1, smm_btc, 155023912936, False
btc_pax, None, 0.593324, 3592.34, 23, 1, smm_btc, 155023912936, True
btc_pax, None, 0.593324, 3592.24, 23, 1, smm_btc, 155023913838, False
btc_pax, None, 0.593324, 3592.24, 23, 1, smm_btc, 155023913838, True
btc_pax, None, 0.593324, 3592.34, 23, 1, smm_btc, 155023914440, False
btc_pax, None, 0.593324, 3592.34, 23, 1, smm_btc, 155023914440, True
btc_pax, None, 0.593324, 3592.34, 23, 1, smm_btc, 155023915942, False
btc_pax, None, 0.593324, 3592.34, 23, 1, smm_btc, 155023915942, True
btc_pax, None, 0.593324, 3593.46, 23, 1, smm_btc, 155023916544, False
btc_pax, None, 0.593324, 3593.46, 23, 1, smm_btc, 155023916544, True
btc_pax, None, 0.593324, 3593.46, 23, 1, smm_btc, 155023918446, False
btc_pax, None, 0.593324, 3593.46, 23, 1, smm_btc, 155023918446, True
btc_pax, None, 0.593324, 3593.46, 23, 1, smm_btc, 155023920448, False
btc_pax, None, 0.593324, 3593.46, 23, 1, smm_btc, 155023920448, True
btc_pax, None, 0.593324, 3593.57, 23, 1, smm_btc, 155023922550, False
btc_pax, None, 0.129218, 3585.56, 21, 1, smm_btc, 155023912534, True
btc_pax, None, 0.593324, 3593.57, 23, 1, smm_btc, 155023922550, True
btc_pax, None, 0.11651, 3586.16, 21, 1, smm_btc, 155023923653, False
btc_pax, None, 0.593324, 3593.76, 23, 1, smm_btc, 155023923654, False
btc_pax, None, 0.593324, 3593.76, 23, 1, smm_btc, 155023923654, True
btc_pax, None, 0.593324, 3594.57, 23, 1, smm_btc, 155023924656, False
btc_pax, None, 0.11651, 3586.16, 21, 1, smm_btc, 155023923653, True
btc_pax, None, 0.593324, 3594.57, 23, 1, smm_btc, 155023924656, True
btc_pax, None, 0.110503, 3586.53, 21, 1, smm_btc, 155023927159, False
btc_pax, None, 0.593324, 3596.0, 23, 1, smm_btc, 155023927160, False
btc_pax, None, 0.110503, 3586.53, 21, 1, smm_btc, 155023927159, True
btc_pax, None, 0.593324, 3596.0, 23, 1, smm_btc, 155023927160, True
btc_pax, None, 0.593324, 3589.86, 23, 1, smm_btc, 155023928163, False
btc_pax, None, 0.8, 3586.49, 21, 1, smm_btc, 155023928464, False
btc_pax, None, 0.8, 3586.49, 21, 1, smm_btc, 155023928464, True
btc_pax, None, 0.593324, 3589.86, 23, 1, smm_btc, 155023928163, True
btc_pax, None, 0.8, 3587.43, 21, 1, smm_btc, 155023929967, False
btc_pax, None, 0.593324, 3590.0, 23, 1, smm_btc, 155023929968, False
btc_pax, None, 0.8, 3587.43, 21, 1, smm_btc, 155023929967, True
btc_pax, None, 0.593324, 3590.0, 23, 1, smm_btc, 155023929968, True
btc_pax, None, 0.8, 3587.52, 21, 1, smm_btc, 155023930771, False
btc_pax, None, 0.593324, 3589.95, 23, 1, smm_btc, 155023930772, False
btc_pax, None, 0.8, 3587.52, 21, 1, smm_btc, 155023930771, True
btc_pax, None, 0.8, 3587.52, 21, 1, smm_btc, 155023932274, False
btc_pax, None, 0.593324, 3589.95, 23, 1, smm_btc, 155023930772, True
btc_pax, None, 0.593324, 3586.17, 23, 1, smm_btc, 155023933576, False
btc_pax, None, 0.8, 3576.21, 21, 1, smm_btc, 155023933577, False
btc_pax, None, 0.8, 3576.21, 21, 1, smm_btc, 155023933577, True
btc_pax, None, 0.8, 3576.31, 21, 1, smm_btc, 155023936079, False
btc_pax, None, 0.8, 3576.31, 21, 1, smm_btc, 155023936079, True
btc_pax, None, 0.8, 3585.32, 21, 1, smm_btc, 155023937181, False
btc_pax, None, 0.8, 3588.82, 23, 1, smm_btc, 155023937182, False
btc_pax, None, 0.8, 3585.32, 21, 1, smm_btc, 155023937181, True
btc_pax, None, 0.8, 3588.82, 23, 1, smm_btc, 155023937182, True
btc_pax, None, 0.8, 3585.33, 21, 1, smm_btc, 155023938185, False
btc_pax, None, 0.8, 3588.79, 23, 1, smm_btc, 155023938186, False
btc_pax, None, 0.8, 3585.33, 21, 1, smm_btc, 155023938185, True
btc_pax, None, 0.8, 3588.79, 23, 1, smm_btc, 155023938186, True
btc_pax, None, 0.8, 3585.32, 21, 1, smm_btc, 155023938789, False
btc_pax, None, 0.8, 3588.82, 23, 1, smm_btc, 155023938790, False
btc_pax, None, 0.8, 3585.32, 21, 1, smm_btc, 155023938789, True
btc_pax, None, 0.8, 3588.82, 23, 1, smm_btc, 155023938790, True
btc_pax, None, 0.8, 3585.29, 21, 1, smm_btc, 155023940293, False
btc_pax, None, 0.8, 3588.83, 23, 1, smm_btc, 155023940294, False
btc_pax, None, 0.8, 3585.29, 21, 1, smm_btc, 155023940293, True
btc_pax, None, 0.8, 3588.83, 23, 1, smm_btc, 155023940294, True
btc_pax, None, 0.8, 3585.34, 21, 1, smm_btc, 155023941397, False
btc_pax, None, 0.8, 3588.79, 23, 1, smm_btc, 155023941398, False
btc_pax, None, 0.8, 3585.34, 21, 1, smm_btc, 155023941397, True
btc_pax, None, 0.8, 3588.79, 23, 1, smm_btc, 155023941398, True
btc_pax, None, 0.8, 3586.9, 21, 1, smm_btc, 155023942201, False
btc_pax, None, 0.8, 3589.99, 23, 1, smm_btc, 155023942202, False
btc_pax, None, 0.8, 3589.99, 23, 1, smm_btc, 155023942202, True
btc_pax, None, 0.8, 3594.09, 23, 1, smm_btc, 155023943804, False
btc_pax, None, 0.8, 3586.9, 21, 1, smm_btc, 155023942201, True
btc_pax, None, 0.8, 3589.91, 21, 1, smm_btc, 155023944406, False
btc_pax, None, 0.8, 3594.09, 23, 1, smm_btc, 155023943804, True
btc_pax, None, 0.8, 3592.02, 23, 1, smm_btc, 155023944708, False
btc_pax, None, 0.8, 3589.91, 21, 1, smm_btc, 155023944406, True
btc_pax, None, 0.8, 3587.75, 21, 1, smm_btc, 155023946110, False
btc_pax, None, 0.8, 3592.02, 23, 1, smm_btc, 155023944708, True
btc_pax, None, 0.8, 3589.54, 23, 1, smm_btc, 155023946412, False
btc_pax, None, 0.8, 3587.75, 21, 1, smm_btc, 155023946110, True
btc_pax, None, 0.8, 3585.77, 21, 1, smm_btc, 155023947314, False
btc_pax, None, 0.8, 3589.54, 23, 1, smm_btc, 155023946412, True
btc_pax, None, 0.8, 3587.72, 23, 1, smm_btc, 155023947616, False
btc_pax, None, 0.8, 3585.77, 21, 1, smm_btc, 155023947314, True
btc_pax, None, 0.8, 3585.82, 21, 1, smm_btc, 155023948218, False
btc_pax, None, 0.8, 3587.72, 23, 1, smm_btc, 155023947616, True
btc_pax, None, 0.8, 3587.71, 23, 1, smm_btc, 155023948520, False
btc_pax, None, 0.8, 3587.71, 23, 1, smm_btc, 155023948520, True
btc_pax, None, 0.8, 3585.82, 21, 1, smm_btc, 155023948218, True
btc_pax, None, 0.8, 3588.85, 23, 1, smm_btc, 155023949423, False
btc_pax, None, 0.8, 3586.22, 21, 1, smm_btc, 155023949924, False
btc_pax, None, 0.8, 3586.22, 21, 1, smm_btc, 155023949924, True
btc_pax, None, 0.8, 3585.82, 21, 1, smm_btc, 155023951126, False
btc_pax, None, 0.8, 3585.82, 21, 1, smm_btc, 155023951126, True
btc_pax, None, 0.8, 3588.85, 23, 1, smm_btc, 155023949423, True
btc_pax, None, 0.8, 3585.77, 21, 1, smm_btc, 155023952929, False
btc_pax, None, 0.8, 3588.42, 23, 1, smm_btc, 155023953030, False
btc_pax, None, 0.8, 3585.77, 21, 1, smm_btc, 155023952929, True
btc_pax, None, 0.8, 3588.42, 23, 1, smm_btc, 155023953030, True
btc_pax, None, 0.8, 3585.76, 21, 1, smm_btc, 155023953833, False
btc_pax, None, 0.8, 3588.43, 23, 1, smm_btc, 155023953834, False
btc_pax, None, 0.8, 3585.76, 21, 1, smm_btc, 155023953833, True
btc_pax, None, 0.8, 3588.43, 23, 1, smm_btc, 155023953834, True
btc_pax, None, 0.8, 3585.8, 21, 1, smm_btc, 155023955037, False
btc_pax, None, 0.8, 3588.39, 23, 1, smm_btc, 155023955038, False
btc_pax, None, 0.8, 3588.39, 23, 1, smm_btc, 155023955038, True
btc_pax, None, 0.8, 3587.42, 23, 1, smm_btc, 155023956440, False
btc_pax, None, 0.8, 3585.8, 21, 1, smm_btc, 155023955037, True
btc_pax, None, 0.8, 3587.42, 23, 1, smm_btc, 155023956440, True
btc_pax, None, 0.8, 3585.82, 23, 1, smm_btc, 155023958743, False
btc_pax, None, 0.8, 3585.82, 23, 1, smm_btc, 155023958743, True
btc_pax, None, 0.8, 3585.09, 21, 1, smm_btc, 155023959345, False
btc_pax, None, 0.8, 3585.83, 23, 1, smm_btc, 155023959346, False
btc_pax, None, 0.8, 3585.09, 21, 1, smm_btc, 155023959345, True
btc_pax, None, 0.8, 3585.83, 23, 1, smm_btc, 155023959346, True
btc_pax, None, 0.8, 3585.0, 21, 1, smm_btc, 155023959949, False
btc_pax, None, 0.8, 3585.8, 23, 1, smm_btc, 155023959950, False
btc_pax, None, 0.8, 3585.8, 23, 1, smm_btc, 155023959950, True
btc_pax, None, 0.8, 3586.28, 23, 1, smm_btc, 155023961152, False
btc_pax, None, 0.8, 3585.0, 21, 1, smm_btc, 155023959949, True
btc_pax, None, 0.8, 3586.28, 23, 1, smm_btc, 155023961152, True
btc_pax, None, 0.8, 3584.97, 21, 1, smm_btc, 155023962155, False
btc_pax, None, 0.8, 3587.76, 23, 1, smm_btc, 155023962156, False
btc_pax, None, 0.8, 3584.97, 21, 1, smm_btc, 155023962155, True
btc_pax, None, 0.8, 3587.76, 23, 1, smm_btc, 155023962156, True
btc_pax, None, 0.8, 3585.0, 21, 1, smm_btc, 155023963559, False
btc_pax, None, 0.8, 3587.73, 23, 1, smm_btc, 155023963560, False
btc_pax, None, 0.8, 3585.0, 21, 1, smm_btc, 155023963559, True
btc_pax, None, 0.8, 3588.26, 21, 1, smm_btc, 155023969562, False
btc_pax, None, 0.8, 3598.0, 23, 1, smm_btc, 155023969563, False
btc_pax, None, 0.8, 3588.26, 21, 1, smm_btc, 155023969562, True
btc_pax, None, 0.8, 3588.31, 21, 1, smm_btc, 155023970265, False
btc_pax, None, 0.8, 3598.0, 23, 1, smm_btc, 155023969563, True
btc_pax, None, 0.8, 3588.31, 21, 1, smm_btc, 155023970265, True
btc_pax, None, 0.8, 3598.56, 23, 1, smm_btc, 155023970968, False
btc_pax, None, 0.8, 3588.31, 21, 1, smm_btc, 155023971269, False
btc_pax, None, 0.8, 3598.56, 23, 1, smm_btc, 155023970968, True
btc_pax, None, 0.8, 3588.31, 21, 1, smm_btc, 155023971269, True
btc_pax, None, 0.8, 3598.56, 23, 1, smm_btc, 155023972572, False
btc_pax, None, 0.8, 3589.96, 21, 1, smm_btc, 155023972873, False
btc_pax, None, 0.8, 3598.56, 23, 1, smm_btc, 155023972572, True
btc_pax, None, 0.8, 3579.91, 21, 1, smm_btc, 155023974275, False
btc_pax, None, 0.8, 3598.27, 23, 1, smm_btc, 155023974276, False
btc_pax, None, 0.8, 3579.91, 21, 1, smm_btc, 155023974275, True
btc_pax, None, 0.8, 3598.27, 23, 1, smm_btc, 155023974276, True
btc_pax, None, 0.8, 3590.01, 23, 1, smm_btc, 155023974879, False
btc_pax, None, 0.8, 3586.5, 21, 1, smm_btc, 155023975480, False
btc_pax, None, 0.8, 3590.01, 23, 1, smm_btc, 155023974879, True
btc_pax, None, 0.8, 3590.0, 23, 1, smm_btc, 155023975782, False
btc_pax, None, 0.8, 3586.5, 21, 1, smm_btc, 155023975480, True
btc_pax, None, 0.8, 3590.0, 23, 1, smm_btc, 155023975782, True
btc_pax, None, 0.8, 3586.53, 21, 1, smm_btc, 155023976385, False
btc_pax, None, 0.8, 3589.97, 23, 1, smm_btc, 155023976386, False
btc_pax, None, 0.8, 3589.97, 23, 1, smm_btc, 155023976386, True
btc_pax, None, 0.8, 3586.53, 21, 1, smm_btc, 155023976385, True
btc_pax, None, 0.8, 3591.5, 23, 1, smm_btc, 155023976989, False
btc_pax, None, 0.8, 3586.55, 21, 1, smm_btc, 155023977290, False
btc_pax, None, 0.8, 3591.5, 23, 1, smm_btc, 155023976989, True
btc_pax, None, 0.8, 3591.52, 23, 1, smm_btc, 155023977692, False
btc_pax, None, 0.8, 3586.55, 21, 1, smm_btc, 155023977290, True
btc_pax, None, 0.8, 3591.52, 23, 1, smm_btc, 155023977692, True
btc_pax, None, 0.8, 3586.6, 21, 1, smm_btc, 155023978295, False
btc_pax, None, 0.8, 3591.47, 23, 1, smm_btc, 155023978396, False
btc_pax, None, 0.8, 3586.6, 21, 1, smm_btc, 155023978295, True
btc_pax, None, 0.8, 3591.47, 23, 1, smm_btc, 155023978396, True
btc_pax, None, 0.8, 3588.42, 21, 1, smm_btc, 155023979999, False
btc_pax, None, 0.8, 3591.5, 23, 1, smm_btc, 155023979900, False
btc_pax, None, 0.8, 3588.42, 21, 1, smm_btc, 155023979999, True
btc_pax, None, 0.8, 3591.5, 23, 1, smm_btc, 155023979900, True
btc_pax, None, 0.8, 3588.41, 21, 1, smm_btc, 155023980603, False
btc_pax, None, 0.8, 3591.51, 23, 1, smm_btc, 155023980604, False
btc_pax, None, 0.8, 3588.41, 21, 1, smm_btc, 155023980603, True
btc_pax, None, 0.8, 3591.51, 23, 1, smm_btc, 155023980604, True
btc_pax, None, 0.8, 3589.07, 21, 1, smm_btc, 155023981507, False
btc_pax, None, 0.8, 3591.47, 23, 1, smm_btc, 155023981508, False
btc_pax, None, 0.8, 3589.07, 21, 1, smm_btc, 155023981507, True
btc_pax, None, 0.8, 3591.47, 23, 1, smm_btc, 155023981508, True
btc_pax, None, 0.8, 3589.04, 21, 1, smm_btc, 155023982211, False
btc_pax, None, 0.8, 3593.45, 23, 1, smm_btc, 155023982212, False
btc_pax, None, 0.8, 3589.04, 21, 1, smm_btc, 155023982211, True
btc_pax, None, 0.8, 3593.45, 23, 1, smm_btc, 155023982212, True
btc_pax, None, 0.8, 3589.07, 21, 1, smm_btc, 155023982915, False
btc_pax, None, 0.8, 3593.42, 23, 1, smm_btc, 155023982916, False
btc_pax, None, 0.8, 3589.07, 21, 1, smm_btc, 155023982915, True
btc_pax, None, 0.8, 3593.42, 23, 1, smm_btc, 155023982916, True
btc_pax, None, 0.8, 3589.04, 21, 1, smm_btc, 155023984219, False
btc_pax, None, 0.8, 3591.48, 23, 1, smm_btc, 155023984220, False
btc_pax, None, 0.8, 3591.48, 23, 1, smm_btc, 155023984220, True
btc_pax, None, 0.8, 3589.04, 21, 1, smm_btc, 155023984219, True
btc_pax, None, 0.8, 3593.42, 23, 1, smm_btc, 155023985023, False
btc_pax, None, 0.8, 3589.07, 21, 1, smm_btc, 155023985524, False
btc_pax, None, 0.8, 3589.07, 21, 1, smm_btc, 155023985524, True
btc_pax, None, 0.8, 3587.97, 21, 1, smm_btc, 155023987426, False
btc_pax, None, 0.8, 3593.42, 23, 1, smm_btc, 155023985023, True
btc_pax, None, 0.8, 3589.36, 23, 1, smm_btc, 155023988028, False
btc_pax, None, 0.8, 3587.97, 21, 1, smm_btc, 155023987426, True
btc_pax, None, 0.8, 3589.36, 23, 1, smm_btc, 155023988028, True
btc_pax, None, 0.055377, 3580.56, 21, 1, smm_btc, 155023988631, False
btc_pax, None, 0.8, 3589.07, 23, 1, smm_btc, 155023988932, False
btc_pax, None, 0.055377, 3580.56, 21, 1, smm_btc, 155023988631, True
btc_pax, None, 0.8, 3589.07, 23, 1, smm_btc, 155023988932, True
btc_pax, None, 0.055377, 3580.19, 21, 1, smm_btc, 155023989235, False
btc_pax, None, 0.8, 3589.05, 23, 1, smm_btc, 155023989636, False
btc_pax, None, 0.055377, 3580.19, 21, 1, smm_btc, 155023989235, True
btc_pax, None, 0.8, 3589.05, 23, 1, smm_btc, 155023989636, True
btc_pax, None, 0.055377, 3580.19, 21, 1, smm_btc, 155023989939, False
btc_pax, None, 0.8, 3589.03, 23, 1, smm_btc, 155023990640, False
btc_pax, None, 0.8, 3589.03, 23, 1, smm_btc, 155023990640, True
btc_pax, None, 0.8, 3589.01, 23, 1, smm_btc, 155023991242, False
btc_pax, None, 0.8, 3589.01, 23, 1, smm_btc, 155023991242, True
btc_pax, None, 0.8, 3588.99, 23, 1, smm_btc, 155023991944, False
btc_pax, None, 0.055377, 3580.19, 21, 1, smm_btc, 155023989939, True
btc_pax, None, 0.8, 3588.99, 23, 1, smm_btc, 155023991944, True
btc_pax, None, 0.055377, 3580.09, 21, 1, smm_btc, 155023992247, False
btc_pax, None, 0.8, 3588.97, 23, 1, smm_btc, 155023992548, False
btc_pax, None, 0.8, 3588.97, 23, 1, smm_btc, 155023992548, True
btc_pax, None, 0.8, 3588.95, 23, 1, smm_btc, 155023993250, False
btc_pax, None, 0.055377, 3580.09, 21, 1, smm_btc, 155023992247, True
btc_pax, None, 0.8, 3588.95, 23, 1, smm_btc, 155023993250, True
btc_pax, None, 0.055377, 3580.19, 21, 1, smm_btc, 155023993653, False
btc_pax, None, 0.8, 3588.93, 23, 1, smm_btc, 155023994054, False
btc_pax, None, 0.8, 3588.93, 23, 1, smm_btc, 155023994054, True
btc_pax, None, 0.055377, 3580.19, 21, 1, smm_btc, 155023993653, True
btc_pax, None, 0.60071, 3592.06, 23, 1, smm_btc, 155023995057, False
btc_pax, None, 0.055377, 3580.56, 21, 1, smm_btc, 155023995058, False
btc_pax, None, 0.60071, 3592.06, 23, 1, smm_btc, 155023995057, True
btc_pax, None, 0.60071, 3591.76, 23, 1, smm_btc, 155023995760, False
btc_pax, None, 0.60071, 3591.76, 23, 1, smm_btc, 155023995760, True
btc_pax, None, 0.055377, 3580.56, 21, 1, smm_btc, 155023995058, True
btc_pax, None, 0.60071, 3591.61, 23, 1, smm_btc, 155023996463, False
btc_pax, None, 0.055377, 3581.36, 21, 1, smm_btc, 155023996464, False
btc_pax, None, 0.60071, 3591.61, 23, 1, smm_btc, 155023996463, True
btc_pax, None, 0.055377, 3581.36, 21, 1, smm_btc, 155023996464, True
btc_pax, None, 0.60071, 3591.5, 23, 1, smm_btc, 155023997067, False
btc_pax, None, 0.055377, 3581.36, 21, 1, smm_btc, 155023997068, False
btc_pax, None, 0.60071, 3591.5, 23, 1, smm_btc, 155023997067, True
btc_pax, None, 0.055377, 3581.36, 21, 1, smm_btc, 155023997068, True
btc_pax, None, 0.60071, 3591.36, 23, 1, smm_btc, 155023997771, False
btc_pax, None, 0.055377, 3581.36, 21, 1, smm_btc, 155023997772, False
btc_pax, None, 0.60071, 3591.36, 23, 1, smm_btc, 155023997771, True
btc_pax, None, 0.055377, 3581.36, 21, 1, smm_btc, 155023997772, True
btc_pax, None, 0.60071, 3591.28, 23, 1, smm_btc, 155023998475, False
btc_pax, None, 0.055377, 3581.36, 21, 1, smm_btc, 155023998476, False
btc_pax, None, 0.60071, 3591.28, 23, 1, smm_btc, 155023998475, True
btc_pax, None, 0.60071, 3591.07, 23, 1, smm_btc, 155023999078, False
btc_pax, None, 0.055377, 3581.36, 21, 1, smm_btc, 155023998476, True
btc_pax, None, 0.60071, 3591.07, 23, 1, smm_btc, 155023999078, True
btc_pax, None, 0.055377, 3581.57, 21, 1, smm_btc, 155023999381, False
btc_pax, None, 0.60071, 3591.04, 23, 1, smm_btc, 155023999682, False
btc_pax, None, 0.60071, 3591.04, 23, 1, smm_btc, 155023999682, True
btc_pax, None, 0.60071, 3590.81, 23, 1, smm_btc, 155024000284, False
btc_pax, None, 0.055377, 3581.57, 21, 1, smm_btc, 155023999381, True
btc_pax, None, 0.60071, 3590.81, 23, 1, smm_btc, 155024000284, True
btc_pax, None, 0.055377, 3582.21, 21, 1, smm_btc, 155024000587, False
btc_pax, None, 0.60071, 3593.05, 23, 1, smm_btc, 155024001188, False
btc_pax, None, 0.60071, 3593.05, 23, 1, smm_btc, 155024001188, True
btc_pax, None, 0.60071, 3592.76, 23, 1, smm_btc, 155024001790, False
btc_pax, None, 0.055377, 3582.21, 21, 1, smm_btc, 155024000587, True
btc_pax, None, 0.60071, 3592.76, 23, 1, smm_btc, 155024001790, True
btc_pax, None, 0.055377, 3582.28, 21, 1, smm_btc, 155024002093, False
btc_pax, None, 0.60071, 3592.28, 23, 1, smm_btc, 155024002394, False
btc_pax, None, 0.055377, 3582.28, 21, 1, smm_btc, 155024002093, True
btc_pax, None, 0.60071, 3592.28, 23, 1, smm_btc, 155024002394, True
btc_pax, None, 0.055377, 3582.21, 21, 1, smm_btc, 155024002697, False
btc_pax, None, 0.60071, 3592.1, 23, 1, smm_btc, 155024003398, False
btc_pax, None, 0.055377, 3582.21, 21, 1, smm_btc, 155024002697, True
btc_pax, None, 0.60071, 3592.1, 23, 1, smm_btc, 155024003398, True
btc_pax, None, 0.055377, 3581.83, 21, 1, smm_btc, 155024003701, False
btc_pax, None, 0.60071, 3591.86, 23, 1, smm_btc, 155024003902, False
btc_pax, None, 0.055377, 3581.83, 21, 1, smm_btc, 155024003701, True
btc_pax, None, 0.60071, 3591.86, 23, 1, smm_btc, 155024003902, True
btc_pax, None, 0.055377, 3582.28, 21, 1, smm_btc, 155024004305, False
btc_pax, None, 0.60071, 3591.77, 23, 1, smm_btc, 155024004606, False
btc_pax, None, 0.055377, 3582.28, 21, 1, smm_btc, 155024004305, True
btc_pax, None, 0.60071, 3591.77, 23, 1, smm_btc, 155024004606, True
btc_pax, None, 0.055377, 3582.51, 21, 1, smm_btc, 155024004909, False
btc_pax, None, 0.60071, 3591.65, 23, 1, smm_btc, 155024005310, False
btc_pax, None, 0.055377, 3582.51, 21, 1, smm_btc, 155024004909, True
btc_pax, None, 0.60071, 3591.65, 23, 1, smm_btc, 155024005310, True
btc_pax, None, 0.055377, 3582.51, 21, 1, smm_btc, 155024005613, False
btc_pax, None, 0.60071, 3593.28, 23, 1, smm_btc, 155024006214, False
btc_pax, None, 0.60071, 3593.28, 23, 1, smm_btc, 155024006214, True
btc_pax, None, 0.055377, 3582.51, 21, 1, smm_btc, 155024005613, True
btc_pax, None, 0.60071, 3592.76, 23, 1, smm_btc, 155024006817, False
btc_pax, None, 0.055377, 3582.7, 21, 1, smm_btc, 155024006818, False
btc_pax, None, 0.60071, 3592.76, 23, 1, smm_btc, 155024006817, True
btc_pax, None, 0.055377, 3582.7, 21, 1, smm_btc, 155024006818, True
btc_pax, None, 0.60071, 3592.56, 23, 1, smm_btc, 155024007621, False
btc_pax, None, 0.055377, 3582.63, 21, 1, smm_btc, 155024007622, False
btc_pax, None, 0.60071, 3592.56, 23, 1, smm_btc, 155024007621, True
btc_pax, None, 0.60071, 3592.51, 23, 1, smm_btc, 155024008524, False
btc_pax, None, 0.60071, 3592.51, 23, 1, smm_btc, 155024008524, True
btc_pax, None, 0.60071, 3592.32, 23, 1, smm_btc, 155024009126, False
btc_pax, None, 0.055377, 3582.63, 21, 1, smm_btc, 155024007622, True
btc_pax, None, 0.60071, 3592.32, 23, 1, smm_btc, 155024009126, True
btc_pax, None, 0.055377, 3582.72, 21, 1, smm_btc, 155024009429, False
btc_pax, None, 0.60071, 3592.25, 23, 1, smm_btc, 155024009730, False
btc_pax, None, 0.60071, 3592.25, 23, 1, smm_btc, 155024009730, True
btc_pax, None, 0.60071, 3593.34, 23, 1, smm_btc, 155024010332, False
btc_pax, None, 0.60071, 3593.34, 23, 1, smm_btc, 155024010332, True
btc_pax, None, 0.60071, 3593.26, 23, 1, smm_btc, 155024010934, False
btc_pax, None, 0.60071, 3593.26, 23, 1, smm_btc, 155024010934, True
btc_pax, None, 0.60071, 3593.31, 23, 1, smm_btc, 155024011536, False
btc_pax, None, 0.60071, 3593.31, 23, 1, smm_btc, 155024011536, True
btc_pax, None, 0.60071, 3593.53, 23, 1, smm_btc, 155024012138, False
btc_pax, None, 0.60071, 3593.53, 23, 1, smm_btc, 155024012138, True
btc_pax, None, 0.055377, 3582.72, 21, 1, smm_btc, 155024009429, True
btc_pax, None, 0.60071, 3593.36, 23, 1, smm_btc, 155024012941, False
btc_pax, None, 0.055377, 3582.72, 21, 1, smm_btc, 155024012942, False
btc_pax, None, 0.60071, 3593.36, 23, 1, smm_btc, 155024012941, True
btc_pax, None, 0.60071, 3593.77, 23, 1, smm_btc, 155024013644, False
btc_pax, None, 0.055377, 3582.72, 21, 1, smm_btc, 155024012942, True
btc_pax, None, 0.60071, 3593.77, 23, 1, smm_btc, 155024013644, True
btc_pax, None, 0.055377, 3582.51, 21, 1, smm_btc, 155024014047, False
btc_pax, None, 0.60071, 3593.77, 23, 1, smm_btc, 155024014348, False
btc_pax, None, 0.60071, 3593.77, 23, 1, smm_btc, 155024014348, True
btc_pax, None, 0.055377, 3582.51, 21, 1, smm_btc, 155024014047, True
btc_pax, None, 0.60071, 3593.47, 23, 1, smm_btc, 155024014951, False
btc_pax, None, 0.055377, 3582.28, 21, 1, smm_btc, 155024014952, False
btc_pax, None, 0.60071, 3593.47, 23, 1, smm_btc, 155024014951, True
btc_pax, None, 0.055377, 3582.28, 21, 1, smm_btc, 155024014952, True
btc_pax, None, 0.60071, 3593.36, 23, 1, smm_btc, 155024015555, False
btc_pax, None, 0.055377, 3582.7, 21, 1, smm_btc, 155024015556, False
btc_pax, None, 0.60071, 3593.36, 23, 1, smm_btc, 155024015555, True
btc_pax, None, 0.60071, 3593.11, 23, 1, smm_btc, 155024016158, False
btc_pax, None, 0.60071, 3593.11, 23, 1, smm_btc, 155024016158, True
btc_pax, None, 0.055377, 3582.7, 21, 1, smm_btc, 155024015556, True
btc_pax, None, 0.60071, 3593.07, 23, 1, smm_btc, 155024016761, False
btc_pax, None, 0.055377, 3582.7, 21, 1, smm_btc, 155024016762, False
btc_pax, None, 0.60071, 3593.07, 23, 1, smm_btc, 155024016761, True
btc_pax, None, 0.60071, 3593.03, 23, 1, smm_btc, 155024017364, False
btc_pax, None, 0.60071, 3593.03, 23, 1, smm_btc, 155024017364, True
btc_pax, None, 0.055377, 3582.7, 21, 1, smm_btc, 155024016762, True
btc_pax, None, 0.60071, 3593.03, 23, 1, smm_btc, 155024018167, False
btc_pax, None, 0.055377, 3582.7, 21, 1, smm_btc, 155024018168, False
btc_pax, None, 0.60071, 3593.03, 23, 1, smm_btc, 155024018167, True
btc_pax, None, 0.60071, 3593.03, 23, 1, smm_btc, 155024018870, False
btc_pax, None, 0.055377, 3582.7, 21, 1, smm_btc, 155024018168, True
btc_pax, None, 0.60071, 3593.03, 23, 1, smm_btc, 155024018870, True
btc_pax, None, 0.055377, 3582.7, 21, 1, smm_btc, 155024019273, False
btc_pax, None, 0.60071, 3593.03, 23, 1, smm_btc, 155024019474, False
btc_pax, None, 0.055377, 3582.7, 21, 1, smm_btc, 155024019273, True
btc_pax, None, 0.60071, 3593.03, 23, 1, smm_btc, 155024019474, True
btc_pax, None, 0.055377, 3582.72, 21, 1, smm_btc, 155024019877, False
btc_pax, None, 0.277854, 3594.77, 23, 1, smm_btc, 155024020378, False
btc_pax, None, 0.055377, 3582.72, 21, 1, smm_btc, 155024019877, True
btc_pax, None, 0.277854, 3594.77, 23, 1, smm_btc, 155024020378, True
btc_pax, None, 0.055377, 3584.22, 21, 1, smm_btc, 155024021081, False
btc_pax, None, 0.277854, 3600.82, 23, 1, smm_btc, 155024021082, False
btc_pax, None, 0.055377, 3584.22, 21, 1, smm_btc, 155024021081, True
btc_pax, None, 0.277854, 3600.82, 23, 1, smm_btc, 155024021082, True
btc_pax, None, 0.055377, 3584.52, 21, 1, smm_btc, 155024021985, False
btc_pax, None, 0.277854, 3600.55, 23, 1, smm_btc, 155024021986, False
btc_pax, None, 0.277854, 3600.55, 23, 1, smm_btc, 155024021986, True
btc_pax, None, 0.277854, 3600.55, 23, 1, smm_btc, 155024022588, False
btc_pax, None, 0.055377, 3584.52, 21, 1, smm_btc, 155024021985, True
btc_pax, None, 0.277854, 3600.55, 23, 1, smm_btc, 155024022588, True
btc_pax, None, 0.055377, 3590.63, 21, 1, smm_btc, 155024023291, False
btc_pax, None, 0.277854, 3594.74, 23, 1, smm_btc, 155024023292, False
btc_pax, None, 0.055377, 3590.63, 21, 1, smm_btc, 155024023291, True
btc_pax, None, 0.277854, 3594.74, 23, 1, smm_btc, 155024023292, True
btc_pax, None, 0.277854, 3596.04, 23, 1, smm_btc, 155024025295, False
btc_pax, None, 0.277854, 3596.04, 23, 1, smm_btc, 155024025295, True
btc_pax, None, 0.055377, 3585.0, 21, 1, smm_btc, 155024025897, False
btc_pax, None, 0.277854, 3602.43, 23, 1, smm_btc, 155024025898, False
btc_pax, None, 0.055377, 3585.0, 21, 1, smm_btc, 155024025897, True
btc_pax, None, 0.277854, 3602.43, 23, 1, smm_btc, 155024025898, True
btc_pax, None, 0.055377, 3594.79, 21, 1, smm_btc, 155024026401, False
btc_pax, None, 0.277854, 3596.39, 23, 1, smm_btc, 155024026402, False
btc_pax, None, 0.055377, 3594.79, 21, 1, smm_btc, 155024026401, True
btc_pax, None, 0.055377, 3595.19, 21, 1, smm_btc, 155024027304, False
btc_pax, None, 0.8, 3599.12, 23, 1, smm_btc, 155024027305, False
btc_pax, None, 0.055377, 3595.19, 21, 1, smm_btc, 155024027304, True
btc_pax, None, 0.8, 3599.12, 23, 1, smm_btc, 155024027305, True
btc_pax, None, 0.055377, 3602.02, 21, 1, smm_btc, 155024032508, False
btc_pax, None, 0.8, 3630.79, 23, 1, smm_btc, 155024032509, False
btc_pax, None, 0.055377, 3602.02, 21, 1, smm_btc, 155024032508, True
btc_pax, None, 0.8, 3630.79, 23, 1, smm_btc, 155024032509, True
btc_pax, None, 0.055377, 3614.72, 21, 1, smm_btc, 155024033112, False
btc_pax, None, 0.8, 3618.02, 23, 1, smm_btc, 155024033113, False
btc_pax, None, 0.055377, 3614.72, 21, 1, smm_btc, 155024033112, True
btc_pax, None, 0.8, 3618.02, 23, 1, smm_btc, 155024033113, True
btc_pax, None, 0.055377, 3614.77, 21, 1, smm_btc, 155024034216, False
btc_pax, None, 0.8, 3617.19, 23, 1, smm_btc, 155024034217, False
btc_pax, None, 0.8, 3617.19, 23, 1, smm_btc, 155024034217, True
btc_pax, None, 0.8, 3617.97, 23, 1, smm_btc, 155024035419, False
btc_pax, None, 0.8, 3617.97, 23, 1, smm_btc, 155024035419, True
btc_pax, None, 0.8, 3618.02, 23, 1, smm_btc, 155024036321, False
btc_pax, None, 0.8, 3610.88, 21, 1, smm_btc, 155024037522, False
btc_pax, None, 0.8, 3610.88, 21, 1, smm_btc, 155024037522, True
btc_pax, None, 0.8, 3618.02, 23, 1, smm_btc, 155024036321, True
btc_pax, None, 0.8, 3610.93, 21, 1, smm_btc, 155024038125, False
btc_pax, None, 0.8, 3616.68, 23, 1, smm_btc, 155024038226, False
btc_pax, None, 0.8, 3610.93, 21, 1, smm_btc, 155024038125, True
btc_pax, None, 0.8, 3610.9, 21, 1, smm_btc, 155024039728, False
btc_pax, None, 0.8, 3616.68, 23, 1, smm_btc, 155024038226, True
btc_pax, None, 0.8, 3610.9, 21, 1, smm_btc, 155024039728, True
btc_pax, None, 0.8, 3613.64, 23, 1, smm_btc, 155024040531, False
btc_pax, None, 0.8, 3610.88, 21, 1, smm_btc, 155024040732, False
btc_pax, None, 0.8, 3613.64, 23, 1, smm_btc, 155024040531, True
btc_pax, None, 0.8, 3613.65, 23, 1, smm_btc, 155024041034, False
btc_pax, None, 0.8, 3610.88, 21, 1, smm_btc, 155024040732, True
btc_pax, None, 0.8, 3605.53, 21, 1, smm_btc, 155024041736, False
btc_pax, None, 0.8, 3613.65, 23, 1, smm_btc, 155024041034, True
btc_pax, None, 0.8, 3605.53, 21, 1, smm_btc, 155024041736, True
btc_pax, None, 0.8, 3612.31, 23, 1, smm_btc, 155024042139, False
btc_pax, None, 0.8, 3589.01, 21, 1, smm_btc, 155024043240, False
btc_pax, None, 0.8, 3612.31, 23, 1, smm_btc, 155024042139, True
btc_pax, None, 0.8, 3589.01, 21, 1, smm_btc, 155024043240, True
btc_pax, None, 0.8, 3606.23, 23, 1, smm_btc, 155024044243, False
btc_pax, None, 0.8, 3604.08, 21, 1, smm_btc, 155024044444, False
btc_pax, None, 0.8, 3604.08, 21, 1, smm_btc, 155024044444, True
btc_pax, None, 0.8, 3584.95, 21, 1, smm_btc, 155024048146, False
btc_pax, None, 0.8, 3606.23, 23, 1, smm_btc, 155024044243, True
btc_pax, None, 0.8, 3591.5, 23, 1, smm_btc, 155024048548, False
btc_pax, None, 0.8, 3591.5, 23, 1, smm_btc, 155024048548, True
btc_pax, None, 0.8, 3587.22, 23, 1, smm_btc, 155024049850, False
btc_pax, None, 0.8, 3571.41, 21, 1, smm_btc, 155024049851, False
btc_pax, None, 0.8, 3571.41, 21, 1, smm_btc, 155024049851, True
btc_pax, None, 0.8, 3586.21, 21, 1, smm_btc, 155024050453, False
btc_pax, None, 0.8, 3592.8, 23, 1, smm_btc, 155024050454, False
btc_pax, None, 0.8, 3586.21, 21, 1, smm_btc, 155024050453, True
btc_pax, None, 0.8, 3592.8, 23, 1, smm_btc, 155024050454, True
btc_pax, None, 0.8, 3584.06, 21, 1, smm_btc, 155024051457, False
btc_pax, None, 0.8, 3592.65, 23, 1, smm_btc, 155024051458, False
btc_pax, None, 0.8, 3584.06, 21, 1, smm_btc, 155024051457, True
btc_pax, None, 0.8, 3592.65, 23, 1, smm_btc, 155024051458, True
btc_pax, None, 0.8, 3572.5, 21, 1, smm_btc, 155024052661, False
btc_pax, None, 0.8, 3609.37, 23, 1, smm_btc, 155024052662, False
btc_pax, None, 0.8, 3572.5, 21, 1, smm_btc, 155024052661, True
btc_pax, None, 0.8, 3609.37, 23, 1, smm_btc, 155024052662, True
btc_pax, None, 0.8, 3584.1, 21, 1, smm_btc, 155024053265, False
btc_pax, None, 0.8, 3592.75, 23, 1, smm_btc, 155024053266, False
btc_pax, None, 0.8, 3592.75, 23, 1, smm_btc, 155024053266, True
btc_pax, None, 0.8, 3589.99, 23, 1, smm_btc, 155024054168, False
btc_pax, None, 0.8, 3584.1, 21, 1, smm_btc, 155024053265, True
btc_pax, None, 0.8, 3589.99, 23, 1, smm_btc, 155024054168, True
btc_pax, None, 0.8, 3571.88, 21, 1, smm_btc, 155024055371, False
btc_pax, None, 0.8, 3600.27, 23, 1, smm_btc, 155024055372, False
btc_pax, None, 0.8, 3571.88, 21, 1, smm_btc, 155024055371, True
btc_pax, None, 0.8, 3600.27, 23, 1, smm_btc, 155024055372, True
btc_pax, None, 0.8, 3574.39, 23, 1, smm_btc, 155024058475, False
btc_pax, None, 0.8, 3566.94, 21, 1, smm_btc, 155024059076, False
btc_pax, None, 0.8, 3574.39, 23, 1, smm_btc, 155024058475, True
btc_pax, None, 0.8, 3566.94, 21, 1, smm_btc, 155024059076, True
btc_pax, None, 0.8, 3566.94, 21, 1, smm_btc, 155024060379, False
btc_pax, None, 0.8, 3568.07, 23, 1, smm_btc, 155024060380, False
btc_pax, None, 0.8, 3566.94, 21, 1, smm_btc, 155024060379, False
btc_pax, None, 0.8, 3568.07, 23, 1, smm_btc, 155024060380, True
btc_pax, None, 0.8, 3561.68, 23, 1, smm_btc, 155024061983, False
btc_pax, None, 0.8, 3561.68, 23, 1, smm_btc, 155024061983, True
btc_pax, None, 0.8, 3536.39, 21, 1, smm_btc, 155024062285, False
btc_pax, None, 0.8, 3536.39, 21, 1, smm_btc, 155024062285, True
btc_pax, None, 0.031621, 3561.71, 23, 1, smm_btc, 155024062587, False
btc_pax, None, 0.8, 3553.93, 21, 1, smm_btc, 155024062888, False
btc_pax, None, 0.8, 3553.93, 21, 1, smm_btc, 155024062888, True
btc_pax, None, 0.031621, 3561.71, 23, 1, smm_btc, 155024062587, True
btc_pax, None, 0.8, 3558.64, 21, 1, smm_btc, 155024064091, False
btc_pax, None, 0.031621, 3566.17, 23, 1, smm_btc, 155024064092, False
btc_pax, None, 0.031621, 3566.17, 23, 1, smm_btc, 155024064092, True
btc_pax, None, 0.031621, 3562.66, 23, 1, smm_btc, 155024064894, False
btc_pax, None, 0.031621, 3562.66, 23, 1, smm_btc, 155024064894, True
btc_pax, None, 0.8, 3558.64, 21, 1, smm_btc, 155024064091, True
btc_pax, None, 0.013656, 3603.71, 23, 1, smm_btc, 155024067597, False
btc_pax, None, 0.8, 3550.59, 21, 1, smm_btc, 155024068298, False
btc_pax, None, 0.013656, 3603.71, 23, 1, smm_btc, 155024067597, True
btc_pax, None, 0.8, 3550.59, 21, 1, smm_btc, 155024068298, True
btc_pax, None, 0.013656, 3601.8, 23, 1, smm_btc, 155024068501, False
btc_pax, None, 0.8, 3570.94, 21, 1, smm_btc, 155024068802, False
btc_pax, None, 0.8, 3570.94, 21, 1, smm_btc, 155024068802, True
btc_pax, None, 0.013656, 3601.8, 23, 1, smm_btc, 155024068501, True
btc_pax, None, 0.8, 3568.18, 21, 1, smm_btc, 155024070005, False
btc_pax, None, 0.013656, 3575.54, 23, 1, smm_btc, 155024070306, False
btc_pax, None, 0.013656, 3575.54, 23, 1, smm_btc, 155024070306, True
btc_pax, None, 0.013656, 3575.09, 23, 1, smm_btc, 155024070908, False
btc_pax, None, 0.8, 3568.18, 21, 1, smm_btc, 155024070005, True
btc_pax, None, 0.013656, 3575.09, 23, 1, smm_btc, 155024070908, True
btc_pax, None, 0.8, 3570.96, 21, 1, smm_btc, 155024071611, False
btc_pax, None, 0.013656, 3575.57, 23, 1, smm_btc, 155024071612, False
btc_pax, None, 0.8, 3570.96, 21, 1, smm_btc, 155024071611, True
btc_pax, None, 0.013656, 3575.57, 23, 1, smm_btc, 155024071612, True
btc_pax, None, 0.8, 3571.0, 21, 1, smm_btc, 155024072315, False
btc_pax, None, 0.013656, 3575.55, 23, 1, smm_btc, 155024072316, False
btc_pax, None, 0.013656, 3575.55, 23, 1, smm_btc, 155024072316, True
btc_pax, None, 0.8, 3571.0, 21, 1, smm_btc, 155024072315, True
btc_pax, None, 0.8, 3571.05, 21, 1, smm_btc, 155024074319, False
btc_pax, None, 0.013656, 3577.89, 23, 1, smm_btc, 155024074320, False
btc_pax, None, 0.8, 3571.05, 21, 1, smm_btc, 155024074319, True
btc_pax, None, 0.013656, 3577.89, 23, 1, smm_btc, 155024074320, True
btc_pax, None, 0.013656, 3580.56, 23, 1, smm_btc, 155024076323, False
btc_pax, None, 0.8, 3570.2, 21, 1, smm_btc, 155024078224, False
btc_pax, None, 0.013656, 3580.56, 23, 1, smm_btc, 155024076323, True
btc_pax, None, 0.013656, 3576.83, 23, 1, smm_btc, 155024078526, False
btc_pax, None, 0.013656, 3576.83, 23, 1, smm_btc, 155024078526, True
btc_pax, None, 0.8, 3570.2, 21, 1, smm_btc, 155024078224, True
btc_pax, None, 0.013656, 3577.01, 23, 1, smm_btc, 155024080029, False
btc_pax, None, 0.8, 3574.26, 21, 1, smm_btc, 155024080330, False
btc_pax, None, 0.8, 3577.16, 23, 1, smm_btc, 155024081031, False
btc_pax, None, 0.8, 3574.26, 21, 1, smm_btc, 155024080330, True
btc_pax, None, 0.8, 3577.16, 23, 1, smm_btc, 155024081031, True
btc_pax, None, 0.146285, 3559.88, 21, 1, smm_btc, 155024081934, False
btc_pax, None, 0.8, 3575.36, 23, 1, smm_btc, 155024082235, False
btc_pax, None, 0.146285, 3559.88, 21, 1, smm_btc, 155024081934, True
btc_pax, None, 0.8, 3575.36, 23, 1, smm_btc, 155024082235, True
btc_pax, None, 0.146285, 3559.88, 21, 1, smm_btc, 155024082538, False
btc_pax, None, 0.8, 3573.52, 23, 1, smm_btc, 155024083439, False
btc_pax, None, 0.146285, 3559.88, 21, 1, smm_btc, 155024082538, True
btc_pax, None, 0.8, 3573.52, 23, 1, smm_btc, 155024083439, True
btc_pax, None, 0.146285, 3555.92, 21, 1, smm_btc, 155024083742, False
btc_pax, None, 0.8, 3571.37, 23, 1, smm_btc, 155024084643, False
btc_pax, None, 0.146285, 3555.92, 21, 1, smm_btc, 155024083742, True
btc_pax, None, 0.8, 3571.37, 23, 1, smm_btc, 155024084643, True
btc_pax, None, 0.146285, 3555.11, 21, 1, smm_btc, 155024084946, False
btc_pax, None, 0.8, 3571.61, 23, 1, smm_btc, 155024085347, False
btc_pax, None, 0.146285, 3555.11, 21, 1, smm_btc, 155024084946, True
btc_pax, None, 0.8, 3571.61, 23, 1, smm_btc, 155024085347, True
btc_pax, None, 0.146285, 3555.94, 21, 1, smm_btc, 155024085650, False
btc_pax, None, 0.8, 3571.59, 23, 1, smm_btc, 155024085951, False
btc_pax, None, 0.146285, 3555.94, 21, 1, smm_btc, 155024085650, True
btc_pax, None, 0.8, 3571.59, 23, 1, smm_btc, 155024085951, True
btc_pax, None, 0.146285, 3557.03, 21, 1, smm_btc, 155024086254, False
btc_pax, None, 0.8, 3573.52, 23, 1, smm_btc, 155024086855, False
btc_pax, None, 0.146285, 3557.03, 21, 1, smm_btc, 155024086254, True
btc_pax, None, 0.8, 3573.52, 23, 1, smm_btc, 155024086855, True
btc_pax, None, 0.146285, 3558.32, 21, 1, smm_btc, 155024087158, False
btc_pax, None, 0.8, 3573.53, 23, 1, smm_btc, 155024087459, False
btc_pax, None, 0.146285, 3558.32, 21, 1, smm_btc, 155024087158, True
btc_pax, None, 0.8, 3573.53, 23, 1, smm_btc, 155024087459, True
btc_pax, None, 0.146285, 3558.32, 21, 1, smm_btc, 155024087762, False
btc_pax, None, 0.8, 3572.68, 23, 1, smm_btc, 155024088163, False
btc_pax, None, 0.146285, 3558.32, 21, 1, smm_btc, 155024087762, True
btc_pax, None, 0.146285, 3558.32, 21, 1, smm_btc, 155024088565, False
btc_pax, None, 0.146285, 3558.32, 21, 1, smm_btc, 155024088565, True
btc_pax, None, 0.146285, 3559.0, 21, 1, smm_btc, 155024089167, False
btc_pax, None, 0.146285, 3559.0, 21, 1, smm_btc, 155024089167, True
btc_pax, None, 0.146285, 3558.81, 21, 1, smm_btc, 155024089869, False
btc_pax, None, 0.146285, 3558.81, 21, 1, smm_btc, 155024089869, True
btc_pax, None, 0.146285, 3559.02, 21, 1, smm_btc, 155024090471, False
btc_pax, None, 0.146285, 3559.02, 21, 1, smm_btc, 155024090471, True
btc_pax, None, 0.146285, 3559.88, 21, 1, smm_btc, 155024091373, False
btc_pax, None, 0.8, 3588.0, 23, 1, smm_btc, 155024091374, False
btc_pax, None, 0.146285, 3559.88, 21, 1, smm_btc, 155024091373, True
btc_pax, None, 0.8, 3588.0, 23, 1, smm_btc, 155024091374, True
btc_pax, None, 0.146285, 3573.06, 21, 1, smm_btc, 155024091977, False
btc_pax, None, 0.8, 3577.23, 23, 1, smm_btc, 155024091978, False
btc_pax, None, 0.146285, 3573.06, 21, 1, smm_btc, 155024091977, True
btc_pax, None, 0.8, 3577.23, 23, 1, smm_btc, 155024091978, True
btc_pax, None, 0.146285, 3561.03, 21, 1, smm_btc, 155024092981, False
btc_pax, None, 0.8, 3589.26, 23, 1, smm_btc, 155024093082, False
btc_pax, None, 0.8, 3589.26, 23, 1, smm_btc, 155024093082, True
btc_pax, None, 0.8, 3579.32, 23, 1, smm_btc, 155024093684, False
btc_pax, None, 0.146285, 3561.03, 21, 1, smm_btc, 155024092981, True
btc_pax, None, 0.8, 3579.32, 23, 1, smm_btc, 155024093684, True
btc_pax, None, 0.146285, 3574.87, 21, 1, smm_btc, 155024094787, False
btc_pax, None, 0.8, 3579.28, 23, 1, smm_btc, 155024094788, False
btc_pax, None, 0.146285, 3574.87, 21, 1, smm_btc, 155024094787, True
btc_pax, None, 0.146285, 3576.04, 21, 1, smm_btc, 155024095990, False
btc_pax, None, 0.8, 3579.28, 23, 1, smm_btc, 155024094788, True
btc_pax, None, 0.8, 3580.49, 23, 1, smm_btc, 155024098292, False
btc_pax, None, 0.146285, 3576.04, 21, 1, smm_btc, 155024095990, True
btc_pax, None, 0.146285, 3578.86, 21, 1, smm_btc, 155024099594, False
btc_pax, None, 0.8, 3594.51, 23, 1, smm_btc, 155024099595, False
btc_pax, None, 0.146285, 3578.86, 21, 1, smm_btc, 155024099594, True
btc_pax, None, 0.146285, 3579.19, 21, 1, smm_btc, 155024100197, False
btc_pax, None, 0.8, 3594.51, 23, 1, smm_btc, 155024099595, True
btc_pax, None, 0.146285, 3579.19, 21, 1, smm_btc, 155024100197, True
btc_pax, None, 0.8, 3597.92, 23, 1, smm_btc, 155024100400, False
btc_pax, None, 0.106697, 3575.93, 21, 1, smm_btc, 155024101301, False
btc_pax, None, 0.8, 3597.92, 23, 1, smm_btc, 155024100400, True
btc_pax, None, 0.8, 3588.13, 23, 1, smm_btc, 155024102503, False
btc_pax, None, 0.8, 3574.55, 21, 1, smm_btc, 155024102804, False
btc_pax, None, 0.8, 3574.55, 21, 1, smm_btc, 155024102804, True
btc_pax, None, 0.8, 3588.13, 23, 1, smm_btc, 155024102503, True
btc_pax, None, 0.8, 3574.73, 21, 1, smm_btc, 155024103407, False
btc_pax, None, 0.8, 3588.07, 23, 1, smm_btc, 155024103408, False
btc_pax, None, 0.8, 3574.73, 21, 1, smm_btc, 155024103407, True
btc_pax, None, 0.8, 3574.75, 21, 1, smm_btc, 155024104510, False
btc_pax, None, 0.8, 3588.07, 23, 1, smm_btc, 155024103408, True
btc_pax, None, 0.8, 3574.75, 21, 1, smm_btc, 155024104510, True
btc_pax, None, 0.8, 3588.13, 23, 1, smm_btc, 155024104813, False
btc_pax, None, 0.8, 3574.9, 21, 1, smm_btc, 155024105114, False
btc_pax, None, 0.8, 3574.9, 21, 1, smm_btc, 155024105114, True
btc_pax, None, 0.8, 3588.13, 23, 1, smm_btc, 155024104813, True
btc_pax, None, 0.8, 3573.9, 21, 1, smm_btc, 155024106017, False
btc_pax, None, 0.8, 3588.13, 23, 1, smm_btc, 155024106018, False
btc_pax, None, 0.8, 3573.9, 21, 1, smm_btc, 155024106017, True
btc_pax, None, 0.8, 3588.13, 23, 1, smm_btc, 155024106018, True
btc_pax, None, 0.8, 3574.13, 21, 1, smm_btc, 155024106721, False
btc_pax, None, 0.8, 3585.14, 23, 1, smm_btc, 155024106722, False
btc_pax, None, 0.8, 3574.13, 21, 1, smm_btc, 155024106721, True
btc_pax, None, 0.8, 3574.16, 21, 1, smm_btc, 155024107424, False
btc_pax, None, 0.8, 3585.14, 23, 1, smm_btc, 155024106722, True
btc_pax, None, 0.8, 3574.16, 21, 1, smm_btc, 155024107424, True
btc_pax, None, 0.8, 3585.14, 23, 1, smm_btc, 155024107827, False
btc_pax, None, 0.08441, 3561.0, 21, 1, smm_btc, 155024108528, False
btc_pax, None, 0.8, 3585.14, 23, 1, smm_btc, 155024107827, True
btc_pax, None, 0.08441, 3561.0, 21, 1, smm_btc, 155024108528, True
btc_pax, None, 0.08441, 3559.19, 21, 1, smm_btc, 155024109131, False
btc_pax, None, 0.8, 3583.53, 23, 1, smm_btc, 155024109132, False
btc_pax, None, 0.8, 3583.53, 23, 1, smm_btc, 155024109132, True
btc_pax, None, 0.08441, 3559.19, 21, 1, smm_btc, 155024109131, True
btc_pax, None, 0.8, 3583.24, 23, 1, smm_btc, 155024110135, False
btc_pax, None, 0.08441, 3570.24, 21, 1, smm_btc, 155024110536, False
btc_pax, None, 0.08441, 3570.24, 21, 1, smm_btc, 155024110536, True
btc_pax, None, 0.08441, 3558.69, 21, 1, smm_btc, 155024112238, False
btc_pax, None, 0.08441, 3558.69, 21, 1, smm_btc, 155024112238, True
btc_pax, None, 0.08441, 3567.74, 21, 1, smm_btc, 155024112940, False
btc_pax, None, 0.8, 3583.24, 23, 1, smm_btc, 155024110135, True
btc_pax, None, 0.8, 3571.59, 23, 1, smm_btc, 155024113242, False
btc_pax, None, 0.08441, 3567.74, 21, 1, smm_btc, 155024112940, True
btc_pax, None, 0.8, 3571.59, 23, 1, smm_btc, 155024113242, True
btc_pax, None, 0.08441, 3555.61, 21, 1, smm_btc, 155024114645, False
btc_pax, None, 0.8, 3581.34, 23, 1, smm_btc, 155024114646, False
btc_pax, None, 0.08441, 3555.61, 21, 1, smm_btc, 155024114645, True
btc_pax, None, 0.08441, 3555.91, 21, 1, smm_btc, 155024115248, False
btc_pax, None, 0.8, 3581.34, 23, 1, smm_btc, 155024114646, True
btc_pax, None, 0.08441, 3555.91, 21, 1, smm_btc, 155024115248, True
btc_pax, None, 0.08441, 3566.0, 21, 1, smm_btc, 155024115951, False
btc_pax, None, 0.08441, 3566.0, 21, 1, smm_btc, 155024115951, True
btc_pax, None, 0.8, 3582.34, 23, 1, smm_btc, 155024116353, False
btc_pax, None, 0.8, 3582.34, 23, 1, smm_btc, 155024116353, True
btc_pax, None, 0.8, 3572.2, 23, 1, smm_btc, 155024117655, False
btc_pax, None, 0.08441, 3568.17, 21, 1, smm_btc, 155024118656, False
btc_pax, None, 0.08441, 3568.17, 21, 1, smm_btc, 155024118656, True
btc_pax, None, 0.08441, 3569.21, 21, 1, smm_btc, 155024119358, False
btc_pax, None, 0.08441, 3569.21, 21, 1, smm_btc, 155024119358, True
btc_pax, None, 0.8, 3572.2, 23, 1, smm_btc, 155024117655, True
btc_pax, None, 0.08441, 3568.11, 21, 1, smm_btc, 155024119961, False
btc_pax, None, 0.8, 3571.9, 23, 1, smm_btc, 155024119962, False
btc_pax, None, 0.8, 3571.9, 23, 1, smm_btc, 155024119962, True
btc_pax, None, 0.8, 3572.22, 23, 1, smm_btc, 155024120664, False
btc_pax, None, 0.08441, 3568.11, 21, 1, smm_btc, 155024119961, True
btc_pax, None, 0.8, 3572.22, 23, 1, smm_btc, 155024120664, True
btc_pax, None, 0.08441, 3565.29, 21, 1, smm_btc, 155024121267, False
btc_pax, None, 0.8, 3572.11, 23, 1, smm_btc, 155024121268, False
btc_pax, None, 0.8, 3572.11, 23, 1, smm_btc, 155024121268, True
btc_pax, None, 0.8, 3572.09, 23, 1, smm_btc, 155024122970, False
btc_pax, None, 0.8, 3572.09, 23, 1, smm_btc, 155024122970, True
btc_pax, None, 0.8, 3572.08, 23, 1, smm_btc, 155024124172, False
btc_pax, None, 0.8, 3572.08, 23, 1, smm_btc, 155024124172, True
btc_pax, None, 0.8, 3572.07, 23, 1, smm_btc, 155024126274, False
btc_pax, None, 0.08441, 3565.29, 21, 1, smm_btc, 155024121267, True
btc_pax, None, 0.8, 3572.07, 23, 1, smm_btc, 155024126274, True
btc_pax, None, 0.08441, 3555.92, 21, 1, smm_btc, 155024129077, False
btc_pax, None, 0.8, 3578.14, 23, 1, smm_btc, 155024129078, False
btc_pax, None, 0.08441, 3555.92, 21, 1, smm_btc, 155024129077, True
btc_pax, None, 0.08441, 3556.09, 21, 1, smm_btc, 155024129680, False
btc_pax, None, 0.08441, 3556.09, 21, 1, smm_btc, 155024129680, True
btc_pax, None, 0.8, 3578.14, 23, 1, smm_btc, 155024129078, True
btc_pax, None, 0.08441, 3555.92, 21, 1, smm_btc, 155024130283, False
btc_pax, None, 0.8, 3578.66, 23, 1, smm_btc, 155024130284, False
btc_pax, None, 0.08441, 3555.92, 21, 1, smm_btc, 155024130283, True
btc_pax, None, 0.08441, 3565.29, 21, 1, smm_btc, 155024130886, False
btc_pax, None, 0.8, 3578.66, 23, 1, smm_btc, 155024130284, True
btc_pax, None, 0.8, 3571.0, 23, 1, smm_btc, 155024131288, False
btc_pax, None, 0.8, 3571.0, 23, 1, smm_btc, 155024131288, True
btc_pax, None, 0.8, 3571.02, 23, 1, smm_btc, 155024132190, False
btc_pax, None, 0.8, 3571.02, 23, 1, smm_btc, 155024132190, True
btc_pax, None, 0.8, 3571.0, 23, 1, smm_btc, 155024133192, False
btc_pax, None, 0.08441, 3565.29, 21, 1, smm_btc, 155024130886, True
btc_pax, None, 0.8, 3571.0, 23, 1, smm_btc, 155024133192, True
btc_pax, None, 0.08441, 3563.42, 21, 1, smm_btc, 155024135395, False
btc_pax, None, 0.8, 3571.04, 23, 1, smm_btc, 155024135396, False
btc_pax, None, 0.08441, 3563.42, 21, 1, smm_btc, 155024135395, True
btc_pax, None, 0.8, 3571.04, 23, 1, smm_btc, 155024135396, True
btc_pax, None, 0.08441, 3551.27, 21, 1, smm_btc, 155024136599, False
btc_pax, None, 0.8, 3576.86, 23, 1, smm_btc, 155024136500, False
btc_pax, None, 0.08441, 3551.27, 21, 1, smm_btc, 155024136599, True
btc_pax, None, 0.8, 3576.86, 23, 1, smm_btc, 155024136500, True
btc_pax, None, 0.08441, 3564.13, 21, 1, smm_btc, 155024137103, False
btc_pax, None, 0.8, 3567.71, 23, 1, smm_btc, 155024137104, False
btc_pax, None, 0.08441, 3564.13, 21, 1, smm_btc, 155024137103, True
btc_pax, None, 0.08441, 3561.31, 21, 1, smm_btc, 155024137906, False
btc_pax, None, 0.8, 3567.71, 23, 1, smm_btc, 155024137104, True
btc_pax, None, 0.8, 3567.75, 23, 1, smm_btc, 155024138208, False
btc_pax, None, 0.08441, 3561.31, 21, 1, smm_btc, 155024137906, True
btc_pax, None, 0.8, 3567.75, 23, 1, smm_btc, 155024138208, True
btc_pax, None, 0.08441, 3559.48, 21, 1, smm_btc, 155024139811, False
btc_pax, None, 0.8, 3567.24, 23, 1, smm_btc, 155024139812, False
btc_pax, None, 0.08441, 3559.48, 21, 1, smm_btc, 155024139811, True
btc_pax, None, 0.8, 3567.24, 23, 1, smm_btc, 155024139812, True
btc_pax, None, 0.08441, 3548.46, 21, 1, smm_btc, 155024142115, False
btc_pax, None, 0.8, 3575.47, 23, 1, smm_btc, 155024142116, False
btc_pax, None, 0.8, 3575.47, 23, 1, smm_btc, 155024142116, True
btc_pax, None, 0.8, 3565.59, 23, 1, smm_btc, 155024142818, False
btc_pax, None, 0.08441, 3548.46, 21, 1, smm_btc, 155024142115, True
btc_pax, None, 0.8, 3565.59, 23, 1, smm_btc, 155024142818, True
btc_pax, None, 0.08441, 3559.95, 21, 1, smm_btc, 155024143621, False
btc_pax, None, 0.08441, 3559.95, 21, 1, smm_btc, 155024143621, True
btc_pax, None, 0.8, 3565.55, 23, 1, smm_btc, 155024143923, False
btc_pax, None, 0.08441, 3560.0, 21, 1, smm_btc, 155024144224, False
btc_pax, None, 0.8, 3565.55, 23, 1, smm_btc, 155024143923, True
btc_pax, None, 0.8, 3565.51, 23, 1, smm_btc, 155024144526, False
btc_pax, None, 0.8, 3565.51, 23, 1, smm_btc, 155024144526, True
btc_pax, None, 0.08441, 3560.0, 21, 1, smm_btc, 155024144224, True
btc_pax, None, 0.8, 3572.86, 23, 1, smm_btc, 155024145529, False
btc_pax, None, 0.08441, 3561.07, 21, 1, smm_btc, 155024145730, False
btc_pax, None, 0.8, 3572.86, 23, 1, smm_btc, 155024145529, True
btc_pax, None, 0.08441, 3561.07, 21, 1, smm_btc, 155024145730, True
btc_pax, None, 0.8, 3562.62, 23, 1, smm_btc, 155024146133, False
btc_pax, None, 0.08441, 3559.97, 21, 1, smm_btc, 155024146334, False
btc_pax, None, 0.08441, 3559.97, 21, 1, smm_btc, 155024146334, True
btc_pax, None, 0.8, 3562.62, 23, 1, smm_btc, 155024146133, True
btc_pax, None, 0.08441, 3559.97, 21, 1, smm_btc, 155024147037, False
btc_pax, None, 0.8, 3561.68, 23, 1, smm_btc, 155024147038, False
btc_pax, None, 0.08441, 3559.97, 21, 1, smm_btc, 155024147037, True
btc_pax, None, 0.08441, 3559.76, 21, 1, smm_btc, 155024147640, False
btc_pax, None, 0.08441, 3559.76, 21, 1, smm_btc, 155024147640, True
btc_pax, None, 0.08441, 3558.66, 21, 1, smm_btc, 155024148342, False
btc_pax, None, 0.8, 3561.68, 23, 1, smm_btc, 155024147038, True
btc_pax, None, 0.08441, 3558.66, 21, 1, smm_btc, 155024148342, True
btc_pax, None, 0.8, 3559.45, 23, 1, smm_btc, 155024148645, False
btc_pax, None, 0.08441, 3557.25, 21, 1, smm_btc, 155024149046, False
btc_pax, None, 0.08441, 3557.25, 21, 1, smm_btc, 155024149046, True
btc_pax, None, 0.08441, 3559.72, 21, 1, smm_btc, 155024150948, False
btc_pax, None, 0.8, 3572.86, 23, 1, smm_btc, 155024150949, False
btc_pax, None, 0.08441, 3559.72, 21, 1, smm_btc, 155024150948, True
btc_pax, None, 0.08441, 3560.25, 21, 1, smm_btc, 155024151551, False
btc_pax, None, 0.08441, 3560.25, 21, 1, smm_btc, 155024151551, True
btc_pax, None, 0.08441, 3561.11, 21, 1, smm_btc, 155024152153, False
btc_pax, None, 0.08441, 3561.11, 21, 1, smm_btc, 155024152153, True
btc_pax, None, 0.8, 3572.86, 23, 1, smm_btc, 155024150949, True
btc_pax, None, 0.08441, 3562.02, 21, 1, smm_btc, 155024152856, False
btc_pax, None, 0.8, 3573.38, 23, 1, smm_btc, 155024152857, False
btc_pax, None, 0.08441, 3562.02, 21, 1, smm_btc, 155024152856, True
btc_pax, None, 0.08441, 3562.09, 21, 1, smm_btc, 155024153459, False
btc_pax, None, 0.08441, 3562.09, 21, 1, smm_btc, 155024153459, True
btc_pax, None, 0.08441, 3562.02, 21, 1, smm_btc, 155024154061, False
btc_pax, None, 0.8, 3573.38, 23, 1, smm_btc, 155024152857, True
btc_pax, None, 0.08441, 3562.02, 21, 1, smm_btc, 155024154061, True
btc_pax, None, 0.8, 3572.86, 23, 1, smm_btc, 155024154364, False
btc_pax, None, 0.08441, 3562.06, 21, 1, smm_btc, 155024154665, False
btc_pax, None, 0.8, 3572.86, 23, 1, smm_btc, 155024154364, True
btc_pax, None, 0.08441, 3562.06, 21, 1, smm_btc, 155024154665, True
btc_pax, None, 0.8, 3572.36, 23, 1, smm_btc, 155024154968, False
btc_pax, None, 0.08441, 3562.08, 21, 1, smm_btc, 155024155269, False
btc_pax, None, 0.8, 3572.36, 23, 1, smm_btc, 155024154968, True
btc_pax, None, 0.08441, 3562.08, 21, 1, smm_btc, 155024155269, True
btc_pax, None, 0.8, 3572.36, 23, 1, smm_btc, 155024155572, False
btc_pax, None, 0.08441, 3562.1, 21, 1, smm_btc, 155024155873, False
btc_pax, None, 0.08441, 3562.1, 21, 1, smm_btc, 155024155873, True
btc_pax, None, 0.8, 3572.36, 23, 1, smm_btc, 155024155572, True
btc_pax, None, 0.08441, 3562.35, 21, 1, smm_btc, 155024156476, False
btc_pax, None, 0.8, 3573.85, 23, 1, smm_btc, 155024156477, False
btc_pax, None, 0.08441, 3562.35, 21, 1, smm_btc, 155024156476, True
btc_pax, None, 0.8, 3573.85, 23, 1, smm_btc, 155024156477, True
btc_pax, None, 0.08441, 3562.45, 21, 1, smm_btc, 155024157080, False
btc_pax, None, 0.8, 3573.85, 23, 1, smm_btc, 155024157081, False
btc_pax, None, 0.08441, 3562.45, 21, 1, smm_btc, 155024157080, True
btc_pax, None, 0.8, 3573.85, 23, 1, smm_btc, 155024157081, True
btc_pax, None, 0.08441, 3563.78, 21, 1, smm_btc, 155024157984, False
btc_pax, None, 0.8, 3575.17, 23, 1, smm_btc, 155024157985, False
btc_pax, None, 0.08441, 3563.78, 21, 1, smm_btc, 155024157984, True
btc_pax, None, 0.8, 3575.17, 23, 1, smm_btc, 155024157985, True
btc_pax, None, 0.08441, 3563.94, 21, 1, smm_btc, 155024158588, False
btc_pax, None, 0.8, 3575.17, 23, 1, smm_btc, 155024158589, False
btc_pax, None, 0.08441, 3563.94, 21, 1, smm_btc, 155024158588, True
btc_pax, None, 0.8, 3575.17, 23, 1, smm_btc, 155024158589, True
btc_pax, None, 0.08441, 3563.98, 21, 1, smm_btc, 155024159192, False
btc_pax, None, 0.8, 3575.06, 23, 1, smm_btc, 155024159193, False
btc_pax, None, 0.08441, 3563.98, 21, 1, smm_btc, 155024159192, True
btc_pax, None, 0.8, 3575.06, 23, 1, smm_btc, 155024159193, True
btc_pax, None, 0.08441, 3564.82, 21, 1, smm_btc, 155024160196, False
btc_pax, None, 0.8, 3576.86, 23, 1, smm_btc, 155024160197, False
btc_pax, None, 0.08441, 3564.82, 21, 1, smm_btc, 155024160196, True
btc_pax, None, 0.08441, 3564.91, 21, 1, smm_btc, 155024160799, False
btc_pax, None, 0.08441, 3564.91, 21, 1, smm_btc, 155024160799, True
btc_pax, None, 0.8, 3576.86, 23, 1, smm_btc, 155024160197, True
btc_pax, None, 0.08441, 3565.2, 21, 1, smm_btc, 155024161302, False
btc_pax, None, 0.8, 3577.13, 23, 1, smm_btc, 155024161303, False
btc_pax, None, 0.08441, 3565.2, 21, 1, smm_btc, 155024161302, True
btc_pax, None, 0.08441, 3565.24, 21, 1, smm_btc, 155024162005, False
btc_pax, None, 0.8, 3577.13, 23, 1, smm_btc, 155024161303, True
btc_pax, None, 0.08441, 3565.24, 21, 1, smm_btc, 155024162005, True
btc_pax, None, 0.8, 3576.86, 23, 1, smm_btc, 155024162408, False
btc_pax, None, 0.08441, 3565.19, 21, 1, smm_btc, 155024162609, False
btc_pax, None, 0.8, 3576.86, 23, 1, smm_btc, 155024162408, True
btc_pax, None, 0.08441, 3565.19, 21, 1, smm_btc, 155024162609, True
btc_pax, None, 0.8, 3577.13, 23, 1, smm_btc, 155024162912, False
btc_pax, None, 0.08441, 3565.21, 21, 1, smm_btc, 155024163313, False
btc_pax, None, 0.08441, 3565.21, 21, 1, smm_btc, 155024163313, True
btc_pax, None, 0.8, 3577.13, 23, 1, smm_btc, 155024162912, True
btc_pax, None, 0.08441, 3565.23, 21, 1, smm_btc, 155024164216, False
btc_pax, None, 0.8, 3578.26, 23, 1, smm_btc, 155024164217, False
btc_pax, None, 0.08441, 3565.23, 21, 1, smm_btc, 155024164216, True
btc_pax, None, 0.8, 3578.26, 23, 1, smm_btc, 155024164217, True
btc_pax, None, 0.08441, 3565.25, 21, 1, smm_btc, 155024165320, False
btc_pax, None, 0.8, 3579.18, 23, 1, smm_btc, 155024165421, False
btc_pax, None, 0.08441, 3565.25, 21, 1, smm_btc, 155024165320, True
btc_pax, None, 0.8, 3579.18, 23, 1, smm_btc, 155024165421, True
btc_pax, None, 0.08441, 3565.32, 21, 1, smm_btc, 155024165924, False
btc_pax, None, 0.8, 3579.18, 23, 1, smm_btc, 155024165925, False
btc_pax, None, 0.08441, 3565.32, 21, 1, smm_btc, 155024165924, True
btc_pax, None, 0.8, 3579.18, 23, 1, smm_btc, 155024165925, True
btc_pax, None, 0.08441, 3565.41, 21, 1, smm_btc, 155024166728, False
btc_pax, None, 0.8, 3578.26, 23, 1, smm_btc, 155024166729, False
btc_pax, None, 0.08441, 3565.41, 21, 1, smm_btc, 155024166728, True
btc_pax, None, 0.08441, 3565.46, 21, 1, smm_btc, 155024167531, False
btc_pax, None, 0.08441, 3565.46, 21, 1, smm_btc, 155024167531, True
btc_pax, None, 0.8, 3578.26, 23, 1, smm_btc, 155024166729, True
btc_pax, None, 0.08441, 3565.52, 21, 1, smm_btc, 155024168134, False
btc_pax, None, 0.8, 3578.52, 23, 1, smm_btc, 155024168235, False
btc_pax, None, 0.08441, 3565.52, 21, 1, smm_btc, 155024168134, True
btc_pax, None, 0.08441, 3565.6, 21, 1, smm_btc, 155024168737, False
btc_pax, None, 0.8, 3578.52, 23, 1, smm_btc, 155024168235, True
btc_pax, None, 0.08441, 3565.6, 21, 1, smm_btc, 155024168737, True
btc_pax, None, 0.8, 3578.52, 23, 1, smm_btc, 155024169140, False
btc_pax, None, 0.08441, 3565.65, 21, 1, smm_btc, 155024169641, False
btc_pax, None, 0.8, 3578.52, 23, 1, smm_btc, 155024169140, True
btc_pax, None, 0.08441, 3565.65, 21, 1, smm_btc, 155024169641, True
btc_pax, None, 0.8, 3580.09, 23, 1, smm_btc, 155024170244, False
btc_pax, None, 0.08441, 3566.19, 21, 1, smm_btc, 155024170645, False
btc_pax, None, 0.8, 3580.09, 23, 1, smm_btc, 155024170244, True
btc_pax, None, 0.08441, 3566.19, 21, 1, smm_btc, 155024170645, True
btc_pax, None, 0.8, 3580.09, 23, 1, smm_btc, 155024170948, False
btc_pax, None, 0.08441, 3566.32, 21, 1, smm_btc, 155024171249, False
btc_pax, None, 0.8, 3580.09, 23, 1, smm_btc, 155024170948, True
btc_pax, None, 0.08441, 3566.32, 21, 1, smm_btc, 155024171249, True
btc_pax, None, 0.8, 3580.09, 23, 1, smm_btc, 155024171552, False
btc_pax, None, 0.08441, 3566.45, 21, 1, smm_btc, 155024171853, False
btc_pax, None, 0.08441, 3566.45, 21, 1, smm_btc, 155024171853, True
btc_pax, None, 0.8, 3580.09, 23, 1, smm_btc, 155024171552, True
btc_pax, None, 0.08441, 3566.88, 21, 1, smm_btc, 155024172556, False
btc_pax, None, 0.8, 3580.09, 23, 1, smm_btc, 155024172557, False
btc_pax, None, 0.08441, 3566.88, 21, 1, smm_btc, 155024172556, True
btc_pax, None, 0.08441, 3567.13, 21, 1, smm_btc, 155024173159, False
btc_pax, None, 0.08441, 3567.13, 21, 1, smm_btc, 155024173159, True
btc_pax, None, 0.08441, 3567.43, 21, 1, smm_btc, 155024174061, False
btc_pax, None, 0.08441, 3567.43, 21, 1, smm_btc, 155024174061, True
btc_pax, None, 0.8, 3580.09, 23, 1, smm_btc, 155024172557, True
btc_pax, None, 0.08441, 3567.65, 21, 1, smm_btc, 155024174664, False
btc_pax, None, 0.8, 3581.01, 23, 1, smm_btc, 155024174665, False
btc_pax, None, 0.08441, 3567.65, 21, 1, smm_btc, 155024174664, True
btc_pax, None, 0.08441, 3567.87, 21, 1, smm_btc, 155024175267, False
btc_pax, None, 0.8, 3581.01, 23, 1, smm_btc, 155024174665, True
btc_pax, None, 0.08441, 3567.87, 21, 1, smm_btc, 155024175267, True
btc_pax, None, 0.8, 3582.39, 23, 1, smm_btc, 155024175570, False
btc_pax, None, 0.08441, 3568.31, 21, 1, smm_btc, 155024175871, False
btc_pax, None, 0.8, 3582.39, 23, 1, smm_btc, 155024175570, True
btc_pax, None, 0.08441, 3568.31, 21, 1, smm_btc, 155024175871, True
btc_pax, None, 0.8, 3584.13, 23, 1, smm_btc, 155024176274, False
btc_pax, None, 0.08441, 3569.75, 21, 1, smm_btc, 155024176975, False
btc_pax, None, 0.8, 3584.13, 23, 1, smm_btc, 155024176274, True
btc_pax, None, 0.08441, 3569.75, 21, 1, smm_btc, 155024176975, True
btc_pax, None, 0.8, 3587.05, 23, 1, smm_btc, 155024177278, False
btc_pax, None, 0.08441, 3570.46, 21, 1, smm_btc, 155024177579, False
btc_pax, None, 0.08441, 3570.46, 21, 1, smm_btc, 155024177579, True
btc_pax, None, 0.8, 3587.05, 23, 1, smm_btc, 155024177278, True
btc_pax, None, 0.08441, 3571.26, 21, 1, smm_btc, 155024178182, False
btc_pax, None, 0.8, 3587.05, 23, 1, smm_btc, 155024178183, False
btc_pax, None, 0.08441, 3571.26, 21, 1, smm_btc, 155024178182, True
btc_pax, None, 0.8, 3587.05, 23, 1, smm_btc, 155024178183, True
btc_pax, None, 0.08441, 3571.37, 21, 1, smm_btc, 155024178786, False
btc_pax, None, 0.8, 3586.84, 23, 1, smm_btc, 155024178787, False
btc_pax, None, 0.08441, 3571.37, 21, 1, smm_btc, 155024178786, True
btc_pax, None, 0.8, 3586.84, 23, 1, smm_btc, 155024178787, True
btc_pax, None, 0.08441, 3571.45, 21, 1, smm_btc, 155024179490, False
btc_pax, None, 0.8, 3586.84, 23, 1, smm_btc, 155024179491, False
btc_pax, None, 0.08441, 3571.45, 21, 1, smm_btc, 155024179490, True
btc_pax, None, 0.08441, 3571.49, 21, 1, smm_btc, 155024180293, False
btc_pax, None, 0.08441, 3571.49, 21, 1, smm_btc, 155024180293, True
btc_pax, None, 0.08441, 3571.6, 21, 1, smm_btc, 155024181095, False
btc_pax, None, 0.08441, 3571.6, 21, 1, smm_btc, 155024181095, True
btc_pax, None, 0.08441, 3571.65, 21, 1, smm_btc, 155024181997, False
btc_pax, None, 0.8, 3586.84, 23, 1, smm_btc, 155024179491, True
btc_pax, None, 0.08441, 3571.65, 21, 1, smm_btc, 155024181997, True
btc_pax, None, 0.8, 3585.01, 23, 1, smm_btc, 155024182200, False
btc_pax, None, 0.08441, 3571.67, 21, 1, smm_btc, 155024182501, False
btc_pax, None, 0.08441, 3571.67, 21, 1, smm_btc, 155024182501, True
btc_pax, None, 0.08441, 3571.71, 21, 1, smm_btc, 155024183203, False
btc_pax, None, 0.8, 3585.01, 23, 1, smm_btc, 155024182200, True
btc_pax, None, 0.08441, 3571.71, 21, 1, smm_btc, 155024183203, True
btc_pax, None, 0.8, 3586.84, 23, 1, smm_btc, 155024183606, False
btc_pax, None, 0.08441, 3571.46, 21, 1, smm_btc, 155024184307, False
btc_pax, None, 0.8, 3586.84, 23, 1, smm_btc, 155024183606, True
btc_pax, None, 0.8, 3585.01, 23, 1, smm_btc, 155024184709, False
btc_pax, None, 0.8, 3585.01, 23, 1, smm_btc, 155024184709, True
btc_pax, None, 0.8, 3583.66, 23, 1, smm_btc, 155024185811, False
btc_pax, None, 0.08441, 3571.46, 21, 1, smm_btc, 155024184307, True
btc_pax, None, 0.08441, 3570.11, 21, 1, smm_btc, 155024186513, False
btc_pax, None, 0.08441, 3570.11, 21, 1, smm_btc, 155024186513, True
btc_pax, None, 0.08441, 3570.13, 21, 1, smm_btc, 155024187315, False
btc_pax, None, 0.8, 3583.66, 23, 1, smm_btc, 155024185811, True
btc_pax, None, 0.8, 3581.56, 23, 1, smm_btc, 155024187917, False
btc_pax, None, 0.8, 3567.51, 21, 1, smm_btc, 155024188218, False
btc_pax, None, 0.8, 3581.56, 23, 1, smm_btc, 155024187917, True
btc_pax, None, 0.8, 3567.51, 21, 1, smm_btc, 155024188218, True
btc_pax, None, 0.8, 3585.0, 23, 1, smm_btc, 155024188521, False
btc_pax, None, 0.8, 3564.51, 21, 1, smm_btc, 155024189222, False
btc_pax, None, 0.8, 3585.0, 23, 1, smm_btc, 155024188521, True
btc_pax, None, 0.8, 3564.51, 21, 1, smm_btc, 155024189222, True
btc_pax, None, 0.8, 3581.47, 23, 1, smm_btc, 155024189925, False
btc_pax, None, 0.8, 3564.71, 21, 1, smm_btc, 155024190226, False
btc_pax, None, 0.8, 3581.47, 23, 1, smm_btc, 155024189925, True
btc_pax, None, 0.8, 3564.71, 21, 1, smm_btc, 155024190226, True
btc_pax, None, 0.8, 3581.48, 23, 1, smm_btc, 155024190529, False
btc_pax, None, 0.8, 3564.92, 21, 1, smm_btc, 155024190830, False
btc_pax, None, 0.8, 3564.92, 21, 1, smm_btc, 155024190830, True
btc_pax, None, 0.8, 3581.48, 23, 1, smm_btc, 155024190529, True
btc_pax, None, 0.8, 3565.21, 21, 1, smm_btc, 155024191533, False
btc_pax, None, 0.8, 3581.56, 23, 1, smm_btc, 155024191534, False
btc_pax, None, 0.8, 3565.21, 21, 1, smm_btc, 155024191533, True
btc_pax, None, 0.8, 3581.56, 23, 1, smm_btc, 155024191534, True
btc_pax, None, 0.8, 3565.64, 21, 1, smm_btc, 155024192137, False
btc_pax, None, 0.8, 3580.09, 23, 1, smm_btc, 155024192138, False
btc_pax, None, 0.8, 3565.64, 21, 1, smm_btc, 155024192137, True
btc_pax, None, 0.8, 3580.09, 23, 1, smm_btc, 155024192138, True
btc_pax, None, 0.8, 3565.74, 21, 1, smm_btc, 155024192741, False
btc_pax, None, 0.8, 3579.97, 23, 1, smm_btc, 155024192742, False
btc_pax, None, 0.8, 3565.74, 21, 1, smm_btc, 155024192741, True
btc_pax, None, 0.8, 3565.31, 21, 1, smm_btc, 155024193444, False
btc_pax, None, 0.8, 3579.97, 23, 1, smm_btc, 155024192742, True
btc_pax, None, 0.8, 3565.31, 21, 1, smm_btc, 155024193444, True
btc_pax, None, 0.8, 3579.51, 23, 1, smm_btc, 155024193747, False
btc_pax, None, 0.8, 3565.41, 21, 1, smm_btc, 155024194148, False
btc_pax, None, 0.8, 3579.51, 23, 1, smm_btc, 155024193747, True
btc_pax, None, 0.8, 3565.41, 21, 1, smm_btc, 155024194148, True
btc_pax, None, 0.8, 3577.41, 23, 1, smm_btc, 155024194451, False
btc_pax, None, 0.8, 3565.31, 21, 1, smm_btc, 155024194752, False
btc_pax, None, 0.8, 3577.41, 23, 1, smm_btc, 155024194451, True
btc_pax, None, 0.8, 3577.41, 23, 1, smm_btc, 155024195154, False
btc_pax, None, 0.8, 3577.41, 23, 1, smm_btc, 155024195154, True
btc_pax, None, 0.8, 3577.41, 23, 1, smm_btc, 155024196756, False
btc_pax, None, 0.8, 3565.31, 21, 1, smm_btc, 155024194752, True
btc_pax, None, 0.8, 3577.41, 23, 1, smm_btc, 155024196756, True
btc_pax, None, 0.760393, 3562.72, 21, 1, smm_btc, 155024197959, False
btc_pax, None, 0.8, 3577.35, 23, 1, smm_btc, 155024197960, False
btc_pax, None, 0.760393, 3562.72, 21, 1, smm_btc, 155024197959, True
btc_pax, None, 0.8, 3577.35, 23, 1, smm_btc, 155024197960, True
btc_pax, None, 0.760393, 3562.93, 21, 1, smm_btc, 155024198563, False
btc_pax, None, 0.8, 3577.22, 23, 1, smm_btc, 155024198564, False
btc_pax, None, 0.760393, 3562.93, 21, 1, smm_btc, 155024198563, True
btc_pax, None, 0.760393, 3563.14, 21, 1, smm_btc, 155024199166, False
btc_pax, None, 0.760393, 3563.14, 21, 1, smm_btc, 155024199166, True
btc_pax, None, 0.760393, 3562.64, 21, 1, smm_btc, 155024199768, False
btc_pax, None, 0.8, 3577.22, 23, 1, smm_btc, 155024198564, True
btc_pax, None, 0.760393, 3562.64, 21, 1, smm_btc, 155024199768, True
btc_pax, None, 0.8, 3577.24, 23, 1, smm_btc, 155024200071, False
btc_pax, None, 0.760393, 3563.54, 21, 1, smm_btc, 155024200672, False
btc_pax, None, 0.8, 3577.24, 23, 1, smm_btc, 155024200071, True
btc_pax, None, 0.760393, 3563.54, 21, 1, smm_btc, 155024200672, True
btc_pax, None, 0.8, 3576.9, 23, 1, smm_btc, 155024200975, False
btc_pax, None, 0.760393, 3564.22, 21, 1, smm_btc, 155024201276, False
btc_pax, None, 0.8, 3576.9, 23, 1, smm_btc, 155024200975, True
btc_pax, None, 0.760393, 3564.22, 21, 1, smm_btc, 155024201276, True
btc_pax, None, 0.8, 3576.78, 23, 1, smm_btc, 155024201579, False
btc_pax, None, 0.760393, 3564.63, 21, 1, smm_btc, 155024201980, False
btc_pax, None, 0.8, 3576.78, 23, 1, smm_btc, 155024201579, True
btc_pax, None, 0.760393, 3564.63, 21, 1, smm_btc, 155024201980, True
btc_pax, None, 0.8, 3576.78, 23, 1, smm_btc, 155024202283, False
btc_pax, None, 0.760393, 3564.65, 21, 1, smm_btc, 155024202684, False
btc_pax, None, 0.8, 3576.78, 23, 1, smm_btc, 155024202283, True
btc_pax, None, 0.760393, 3564.65, 21, 1, smm_btc, 155024202684, True
btc_pax, None, 0.8, 3576.78, 23, 1, smm_btc, 155024203087, False
btc_pax, None, 0.760393, 3564.67, 21, 1, smm_btc, 155024203788, False
btc_pax, None, 0.8, 3576.78, 23, 1, smm_btc, 155024203087, True
btc_pax, None, 0.760393, 3564.67, 21, 1, smm_btc, 155024203788, True
btc_pax, None, 0.8, 3576.64, 23, 1, smm_btc, 155024204091, False
btc_pax, None, 0.760393, 3564.69, 21, 1, smm_btc, 155024204492, False
btc_pax, None, 0.760393, 3564.69, 21, 1, smm_btc, 155024204492, True
btc_pax, None, 0.760393, 3564.71, 21, 1, smm_btc, 155024205794, False
btc_pax, None, 0.8, 3576.64, 23, 1, smm_btc, 155024204091, True
btc_pax, None, 0.760393, 3564.71, 21, 1, smm_btc, 155024205794, True
btc_pax, None, 0.8, 3576.64, 23, 1, smm_btc, 155024206097, False
btc_pax, None, 0.760393, 3564.73, 21, 1, smm_btc, 155024206498, False
btc_pax, None, 0.8, 3576.64, 23, 1, smm_btc, 155024206097, True
btc_pax, None, 0.760393, 3564.73, 21, 1, smm_btc, 155024206498, True
btc_pax, None, 0.8, 3576.46, 23, 1, smm_btc, 155024206701, False
btc_pax, None, 0.760393, 3564.75, 21, 1, smm_btc, 155024207102, False
btc_pax, None, 0.760393, 3564.75, 21, 1, smm_btc, 155024207102, True
btc_pax, None, 0.8, 3576.46, 23, 1, smm_btc, 155024206701, True
btc_pax, None, 0.760393, 3564.77, 21, 1, smm_btc, 155024208205, False
btc_pax, None, 0.8, 3576.46, 23, 1, smm_btc, 155024208206, False
btc_pax, None, 0.760393, 3564.77, 21, 1, smm_btc, 155024208205, True
btc_pax, None, 0.8, 3576.46, 23, 1, smm_btc, 155024208206, True
btc_pax, None, 0.760393, 3564.79, 21, 1, smm_btc, 155024208809, False
btc_pax, None, 0.8, 3576.46, 23, 1, smm_btc, 155024208810, False
btc_pax, None, 0.760393, 3564.79, 21, 1, smm_btc, 155024208809, True
btc_pax, None, 0.8, 3576.46, 23, 1, smm_btc, 155024208810, True
btc_pax, None, 0.760393, 3564.81, 21, 1, smm_btc, 155024209413, False
btc_pax, None, 0.8, 3576.64, 23, 1, smm_btc, 155024209414, False
btc_pax, None, 0.760393, 3564.81, 21, 1, smm_btc, 155024209413, True
btc_pax, None, 0.8, 3576.64, 23, 1, smm_btc, 155024209414, True
btc_pax, None, 0.760393, 3564.95, 21, 1, smm_btc, 155024210017, False
btc_pax, None, 0.8, 3576.64, 23, 1, smm_btc, 155024210018, False
btc_pax, None, 0.760393, 3564.95, 21, 1, smm_btc, 155024210017, True
btc_pax, None, 0.8, 3576.64, 23, 1, smm_btc, 155024210018, True
btc_pax, None, 0.760393, 3565.1, 21, 1, smm_btc, 155024210621, False
btc_pax, None, 0.8, 3576.46, 23, 1, smm_btc, 155024210622, False
btc_pax, None, 0.760393, 3565.1, 21, 1, smm_btc, 155024210621, True
btc_pax, None, 0.760393, 3565.16, 21, 1, smm_btc, 155024211424, False
btc_pax, None, 0.8, 3576.46, 23, 1, smm_btc, 155024210622, True
btc_pax, None, 0.760393, 3565.16, 21, 1, smm_btc, 155024211424, True
btc_pax, None, 0.8, 3576.27, 23, 1, smm_btc, 155024211827, False
btc_pax, None, 0.760393, 3565.18, 21, 1, smm_btc, 155024212128, False
btc_pax, None, 0.760393, 3565.18, 21, 1, smm_btc, 155024212128, True
btc_pax, None, 0.760393, 3565.2, 21, 1, smm_btc, 155024212930, False
btc_pax, None, 0.8, 3576.27, 23, 1, smm_btc, 155024211827, True
btc_pax, None, 0.760393, 3565.2, 21, 1, smm_btc, 155024212930, True
btc_pax, None, 0.8, 3576.26, 23, 1, smm_btc, 155024213233, False
btc_pax, None, 0.760393, 3565.22, 21, 1, smm_btc, 155024213634, False
btc_pax, None, 0.760393, 3565.22, 21, 1, smm_btc, 155024213634, True
btc_pax, None, 0.8, 3576.26, 23, 1, smm_btc, 155024213233, True
btc_pax, None, 0.760393, 3565.24, 21, 1, smm_btc, 155024214337, False
btc_pax, None, 0.8, 3576.27, 23, 1, smm_btc, 155024214338, False
btc_pax, None, 0.760393, 3565.24, 21, 1, smm_btc, 155024214337, True
btc_pax, None, 0.760393, 3565.26, 21, 1, smm_btc, 155024214940, False
btc_pax, None, 0.8, 3576.27, 23, 1, smm_btc, 155024214338, True
btc_pax, None, 0.760393, 3565.26, 21, 1, smm_btc, 155024214940, True
btc_pax, None, 0.8, 3576.26, 23, 1, smm_btc, 155024215243, False
btc_pax, None, 0.760393, 3565.28, 21, 1, smm_btc, 155024215644, False
btc_pax, None, 0.8, 3576.26, 23, 1, smm_btc, 155024215243, True
btc_pax, None, 0.760393, 3565.28, 21, 1, smm_btc, 155024215644, True
btc_pax, None, 0.8, 3576.26, 23, 1, smm_btc, 155024215947, False
btc_pax, None, 0.760393, 3565.3, 21, 1, smm_btc, 155024216248, False
btc_pax, None, 0.760393, 3565.3, 21, 1, smm_btc, 155024216248, True
btc_pax, None, 0.760393, 3565.32, 21, 1, smm_btc, 155024217250, False
btc_pax, None, 0.760393, 3565.32, 21, 1, smm_btc, 155024217250, True
btc_pax, None, 0.8, 3576.26, 23, 1, smm_btc, 155024215947, True
btc_pax, None, 0.760393, 3565.34, 21, 1, smm_btc, 155024217953, False
btc_pax, None, 0.8, 3575.87, 23, 1, smm_btc, 155024217954, False
btc_pax, None, 0.760393, 3565.34, 21, 1, smm_btc, 155024217953, True
btc_pax, None, 0.8, 3575.87, 23, 1, smm_btc, 155024217954, True
btc_pax, None, 0.760393, 3565.36, 21, 1, smm_btc, 155024218557, False
btc_pax, None, 0.8, 3575.81, 23, 1, smm_btc, 155024218558, False
btc_pax, None, 0.760393, 3565.36, 21, 1, smm_btc, 155024218557, True
btc_pax, None, 0.760393, 3565.38, 21, 1, smm_btc, 155024219360, False
btc_pax, None, 0.760393, 3565.38, 21, 1, smm_btc, 155024219360, True
btc_pax, None, 0.760393, 3565.4, 21, 1, smm_btc, 155024220162, False
btc_pax, None, 0.760393, 3565.4, 21, 1, smm_btc, 155024220162, True
btc_pax, None, 0.8, 3575.81, 23, 1, smm_btc, 155024218558, True
btc_pax, None, 0.760393, 3565.42, 21, 1, smm_btc, 155024221965, False
btc_pax, None, 0.8, 3575.81, 23, 1, smm_btc, 155024221966, False
btc_pax, None, 0.760393, 3565.42, 21, 1, smm_btc, 155024221965, True
btc_pax, None, 0.8, 3575.81, 23, 1, smm_btc, 155024221966, True
btc_pax, None, 0.760393, 3565.43, 21, 1, smm_btc, 155024222569, False
btc_pax, None, 0.8, 3575.81, 23, 1, smm_btc, 155024222570, False
btc_pax, None, 0.760393, 3565.43, 21, 1, smm_btc, 155024222569, True
btc_pax, None, 0.8, 3575.81, 23, 1, smm_btc, 155024222570, True
btc_pax, None, 0.677441, 3563.8, 21, 1, smm_btc, 155024224173, False
btc_pax, None, 0.8, 3577.17, 23, 1, smm_btc, 155024224174, False
btc_pax, None, 0.8, 3577.17, 23, 1, smm_btc, 155024224174, True
btc_pax, None, 0.677441, 3563.8, 21, 1, smm_btc, 155024224173, True
btc_pax, None, 0.8, 3577.17, 23, 1, smm_btc, 155024225577, False
btc_pax, None, 0.677441, 3563.81, 21, 1, smm_btc, 155024225878, False
btc_pax, None, 0.677441, 3563.81, 21, 1, smm_btc, 155024225878, True
btc_pax, None, 0.8, 3577.17, 23, 1, smm_btc, 155024225577, True
btc_pax, None, 0.677441, 3563.83, 21, 1, smm_btc, 155024226581, False
btc_pax, None, 0.8, 3577.24, 23, 1, smm_btc, 155024226582, False
btc_pax, None, 0.677441, 3563.83, 21, 1, smm_btc, 155024226581, True
btc_pax, None, 0.8, 3577.24, 23, 1, smm_btc, 155024226582, True
btc_pax, None, 0.677441, 3563.8, 21, 1, smm_btc, 155024227685, False
btc_pax, None, 0.8, 3577.17, 23, 1, smm_btc, 155024227686, False
btc_pax, None, 0.677441, 3563.8, 21, 1, smm_btc, 155024227685, True
btc_pax, None, 0.677441, 3563.83, 21, 1, smm_btc, 155024228688, False
btc_pax, None, 0.8, 3577.17, 23, 1, smm_btc, 155024227686, True
btc_pax, None, 0.677441, 3563.83, 21, 1, smm_btc, 155024228688, True
btc_pax, None, 0.8, 3576.22, 23, 1, smm_btc, 155024228991, False
btc_pax, None, 0.677441, 3563.83, 21, 1, smm_btc, 155024230192, False
btc_pax, None, 0.8, 3576.22, 23, 1, smm_btc, 155024228991, True
btc_pax, None, 0.8, 3577.24, 23, 1, smm_btc, 155024231294, False
btc_pax, None, 0.8, 3577.24, 23, 1, smm_btc, 155024231294, True
btc_pax, None, 0.8, 3577.78, 23, 1, smm_btc, 155024231996, False
btc_pax, None, 0.8, 3577.78, 23, 1, smm_btc, 155024231996, True
btc_pax, None, 0.677441, 3563.83, 21, 1, smm_btc, 155024230192, True
btc_pax, None, 0.8, 3578.96, 23, 1, smm_btc, 155024232599, False
btc_pax, None, 0.677441, 3563.88, 21, 1, smm_btc, 155024233000, False
btc_pax, None, 0.8, 3578.96, 23, 1, smm_btc, 155024232599, True
btc_pax, None, 0.677441, 3563.88, 21, 1, smm_btc, 155024233000, True
btc_pax, None, 0.8, 3577.24, 23, 1, smm_btc, 155024233303, False
btc_pax, None, 0.677441, 3563.9, 21, 1, smm_btc, 155024233704, False
btc_pax, None, 0.677441, 3563.9, 21, 1, smm_btc, 155024233704, True
btc_pax, None, 0.677441, 3563.92, 21, 1, smm_btc, 155024234506, False
btc_pax, None, 0.677441, 3563.92, 21, 1, smm_btc, 155024234506, True
btc_pax, None, 0.677441, 3563.93, 21, 1, smm_btc, 155024236308, False
btc_pax, None, 0.8, 3577.24, 23, 1, smm_btc, 155024233303, True
btc_pax, None, 0.677441, 3563.93, 21, 1, smm_btc, 155024236308, True
btc_pax, None, 0.8, 3576.22, 23, 1, smm_btc, 155024236711, False
btc_pax, None, 0.677441, 3562.62, 21, 1, smm_btc, 155024237112, False
btc_pax, None, 0.8, 3576.22, 23, 1, smm_btc, 155024236711, True
btc_pax, None, 0.8, 3576.22, 23, 1, smm_btc, 155024237414, False
btc_pax, None, 0.8, 3576.22, 23, 1, smm_btc, 155024237414, True
btc_pax, None, 0.8, 3577.78, 23, 1, smm_btc, 155024238016, False
btc_pax, None, 0.677441, 3562.62, 21, 1, smm_btc, 155024237112, True
btc_pax, None, 0.8, 3577.78, 23, 1, smm_btc, 155024238016, True
btc_pax, None, 0.677441, 3562.04, 21, 1, smm_btc, 155024238719, False
btc_pax, None, 0.8, 3577.24, 23, 1, smm_btc, 155024238720, False
btc_pax, None, 0.8, 3577.24, 23, 1, smm_btc, 155024238720, True
btc_pax, None, 0.8, 3576.0, 23, 1, smm_btc, 155024239722, False
btc_pax, None, 0.677441, 3562.04, 21, 1, smm_btc, 155024238719, True
btc_pax, None, 0.8, 3576.0, 23, 1, smm_btc, 155024239722, True
btc_pax, None, 0.8, 3561.56, 23, 1, smm_btc, 155024240625, False
btc_pax, None, 0.8, 3548.4, 21, 1, smm_btc, 155024241326, False
btc_pax, None, 0.8, 3561.56, 23, 1, smm_btc, 155024240625, True
btc_pax, None, 0.8, 3548.4, 21, 1, smm_btc, 155024241326, True
btc_pax, None, 0.8, 3548.41, 21, 1, smm_btc, 155024242029, False
btc_pax, None, 0.8, 3573.0, 23, 1, smm_btc, 155024242030, False
btc_pax, None, 0.8, 3548.41, 21, 1, smm_btc, 155024242029, True
btc_pax, None, 0.8, 3573.0, 23, 1, smm_btc, 155024242030, True
btc_pax, None, 0.8, 3559.5, 21, 1, smm_btc, 155024242833, False
btc_pax, None, 0.8, 3561.56, 23, 1, smm_btc, 155024242834, False
btc_pax, None, 0.8, 3559.5, 21, 1, smm_btc, 155024242833, True
btc_pax, None, 0.8, 3561.56, 23, 1, smm_btc, 155024242834, True
btc_pax, None, 0.8, 3560.8, 21, 1, smm_btc, 155024243837, False
btc_pax, None, 0.378861, 3574.73, 23, 1, smm_btc, 155024243938, False
btc_pax, None, 0.8, 3560.8, 21, 1, smm_btc, 155024243837, True
btc_pax, None, 0.8, 3560.82, 21, 1, smm_btc, 155024244440, False
btc_pax, None, 0.378861, 3574.73, 23, 1, smm_btc, 155024243938, True
btc_pax, None, 0.8, 3560.82, 21, 1, smm_btc, 155024244440, True
btc_pax, None, 0.378861, 3573.05, 23, 1, smm_btc, 155024244843, False
btc_pax, None, 0.8, 3560.85, 21, 1, smm_btc, 155024245944, False
btc_pax, None, 0.8, 3560.85, 21, 1, smm_btc, 155024245944, True
btc_pax, None, 0.8, 3560.87, 21, 1, smm_btc, 155024246646, False
btc_pax, None, 0.378861, 3573.05, 23, 1, smm_btc, 155024244843, True
btc_pax, None, 0.8, 3560.87, 21, 1, smm_btc, 155024246646, True
btc_pax, None, 0.378861, 3573.82, 23, 1, smm_btc, 155024247249, False
btc_pax, None, 0.8, 3560.89, 21, 1, smm_btc, 155024247550, False
btc_pax, None, 0.378861, 3573.82, 23, 1, smm_btc, 155024247249, True
btc_pax, None, 0.8, 3560.89, 21, 1, smm_btc, 155024247550, True
btc_pax, None, 0.378861, 3570.93, 23, 1, smm_btc, 155024247853, False
btc_pax, None, 0.8, 3560.91, 21, 1, smm_btc, 155024248154, False
btc_pax, None, 0.378861, 3570.93, 23, 1, smm_btc, 155024247853, True
btc_pax, None, 0.378861, 3572.58, 23, 1, smm_btc, 155024249356, False
btc_pax, None, 0.8, 3560.91, 21, 1, smm_btc, 155024248154, True
btc_pax, None, 0.378861, 3572.58, 23, 1, smm_btc, 155024249356, True
btc_pax, None, 0.559943, 3560.83, 21, 1, smm_btc, 155024251659, False
btc_pax, None, 0.378861, 3562.56, 23, 1, smm_btc, 155024251660, False
btc_pax, None, 0.378861, 3562.56, 23, 1, smm_btc, 155024251660, True
btc_pax, None, 0.378861, 3561.82, 23, 1, smm_btc, 155024252862, False
btc_pax, None, 0.559943, 3560.83, 21, 1, smm_btc, 155024251659, True
btc_pax, None, 0.378861, 3561.82, 23, 1, smm_btc, 155024252862, True
btc_pax, None, 0.378861, 3563.65, 23, 1, smm_btc, 155024254265, False
btc_pax, None, 0.378861, 3563.65, 23, 1, smm_btc, 155024254265, True
btc_pax, None, 0.559943, 3560.83, 21, 1, smm_btc, 155024255167, False
btc_pax, None, 0.378861, 3563.62, 23, 1, smm_btc, 155024255168, False
btc_pax, None, 0.559943, 3560.83, 21, 1, smm_btc, 155024255167, True
btc_pax, None, 0.559943, 3560.9, 21, 1, smm_btc, 155024256970, False
btc_pax, None, 0.559943, 3560.9, 21, 1, smm_btc, 155024256970, True
btc_pax, None, 0.378861, 3563.62, 23, 1, smm_btc, 155024255168, True
btc_pax, None, 0.559943, 3562.31, 21, 1, smm_btc, 155024257973, False
btc_pax, None, 0.378861, 3564.59, 23, 1, smm_btc, 155024257974, False
btc_pax, None, 0.559943, 3562.31, 21, 1, smm_btc, 155024257973, True
btc_pax, None, 0.378861, 3564.59, 23, 1, smm_btc, 155024257974, True
btc_pax, None, 0.559943, 3560.9, 21, 1, smm_btc, 155024259577, False
btc_pax, None, 0.378861, 3564.23, 23, 1, smm_btc, 155024259578, False
btc_pax, None, 0.559943, 3560.9, 21, 1, smm_btc, 155024259577, True
btc_pax, None, 0.378861, 3564.23, 23, 1, smm_btc, 155024259578, True
btc_pax, None, 0.559943, 3560.8, 21, 1, smm_btc, 155024260181, False
btc_pax, None, 0.378861, 3563.25, 23, 1, smm_btc, 155024260182, False
btc_pax, None, 0.559943, 3560.8, 21, 1, smm_btc, 155024260181, True
btc_pax, None, 0.378861, 3563.25, 23, 1, smm_btc, 155024260182, True
btc_pax, None, 0.559943, 3560.83, 21, 1, smm_btc, 155024261585, False
btc_pax, None, 0.378861, 3562.46, 23, 1, smm_btc, 155024261586, False
btc_pax, None, 0.378861, 3562.46, 23, 1, smm_btc, 155024261586, True
btc_pax, None, 0.8, 3550.59, 21, 1, smm_btc, 155024263188, False
btc_pax, None, 0.378861, 3572.77, 23, 1, smm_btc, 155024263189, False
btc_pax, None, 0.378861, 3572.77, 23, 1, smm_btc, 155024263189, True
btc_pax, None, 0.8, 3550.59, 21, 1, smm_btc, 155024263188, True
btc_pax, None, 0.8, 3559.93, 21, 1, smm_btc, 155024264192, False
btc_pax, None, 0.378861, 3560.42, 23, 1, smm_btc, 155024265893, False
btc_pax, None, 0.378861, 3560.42, 23, 1, smm_btc, 155024265893, True
btc_pax, None, 0.8, 3550.3, 21, 1, smm_btc, 155024266595, False
btc_pax, None, 0.378861, 3560.77, 23, 1, smm_btc, 155024266896, False
btc_pax, None, 0.8, 3550.3, 21, 1, smm_btc, 155024266595, True
btc_pax, None, 0.8, 3551.76, 21, 1, smm_btc, 155024267298, False
btc_pax, None, 0.8, 3551.76, 21, 1, smm_btc, 155024267298, True
btc_pax, None, 0.8, 3550.59, 21, 1, smm_btc, 155024267900, False
btc_pax, None, 0.378861, 3560.77, 23, 1, smm_btc, 155024266896, True
btc_pax, None, 0.8, 3550.59, 21, 1, smm_btc, 155024267900, True
btc_pax, None, 0.8, 3550.3, 21, 1, smm_btc, 155024268503, False
btc_pax, None, 0.8, 3559.78, 23, 1, smm_btc, 155024268804, False
btc_pax, None, 0.8, 3550.3, 21, 1, smm_btc, 155024268503, True
btc_pax, None, 0.8, 3554.63, 21, 1, smm_btc, 155024270006, False
btc_pax, None, 0.8, 3554.63, 21, 1, smm_btc, 155024270006, True
btc_pax, None, 0.8, 3574.38, 23, 1, smm_btc, 155024270308, False
btc_pax, None, 0.8, 3574.38, 23, 1, smm_btc, 155024270308, True
btc_pax, None, 0.8, 3563.85, 23, 1, smm_btc, 155024271210, False
btc_pax, None, 0.8, 3561.1, 21, 1, smm_btc, 155024271511, False
btc_pax, None, 0.8, 3561.1, 21, 1, smm_btc, 155024271511, True
btc_pax, None, 0.8, 3563.85, 23, 1, smm_btc, 155024271210, True
btc_pax, None, 0.8, 3560.02, 21, 1, smm_btc, 155024272414, False
btc_pax, None, 0.8, 3560.02, 21, 1, smm_btc, 155024272414, True
btc_pax, None, 0.8, 3574.57, 23, 1, smm_btc, 155024273016, False
btc_pax, None, 0.8, 3560.04, 21, 1, smm_btc, 155024273917, False
btc_pax, None, 0.8, 3574.57, 23, 1, smm_btc, 155024273016, True
btc_pax, None, 0.8, 3562.14, 23, 1, smm_btc, 155024274219, False
btc_pax, None, 0.8, 3560.04, 21, 1, smm_btc, 155024273917, True
btc_pax, None, 0.8, 3562.14, 23, 1, smm_btc, 155024274219, True
btc_pax, None, 0.8, 3551.76, 21, 1, smm_btc, 155024275922, False
btc_pax, None, 0.8, 3569.94, 23, 1, smm_btc, 155024275923, False
btc_pax, None, 0.8, 3551.76, 21, 1, smm_btc, 155024275922, True
btc_pax, None, 0.8, 3551.43, 21, 1, smm_btc, 155024277425, False
btc_pax, None, 0.8, 3551.43, 21, 1, smm_btc, 155024277425, True
btc_pax, None, 0.8, 3569.94, 23, 1, smm_btc, 155024275923, True
btc_pax, None, 0.8, 3557.94, 21, 1, smm_btc, 155024278128, False
btc_pax, None, 0.8, 3556.45, 23, 1, smm_btc, 155024279429, False
btc_pax, None, 0.8, 3544.61, 21, 1, smm_btc, 155024279730, False
btc_pax, None, 0.8, 3556.45, 23, 1, smm_btc, 155024279429, True
btc_pax, None, 0.8, 3544.61, 21, 1, smm_btc, 155024279730, True
btc_pax, None, 0.715434, 3553.44, 23, 1, smm_btc, 155024281033, False
btc_pax, None, 0.8, 3542.91, 21, 1, smm_btc, 155024281034, False
btc_pax, None, 0.715434, 3553.44, 23, 1, smm_btc, 155024281033, True
btc_pax, None, 0.715434, 3553.4, 23, 1, smm_btc, 155024282236, False
btc_pax, None, 0.8, 3542.91, 21, 1, smm_btc, 155024281034, True
btc_pax, None, 0.715434, 3553.4, 23, 1, smm_btc, 155024282236, True
btc_pax, None, 0.8, 3537.72, 21, 1, smm_btc, 155024282539, False
btc_pax, None, 0.715434, 3553.38, 23, 1, smm_btc, 155024282840, False
btc_pax, None, 0.8, 3537.72, 21, 1, smm_btc, 155024282539, True
btc_pax, None, 0.715434, 3553.38, 23, 1, smm_btc, 155024282840, True
btc_pax, None, 0.8, 3537.18, 21, 1, smm_btc, 155024283243, False
btc_pax, None, 0.715434, 3549.5, 23, 1, smm_btc, 155024284144, False
btc_pax, None, 0.8, 3537.18, 21, 1, smm_btc, 155024283243, True
btc_pax, None, 0.715434, 3549.5, 23, 1, smm_btc, 155024284144, True
btc_pax, None, 0.8, 3536.9, 21, 1, smm_btc, 155024284447, False
btc_pax, None, 0.715434, 3549.15, 23, 1, smm_btc, 155024284848, False
btc_pax, None, 0.8, 3536.9, 21, 1, smm_btc, 155024284447, True
btc_pax, None, 0.715434, 3549.15, 23, 1, smm_btc, 155024284848, True
btc_pax, None, 0.8, 3535.16, 21, 1, smm_btc, 155024285251, False
btc_pax, None, 0.715434, 3552.07, 23, 1, smm_btc, 155024286052, False
btc_pax, None, 0.8, 3535.16, 21, 1, smm_btc, 155024285251, True
btc_pax, None, 0.8, 3552.77, 21, 1, smm_btc, 155024287454, False
btc_pax, None, 0.8, 3552.77, 21, 1, smm_btc, 155024287454, True
btc_pax, None, 0.8, 3557.51, 23, 1, smm_btc, 155024288456, False
btc_pax, None, 0.786815, 3551.28, 21, 1, smm_btc, 155024288757, False
btc_pax, None, 0.786815, 3551.28, 21, 1, smm_btc, 155024288757, True
btc_pax, None, 0.8, 3557.51, 23, 1, smm_btc, 155024288456, True
btc_pax, None, 0.8, 3557.49, 23, 1, smm_btc, 155024289360, False
btc_pax, None, 0.786815, 3552.72, 21, 1, smm_btc, 155024289661, False
btc_pax, None, 0.786815, 3552.72, 21, 1, smm_btc, 155024289661, True
btc_pax, None, 0.786815, 3552.7, 21, 1, smm_btc, 155024290463, False
btc_pax, None, 0.8, 3557.49, 23, 1, smm_btc, 155024289360, True
btc_pax, None, 0.8, 3552.1, 23, 1, smm_btc, 155024292465, False
btc_pax, None, 0.8, 3551.4, 21, 1, smm_btc, 155024293966, False
btc_pax, None, 0.8, 3557.47, 23, 1, smm_btc, 155024293967, False
btc_pax, None, 0.8, 3557.47, 23, 1, smm_btc, 155024293967, True
btc_pax, None, 0.8, 3551.4, 21, 1, smm_btc, 155024293966, True
btc_pax, None, 0.8, 3557.52, 23, 1, smm_btc, 155024294670, False
btc_pax, None, 0.8, 3557.52, 23, 1, smm_btc, 155024294670, True
btc_pax, None, 0.8, 3551.4, 21, 1, smm_btc, 155024295272, False
btc_pax, None, 0.8, 3557.49, 23, 1, smm_btc, 155024295273, False
btc_pax, None, 0.8, 3557.49, 23, 1, smm_btc, 155024295273, True
btc_pax, None, 0.8, 3551.4, 21, 1, smm_btc, 155024295272, True
btc_pax, None, 0.8, 3557.47, 23, 1, smm_btc, 155024295976, False
btc_pax, None, 0.8, 3551.4, 21, 1, smm_btc, 155024296277, False
btc_pax, None, 0.8, 3551.4, 21, 1, smm_btc, 155024296277, True
btc_pax, None, 0.8, 3550.75, 21, 1, smm_btc, 155024297179, False
btc_pax, None, 0.8, 3550.75, 21, 1, smm_btc, 155024297179, True
btc_pax, None, 0.8, 3557.47, 23, 1, smm_btc, 155024295976, True
btc_pax, None, 0.8, 3557.47, 23, 1, smm_btc, 155024298682, False
btc_pax, None, 0.8, 3557.47, 23, 1, smm_btc, 155024298682, True
btc_pax, None, 0.8, 3556.0, 23, 1, smm_btc, 155024299584, False
btc_pax, None, 0.8, 3551.91, 21, 1, smm_btc, 155024300285, False
btc_pax, None, 0.8, 3551.91, 21, 1, smm_btc, 155024300285, True
btc_pax, None, 0.8, 3556.0, 23, 1, smm_btc, 155024299584, True
btc_pax, None, 0.8, 3543.87, 21, 1, smm_btc, 155024300888, False
btc_pax, None, 0.8, 3567.68, 23, 1, smm_btc, 155024300889, False
btc_pax, None, 0.8, 3543.87, 21, 1, smm_btc, 155024300888, True
btc_pax, None, 0.8, 3567.68, 23, 1, smm_btc, 155024300889, True
btc_pax, None, 0.8, 3543.3, 21, 1, smm_btc, 155024301892, False
btc_pax, None, 0.8, 3567.39, 23, 1, smm_btc, 155024301893, False
btc_pax, None, 0.8, 3567.39, 23, 1, smm_btc, 155024301893, True
btc_pax, None, 0.8, 3556.03, 23, 1, smm_btc, 155024302495, False
btc_pax, None, 0.8, 3556.03, 23, 1, smm_btc, 155024302495, True
btc_pax, None, 0.8, 3556.04, 23, 1, smm_btc, 155024303097, False
btc_pax, None, 0.8, 3556.04, 23, 1, smm_btc, 155024303097, True
btc_pax, None, 0.8, 3543.3, 21, 1, smm_btc, 155024301892, True
btc_pax, None, 0.8, 3556.0, 23, 1, smm_btc, 155024303700, False
btc_pax, None, 0.8, 3551.91, 21, 1, smm_btc, 155024304201, False
btc_pax, None, 0.8, 3551.91, 21, 1, smm_btc, 155024304201, True
btc_pax, None, 0.8, 3553.15, 21, 1, smm_btc, 155024304803, False
btc_pax, None, 0.8, 3553.15, 21, 1, smm_btc, 155024304803, True
btc_pax, None, 0.8, 3578.23, 23, 1, smm_btc, 155024305405, False
btc_pax, None, 0.769664, 3553.16, 21, 1, smm_btc, 155024305706, False
btc_pax, None, 0.8, 3578.23, 23, 1, smm_btc, 155024305405, True
btc_pax, None, 0.769664, 3553.16, 21, 1, smm_btc, 155024305706, True
btc_pax, None, 0.8, 3570.09, 23, 1, smm_btc, 155024306009, False
btc_pax, None, 0.769664, 3553.74, 21, 1, smm_btc, 155024306310, False
btc_pax, None, 0.8, 3570.09, 23, 1, smm_btc, 155024306009, True
btc_pax, None, 0.769664, 3553.74, 21, 1, smm_btc, 155024306310, True
btc_pax, None, 0.8, 3570.09, 23, 1, smm_btc, 155024306613, False
btc_pax, None, 0.769664, 3553.97, 21, 1, smm_btc, 155024306914, False
btc_pax, None, 0.769664, 3553.97, 21, 1, smm_btc, 155024306914, True
btc_pax, None, 0.8, 3570.09, 23, 1, smm_btc, 155024306613, True
btc_pax, None, 0.769664, 3554.21, 21, 1, smm_btc, 155024307717, False
btc_pax, None, 0.8, 3570.09, 23, 1, smm_btc, 155024307718, False
btc_pax, None, 0.769664, 3554.21, 21, 1, smm_btc, 155024307717, True
btc_pax, None, 0.8, 3570.09, 23, 1, smm_btc, 155024307718, True
btc_pax, None, 0.769664, 3553.6, 21, 1, smm_btc, 155024308421, False
btc_pax, None, 0.8, 3570.52, 23, 1, smm_btc, 155024308422, False
btc_pax, None, 0.769664, 3553.6, 21, 1, smm_btc, 155024308421, True
btc_pax, None, 0.8, 3570.52, 23, 1, smm_btc, 155024308422, True
btc_pax, None, 0.769664, 3553.67, 21, 1, smm_btc, 155024309025, False
btc_pax, None, 0.8, 3568.14, 23, 1, smm_btc, 155024309026, False
btc_pax, None, 0.769664, 3553.67, 21, 1, smm_btc, 155024309025, True
btc_pax, None, 0.8, 3568.14, 23, 1, smm_btc, 155024309026, True
btc_pax, None, 0.769664, 3554.17, 21, 1, smm_btc, 155024309729, False
btc_pax, None, 0.8, 3567.74, 23, 1, smm_btc, 155024309730, False
btc_pax, None, 0.769664, 3554.17, 21, 1, smm_btc, 155024309729, True
btc_pax, None, 0.769664, 3554.29, 21, 1, smm_btc, 155024310332, False
btc_pax, None, 0.8, 3567.74, 23, 1, smm_btc, 155024309730, True
btc_pax, None, 0.769664, 3554.29, 21, 1, smm_btc, 155024310332, True
btc_pax, None, 0.8, 3568.1, 23, 1, smm_btc, 155024310635, False
btc_pax, None, 0.769664, 3554.27, 21, 1, smm_btc, 155024310936, False
btc_pax, None, 0.8, 3568.1, 23, 1, smm_btc, 155024310635, True
btc_pax, None, 0.8, 3568.14, 23, 1, smm_btc, 155024311238, False
btc_pax, None, 0.8, 3568.14, 23, 1, smm_btc, 155024311238, True
btc_pax, None, 0.8, 3566.58, 23, 1, smm_btc, 155024311940, False
btc_pax, None, 0.769664, 3554.27, 21, 1, smm_btc, 155024310936, True
btc_pax, None, 0.8, 3566.58, 23, 1, smm_btc, 155024311940, True
btc_pax, None, 0.769664, 3555.4, 21, 1, smm_btc, 155024312543, False
btc_pax, None, 0.8, 3566.58, 23, 1, smm_btc, 155024312544, False
btc_pax, None, 0.769664, 3555.4, 21, 1, smm_btc, 155024312543, True
btc_pax, None, 0.8, 3566.58, 23, 1, smm_btc, 155024312544, True
btc_pax, None, 0.769664, 3555.51, 21, 1, smm_btc, 155024313147, False
btc_pax, None, 0.8, 3565.19, 23, 1, smm_btc, 155024313148, False
btc_pax, None, 0.769664, 3555.51, 21, 1, smm_btc, 155024313147, True
btc_pax, None, 0.769664, 3555.65, 21, 1, smm_btc, 155024313850, False
btc_pax, None, 0.8, 3565.19, 23, 1, smm_btc, 155024313148, True
btc_pax, None, 0.769664, 3555.65, 21, 1, smm_btc, 155024313850, True
btc_pax, None, 0.8, 3563.7, 23, 1, smm_btc, 155024314253, False
btc_pax, None, 0.769664, 3555.39, 21, 1, smm_btc, 155024314554, False
btc_pax, None, 0.769664, 3555.39, 21, 1, smm_btc, 155024314554, True
btc_pax, None, 0.8, 3563.7, 23, 1, smm_btc, 155024314253, True
btc_pax, None, 0.769664, 3555.37, 21, 1, smm_btc, 155024315257, False
btc_pax, None, 0.8, 3566.42, 23, 1, smm_btc, 155024315258, False
btc_pax, None, 0.769664, 3555.37, 21, 1, smm_btc, 155024315257, True
btc_pax, None, 0.8, 3566.42, 23, 1, smm_btc, 155024315258, True
btc_pax, None, 0.769664, 3555.37, 21, 1, smm_btc, 155024315861, False
btc_pax, None, 0.8, 3566.63, 23, 1, smm_btc, 155024315862, False
btc_pax, None, 0.769664, 3555.37, 21, 1, smm_btc, 155024315861, True
btc_pax, None, 0.8, 3566.63, 23, 1, smm_btc, 155024315862, True
btc_pax, None, 0.769664, 3556.19, 21, 1, smm_btc, 155024317165, False
btc_pax, None, 0.8, 3566.84, 23, 1, smm_btc, 155024317166, False
btc_pax, None, 0.769664, 3556.19, 21, 1, smm_btc, 155024317165, True
btc_pax, None, 0.769664, 3556.77, 21, 1, smm_btc, 155024317868, False
btc_pax, None, 0.769664, 3556.77, 21, 1, smm_btc, 155024317868, True
btc_pax, None, 0.8, 3566.84, 23, 1, smm_btc, 155024317166, True
btc_pax, None, 0.769664, 3557.02, 21, 1, smm_btc, 155024318571, False
btc_pax, None, 0.8, 3566.98, 23, 1, smm_btc, 155024318572, False
btc_pax, None, 0.769664, 3557.02, 21, 1, smm_btc, 155024318571, True
btc_pax, None, 0.8, 3566.98, 23, 1, smm_btc, 155024318572, True
btc_pax, None, 0.769664, 3558.53, 21, 1, smm_btc, 155024319475, False
btc_pax, None, 0.8, 3566.98, 23, 1, smm_btc, 155024319476, False
btc_pax, None, 0.769664, 3558.53, 21, 1, smm_btc, 155024319475, True
btc_pax, None, 0.8, 3566.98, 23, 1, smm_btc, 155024319476, True
btc_pax, None, 0.769664, 3558.53, 21, 1, smm_btc, 155024320079, False
btc_pax, None, 0.8, 3568.27, 23, 1, smm_btc, 155024320080, False
btc_pax, None, 0.8, 3568.27, 23, 1, smm_btc, 155024320080, True
btc_pax, None, 0.769664, 3558.53, 21, 1, smm_btc, 155024320079, True
btc_pax, None, 0.8, 3566.83, 23, 1, smm_btc, 155024320983, False
btc_pax, None, 0.726319, 3559.71, 21, 1, smm_btc, 155024321284, False
btc_pax, None, 0.8, 3566.83, 23, 1, smm_btc, 155024320983, True
btc_pax, None, 0.8, 3568.27, 23, 1, smm_btc, 155024321586, False
btc_pax, None, 0.8, 3568.27, 23, 1, smm_btc, 155024321586, True
btc_pax, None, 0.8, 3567.93, 23, 1, smm_btc, 155024322388, False
btc_pax, None, 0.8, 3567.93, 23, 1, smm_btc, 155024322388, True
btc_pax, None, 0.8, 3556.17, 21, 1, smm_btc, 155024323690, False
btc_pax, None, 0.8, 3558.58, 23, 1, smm_btc, 155024323691, False
btc_pax, None, 0.8, 3558.58, 23, 1, smm_btc, 155024323691, True
btc_pax, None, 0.8, 3561.35, 23, 1, smm_btc, 155024324393, False
btc_pax, None, 0.8, 3561.35, 23, 1, smm_btc, 155024324393, True
btc_pax, None, 0.8, 3556.17, 21, 1, smm_btc, 155024323690, True
btc_pax, None, 0.8, 3561.32, 23, 1, smm_btc, 155024325396, False
btc_pax, None, 0.8, 3552.0, 21, 1, smm_btc, 155024325997, False
btc_pax, None, 0.8, 3561.32, 23, 1, smm_btc, 155024325396, True
btc_pax, None, 0.8, 3561.34, 23, 1, smm_btc, 155024326299, False
btc_pax, None, 0.8, 3561.34, 23, 1, smm_btc, 155024326299, True
btc_pax, None, 0.8, 3552.0, 21, 1, smm_btc, 155024325997, True
btc_pax, None, 0.8, 3561.34, 23, 1, smm_btc, 155024327202, False
btc_pax, None, 0.8, 3559.31, 21, 1, smm_btc, 155024327503, False
btc_pax, None, 0.8, 3559.31, 21, 1, smm_btc, 155024327503, True
btc_pax, None, 0.8, 3561.34, 23, 1, smm_btc, 155024327202, True
btc_pax, None, 0.8, 3561.35, 23, 1, smm_btc, 155024328106, False
btc_pax, None, 0.8, 3560.14, 21, 1, smm_btc, 155024328407, False
btc_pax, None, 0.8, 3561.35, 23, 1, smm_btc, 155024328106, True
btc_pax, None, 0.622007, 3561.51, 23, 1, smm_btc, 155024329009, False
btc_pax, None, 0.8, 3560.14, 21, 1, smm_btc, 155024328407, True
btc_pax, None, 0.622007, 3561.51, 23, 1, smm_btc, 155024329009, True
btc_pax, None, 0.8, 3561.42, 21, 1, smm_btc, 155024329712, False
btc_pax, None, 0.321838, 3572.32, 23, 1, smm_btc, 155024329713, False
btc_pax, None, 0.321838, 3572.32, 23, 1, smm_btc, 155024329713, True
btc_pax, None, 0.321838, 3572.32, 23, 1, smm_btc, 155024330315, False
btc_pax, None, 0.321838, 3572.32, 23, 1, smm_btc, 155024330315, True
btc_pax, None, 0.321838, 3571.91, 23, 1, smm_btc, 155024331317, False
btc_pax, None, 0.8, 3561.42, 21, 1, smm_btc, 155024329712, True
btc_pax, None, 0.321838, 3571.91, 23, 1, smm_btc, 155024331317, True
btc_pax, None, 0.204618, 3560.17, 21, 1, smm_btc, 155024331920, False
btc_pax, None, 0.321838, 3561.75, 23, 1, smm_btc, 155024331921, False
btc_pax, None, 0.8, 3562.94, 23, 1, smm_btc, 155024332522, False
btc_pax, None, 0.8, 3562.94, 23, 1, smm_btc, 155024332522, True
btc_pax, None, 0.204618, 3560.17, 21, 1, smm_btc, 155024331920, True
btc_pax, None, 0.8, 3573.06, 23, 1, smm_btc, 155024333125, False
btc_pax, None, 0.204618, 3560.74, 21, 1, smm_btc, 155024333426, False
btc_pax, None, 0.8, 3573.06, 23, 1, smm_btc, 155024333125, True
btc_pax, None, 0.8, 3562.94, 23, 1, smm_btc, 155024333828, False
btc_pax, None, 0.204618, 3560.74, 21, 1, smm_btc, 155024333426, True
btc_pax, None, 0.204618, 3553.99, 21, 1, smm_btc, 155024334630, False
btc_pax, None, 0.8, 3562.94, 23, 1, smm_btc, 155024333828, True
btc_pax, None, 0.204618, 3553.99, 21, 1, smm_btc, 155024334630, True
btc_pax, None, 0.8, 3562.93, 23, 1, smm_btc, 155024334933, False
btc_pax, None, 0.204618, 3560.1, 21, 1, smm_btc, 155024335234, False
btc_pax, None, 0.8, 3562.93, 23, 1, smm_btc, 155024334933, True
btc_pax, None, 0.8, 3565.03, 23, 1, smm_btc, 155024335536, False
btc_pax, None, 0.8, 3565.03, 23, 1, smm_btc, 155024335536, True
btc_pax, None, 0.8, 3563.0, 23, 1, smm_btc, 155024336138, False
btc_pax, None, 0.8, 3563.0, 23, 1, smm_btc, 155024336138, True
btc_pax, None, 0.8, 3563.33, 23, 1, smm_btc, 155024337840, False
btc_pax, None, 0.8, 3563.33, 23, 1, smm_btc, 155024337840, True
btc_pax, None, 0.8, 3563.3, 23, 1, smm_btc, 155024338442, False
btc_pax, None, 0.204618, 3560.1, 21, 1, smm_btc, 155024335234, True
btc_pax, None, 0.8, 3563.3, 23, 1, smm_btc, 155024338442, True
btc_pax, None, 0.8, 3565.06, 23, 1, smm_btc, 155024339745, False
btc_pax, None, 0.204618, 3561.83, 21, 1, smm_btc, 155024340046, False
btc_pax, None, 0.8, 3565.06, 23, 1, smm_btc, 155024339745, True
btc_pax, None, 0.8, 3564.13, 23, 1, smm_btc, 155024340348, False
btc_pax, None, 0.204618, 3561.83, 21, 1, smm_btc, 155024340046, True
btc_pax, None, 0.204618, 3560.6, 21, 1, smm_btc, 155024340950, False
btc_pax, None, 0.8, 3564.13, 23, 1, smm_btc, 155024340348, True
btc_pax, None, 0.8, 3562.61, 23, 1, smm_btc, 155024341252, False
btc_pax, None, 0.8, 3562.61, 23, 1, smm_btc, 155024341252, True
btc_pax, None, 0.8, 3562.59, 23, 1, smm_btc, 155024341854, False
btc_pax, None, 0.204618, 3560.6, 21, 1, smm_btc, 155024340950, True
btc_pax, None, 0.8, 3562.59, 23, 1, smm_btc, 155024341854, True
btc_pax, None, 0.204618, 3560.6, 21, 1, smm_btc, 155024343857, False
btc_pax, None, 0.204618, 3560.6, 21, 1, smm_btc, 155024343857, True
btc_pax, None, 0.004618, 3551.21, 21, 1, smm_btc, 155024345159, False
btc_pax, None, 0.8, 3571.19, 23, 1, smm_btc, 155024345160, False
btc_pax, None, 0.004618, 3551.21, 21, 1, smm_btc, 155024345159, True
btc_pax, None, 0.004618, 3549.37, 21, 1, smm_btc, 155024346062, False
btc_pax, None, 0.8, 3571.19, 23, 1, smm_btc, 155024345160, True
btc_pax, None, 0.8, 3571.19, 23, 1, smm_btc, 155024346364, False
btc_pax, None, 0.004618, 3549.37, 21, 1, smm_btc, 155024346062, True
btc_pax, None, 0.004618, 3557.52, 21, 1, smm_btc, 155024346966, False
btc_pax, None, 0.004618, 3557.52, 21, 1, smm_btc, 155024346966, True
btc_pax, None, 0.8, 3571.19, 23, 1, smm_btc, 155024346364, True
btc_pax, None, 0.004618, 3550.61, 21, 1, smm_btc, 155024347569, False
btc_pax, None, 0.8, 3571.19, 23, 1, smm_btc, 155024347570, False
btc_pax, None, 0.004618, 3550.61, 21, 1, smm_btc, 155024347569, True
btc_pax, None, 0.8, 3571.19, 23, 1, smm_btc, 155024347570, True
btc_pax, None, 0.004618, 3557.52, 21, 1, smm_btc, 155024348473, False
btc_pax, None, 0.8, 3560.17, 23, 1, smm_btc, 155024348474, False
btc_pax, None, 0.004618, 3557.52, 21, 1, smm_btc, 155024348473, True
btc_pax, None, 0.8, 3560.17, 23, 1, smm_btc, 155024348474, True
btc_pax, None, 0.004618, 3549.94, 21, 1, smm_btc, 155024351077, False
btc_pax, None, 0.8, 3570.15, 23, 1, smm_btc, 155024351078, False
btc_pax, None, 0.8, 3570.15, 23, 1, smm_btc, 155024351078, True
btc_pax, None, 0.004618, 3549.94, 21, 1, smm_btc, 155024351077, True
btc_pax, None, 0.004618, 3557.53, 21, 1, smm_btc, 155024352081, False
btc_pax, None, 0.8, 3559.31, 23, 1, smm_btc, 155024352082, False
btc_pax, None, 0.8, 3559.31, 23, 1, smm_btc, 155024352082, True
btc_pax, None, 0.8, 3558.45, 23, 1, smm_btc, 155024352684, False
btc_pax, None, 0.8, 3558.45, 23, 1, smm_btc, 155024352684, True
btc_pax, None, 0.8, 3559.91, 23, 1, smm_btc, 155024353786, False
btc_pax, None, 0.8, 3559.91, 23, 1, smm_btc, 155024353786, True
btc_pax, None, 0.8, 3561.46, 23, 1, smm_btc, 155024355188, False
btc_pax, None, 0.004618, 3557.53, 21, 1, smm_btc, 155024352081, True
btc_pax, None, 0.8, 3561.46, 23, 1, smm_btc, 155024355188, True
btc_pax, None, 0.004618, 3557.5, 21, 1, smm_btc, 155024355791, False
btc_pax, None, 0.8, 3561.51, 23, 1, smm_btc, 155024355892, False
btc_pax, None, 0.004618, 3557.5, 21, 1, smm_btc, 155024355791, True
btc_pax, None, 0.8, 3561.51, 23, 1, smm_btc, 155024355892, True
btc_pax, None, 0.004618, 3559.08, 21, 1, smm_btc, 155024356795, False
btc_pax, None, 0.8, 3561.48, 23, 1, smm_btc, 155024356796, False
btc_pax, None, 0.8, 3561.48, 23, 1, smm_btc, 155024356796, True
btc_pax, None, 0.8, 3564.12, 23, 1, smm_btc, 155024357398, False
btc_pax, None, 0.004618, 3559.08, 21, 1, smm_btc, 155024356795, True
btc_pax, None, 0.8, 3564.12, 23, 1, smm_btc, 155024357398, True
btc_pax, None, 0.004618, 3562.31, 21, 1, smm_btc, 155024358601, False
btc_pax, None, 0.8, 3564.15, 23, 1, smm_btc, 155024358602, False
btc_pax, None, 0.004618, 3562.31, 21, 1, smm_btc, 155024358601, True
btc_pax, None, 0.004618, 3560.1, 21, 1, smm_btc, 155024359304, False
btc_pax, None, 0.8, 3564.15, 23, 1, smm_btc, 155024358602, True
btc_pax, None, 0.8, 3562.36, 23, 1, smm_btc, 155024359606, False
btc_pax, None, 0.8, 3562.36, 23, 1, smm_btc, 155024359606, True
btc_pax, None, 0.8, 3559.6, 21, 1, smm_btc, 155024370308, False
btc_pax, None, 0.8, 3561.45, 23, 1, smm_btc, 155024370309, False
btc_pax, None, 0.8, 3561.45, 23, 1, smm_btc, 155024370309, True
btc_pax, None, 0.8, 3559.6, 21, 1, smm_btc, 155024370308, True
btc_pax, None, 0.8, 3561.48, 23, 1, smm_btc, 155024374812, False
btc_pax, None, 0.8, 3561.48, 23, 1, smm_btc, 155024374812, True
btc_pax, None, 0.323761, 3552.0, 21, 1, smm_btc, 155024375114, False
btc_pax, None, 0.8, 3560.85, 23, 1, smm_btc, 155024375415, False
btc_pax, None, 0.323761, 3552.0, 21, 1, smm_btc, 155024375114, True
btc_pax, None, 0.8, 3560.85, 23, 1, smm_btc, 155024375415, True
btc_pax, None, 0.323761, 3551.77, 21, 1, smm_btc, 155024375718, False
btc_pax, None, 0.8, 3560.68, 23, 1, smm_btc, 155024376019, False
btc_pax, None, 0.8, 3560.68, 23, 1, smm_btc, 155024376019, True
btc_pax, None, 0.323761, 3551.77, 21, 1, smm_btc, 155024375718, True
btc_pax, None, 0.8, 3560.6, 23, 1, smm_btc, 155024376722, False
btc_pax, None, 0.323761, 3551.77, 21, 1, smm_btc, 155024376723, False
btc_pax, None, 0.8, 3560.6, 23, 1, smm_btc, 155024376722, True
btc_pax, None, 0.323761, 3551.77, 21, 1, smm_btc, 155024376723, True
btc_pax, None, 0.8, 3560.58, 23, 1, smm_btc, 155024377326, False
btc_pax, None, 0.323761, 3552.0, 21, 1, smm_btc, 155024377327, False
btc_pax, None, 0.8, 3560.58, 23, 1, smm_btc, 155024377326, True
btc_pax, None, 0.8, 3560.56, 23, 1, smm_btc, 155024377929, False
btc_pax, None, 0.323761, 3552.0, 21, 1, smm_btc, 155024377327, True
btc_pax, None, 0.323761, 3551.14, 21, 1, smm_btc, 155024378531, False
btc_pax, None, 0.8, 3560.56, 23, 1, smm_btc, 155024377929, True
btc_pax, None, 0.323761, 3551.14, 21, 1, smm_btc, 155024378531, True
btc_pax, None, 0.8, 3560.54, 23, 1, smm_btc, 155024379234, False
btc_pax, None, 0.323761, 3549.38, 21, 1, smm_btc, 155024379235, False
btc_pax, None, 0.8, 3560.54, 23, 1, smm_btc, 155024379234, True
btc_pax, None, 0.8, 3560.29, 23, 1, smm_btc, 155024379937, False
btc_pax, None, 0.323761, 3549.38, 21, 1, smm_btc, 155024379235, True
btc_pax, None, 0.8, 3560.29, 23, 1, smm_btc, 155024379937, True
btc_pax, None, 0.323761, 3549.07, 21, 1, smm_btc, 155024380340, False
btc_pax, None, 0.8, 3559.56, 23, 1, smm_btc, 155024380641, False
btc_pax, None, 0.323761, 3549.07, 21, 1, smm_btc, 155024380340, True
btc_pax, None, 0.8, 3559.56, 23, 1, smm_btc, 155024380641, True
btc_pax, None, 0.323761, 3549.38, 21, 1, smm_btc, 155024381044, False
btc_pax, None, 0.8, 3559.54, 23, 1, smm_btc, 155024381545, False
btc_pax, None, 0.323761, 3549.38, 21, 1, smm_btc, 155024381044, True
btc_pax, None, 0.8, 3559.54, 23, 1, smm_btc, 155024381545, True
btc_pax, None, 0.323761, 3551.06, 21, 1, smm_btc, 155024381848, False
btc_pax, None, 0.8, 3559.57, 23, 1, smm_btc, 155024382149, False
btc_pax, None, 0.323761, 3551.06, 21, 1, smm_btc, 155024381848, True
btc_pax, None, 0.8, 3559.57, 23, 1, smm_btc, 155024382149, True
btc_pax, None, 0.323761, 3549.38, 21, 1, smm_btc, 155024382452, False
btc_pax, None, 0.8, 3559.55, 23, 1, smm_btc, 155024382753, False
btc_pax, None, 0.8, 3559.55, 23, 1, smm_btc, 155024382753, True
btc_pax, None, 0.8, 3559.35, 23, 1, smm_btc, 155024383355, False
btc_pax, None, 0.8, 3559.35, 23, 1, smm_btc, 155024383355, True
btc_pax, None, 0.8, 3558.77, 23, 1, smm_btc, 155024384057, False
btc_pax, None, 0.323761, 3549.38, 21, 1, smm_btc, 155024382452, True
btc_pax, None, 0.323761, 3549.07, 21, 1, smm_btc, 155024384859, False
btc_pax, None, 0.323761, 3549.07, 21, 1, smm_btc, 155024384859, True
btc_pax, None, 0.323761, 3548.53, 21, 1, smm_btc, 155024388261, False
btc_pax, None, 0.323761, 3548.53, 21, 1, smm_btc, 155024388261, True
btc_pax, None, 0.323761, 3558.85, 21, 1, smm_btc, 155024388863, False
btc_pax, None, 0.8, 3570.61, 23, 1, smm_btc, 155024388864, False
btc_pax, None, 0.8, 3570.61, 23, 1, smm_btc, 155024388864, True
btc_pax, None, 0.323761, 3558.85, 21, 1, smm_btc, 155024388863, True
btc_pax, None, 0.8, 3560.29, 23, 1, smm_btc, 155024390367, False
btc_pax, None, 0.27573, 3548.53, 21, 1, smm_btc, 155024390968, False
btc_pax, None, 0.8, 3560.29, 23, 1, smm_btc, 155024390367, True
btc_pax, None, 0.27573, 3548.53, 21, 1, smm_btc, 155024390968, True
btc_pax, None, 0.8, 3558.58, 23, 1, smm_btc, 155024391371, False
btc_pax, None, 0.27573, 3557.54, 21, 1, smm_btc, 155024391672, False
btc_pax, None, 0.27573, 3557.54, 21, 1, smm_btc, 155024391672, True
btc_pax, None, 0.8, 3558.58, 23, 1, smm_btc, 155024391371, True
btc_pax, None, 0.27573, 3557.5, 21, 1, smm_btc, 155024392875, False
btc_pax, None, 0.8, 3558.62, 23, 1, smm_btc, 155024392876, False
btc_pax, None, 0.27573, 3557.5, 21, 1, smm_btc, 155024392875, True
btc_pax, None, 0.8, 3558.62, 23, 1, smm_btc, 155024392876, True
btc_pax, None, 0.8, 3558.58, 23, 1, smm_btc, 155024393879, False
btc_pax, None, 0.27573, 3557.54, 21, 1, smm_btc, 155024394180, False
btc_pax, None, 0.8, 3558.58, 23, 1, smm_btc, 155024393879, True
btc_pax, None, 0.27573, 3557.54, 21, 1, smm_btc, 155024394180, True
btc_pax, None, 0.8, 3568.92, 23, 1, smm_btc, 155024394883, False
btc_pax, None, 0.27573, 3548.55, 21, 1, smm_btc, 155024395184, False
btc_pax, None, 0.8, 3568.92, 23, 1, smm_btc, 155024394883, True
btc_pax, None, 0.27573, 3548.55, 21, 1, smm_btc, 155024395184, True
btc_pax, None, 0.27573, 3549.38, 21, 1, smm_btc, 155024395887, False
btc_pax, None, 0.8, 3570.61, 23, 1, smm_btc, 155024395888, False
btc_pax, None, 0.27573, 3549.38, 21, 1, smm_btc, 155024395887, True
btc_pax, None, 0.8, 3570.61, 23, 1, smm_btc, 155024395888, True
btc_pax, None, 0.27573, 3557.51, 21, 1, smm_btc, 155024396591, False
btc_pax, None, 0.8, 3559.72, 23, 1, smm_btc, 155024396592, False
btc_pax, None, 0.27573, 3557.51, 21, 1, smm_btc, 155024396591, True
btc_pax, None, 0.27573, 3557.51, 21, 1, smm_btc, 155024397194, False
btc_pax, None, 0.8, 3559.72, 23, 1, smm_btc, 155024396592, True
btc_pax, None, 0.27573, 3557.51, 21, 1, smm_btc, 155024397194, True
btc_pax, None, 0.27573, 3557.54, 21, 1, smm_btc, 155024398297, False
btc_pax, None, 0.8, 3559.69, 23, 1, smm_btc, 155024398298, False
btc_pax, None, 0.8, 3559.69, 23, 1, smm_btc, 155024398298, True
btc_pax, None, 0.27573, 3557.54, 21, 1, smm_btc, 155024398297, True
btc_pax, None, 0.8, 3559.72, 23, 1, smm_btc, 155024399401, False
btc_pax, None, 0.27573, 3557.51, 21, 1, smm_btc, 155024399702, False
btc_pax, None, 0.27573, 3557.51, 21, 1, smm_btc, 155024399702, True
btc_pax, None, 0.27573, 3557.54, 21, 1, smm_btc, 155024400404, False
btc_pax, None, 0.8, 3559.72, 23, 1, smm_btc, 155024399401, True
btc_pax, None, 0.27573, 3557.54, 21, 1, smm_btc, 155024400404, True
btc_pax, None, 0.8, 3559.72, 23, 1, smm_btc, 155024401307, False
btc_pax, None, 0.27573, 3557.51, 21, 1, smm_btc, 155024401608, False
btc_pax, None, 0.27573, 3557.51, 21, 1, smm_btc, 155024401608, True
btc_pax, None, 0.27573, 3557.54, 21, 1, smm_btc, 155024402610, False
btc_pax, None, 0.8, 3559.72, 23, 1, smm_btc, 155024401307, True
btc_pax, None, 0.8, 3558.81, 23, 1, smm_btc, 155024402912, False
btc_pax, None, 0.8, 3558.81, 23, 1, smm_btc, 155024402912, True
btc_pax, None, 0.27573, 3557.54, 21, 1, smm_btc, 155024402610, True
btc_pax, None, 0.8, 3571.91, 23, 1, smm_btc, 155024406115, False
btc_pax, None, 0.8, 3571.91, 23, 1, smm_btc, 155024406115, True
btc_pax, None, 0.27573, 3549.38, 21, 1, smm_btc, 155024406717, False
btc_pax, None, 0.8, 3570.98, 23, 1, smm_btc, 155024406718, False
btc_pax, None, 0.27573, 3549.38, 21, 1, smm_btc, 155024406717, True
btc_pax, None, 0.8, 3570.98, 23, 1, smm_btc, 155024406718, True
btc_pax, None, 0.27573, 3557.5, 21, 1, smm_btc, 155024407321, False
btc_pax, None, 0.8, 3554.88, 21, 1, smm_btc, 155024408222, False
btc_pax, None, 0.8, 3555.56, 23, 1, smm_btc, 155024408223, False
btc_pax, None, 0.8, 3554.88, 21, 1, smm_btc, 155024408222, True
btc_pax, None, 0.8, 3554.89, 21, 1, smm_btc, 155024408825, False
btc_pax, None, 0.8, 3554.89, 21, 1, smm_btc, 155024408825, True
btc_pax, None, 0.8, 3555.56, 23, 1, smm_btc, 155024408223, True
btc_pax, None, 0.8, 3546.67, 21, 1, smm_btc, 155024409728, False
btc_pax, None, 0.8, 3564.53, 23, 1, smm_btc, 155024409729, False
btc_pax, None, 0.8, 3546.67, 21, 1, smm_btc, 155024409728, True
btc_pax, None, 0.8, 3552.51, 21, 1, smm_btc, 155024410431, False
btc_pax, None, 0.8, 3552.51, 21, 1, smm_btc, 155024410431, True
btc_pax, None, 0.8, 3564.53, 23, 1, smm_btc, 155024409729, True
btc_pax, None, 0.8, 3546.67, 21, 1, smm_btc, 155024411034, False
btc_pax, None, 0.8, 3568.08, 23, 1, smm_btc, 155024411035, False
btc_pax, None, 0.8, 3546.67, 21, 1, smm_btc, 155024411034, True
btc_pax, None, 0.8, 3568.08, 23, 1, smm_btc, 155024411035, True
btc_pax, None, 0.8, 3552.48, 21, 1, smm_btc, 155024411838, False
btc_pax, None, 0.8, 3554.86, 23, 1, smm_btc, 155024411839, False
btc_pax, None, 0.8, 3552.48, 21, 1, smm_btc, 155024411838, True
btc_pax, None, 0.8, 3554.86, 23, 1, smm_btc, 155024411839, True
btc_pax, None, 0.8, 3552.51, 21, 1, smm_btc, 155024412542, False
btc_pax, None, 0.8, 3554.83, 23, 1, smm_btc, 155024412543, False
btc_pax, None, 0.8, 3552.51, 21, 1, smm_btc, 155024412542, True
btc_pax, None, 0.8, 3554.83, 23, 1, smm_btc, 155024412543, True
btc_pax, None, 0.8, 3552.51, 21, 1, smm_btc, 155024414046, False
btc_pax, None, 0.8, 3555.05, 23, 1, smm_btc, 155024414047, False
btc_pax, None, 0.8, 3555.05, 23, 1, smm_btc, 155024414047, True
btc_pax, None, 0.8, 3558.59, 23, 1, smm_btc, 155024417049, False
btc_pax, None, 0.8, 3558.59, 23, 1, smm_btc, 155024417049, True
btc_pax, None, 0.8, 3552.51, 21, 1, smm_btc, 155024414046, True
btc_pax, None, 0.8, 3558.6, 23, 1, smm_btc, 155024417652, False
btc_pax, None, 0.8, 3552.69, 21, 1, smm_btc, 155024417953, False
btc_pax, None, 0.8, 3558.6, 23, 1, smm_btc, 155024417652, True
btc_pax, None, 0.8, 3552.69, 21, 1, smm_btc, 155024417953, True
btc_pax, None, 0.8, 3566.79, 23, 1, smm_btc, 155024418956, False
btc_pax, None, 0.8, 3566.79, 23, 1, smm_btc, 155024418956, True
btc_pax, None, 0.8, 3555.99, 23, 1, smm_btc, 155024419558, False
btc_pax, None, 0.8, 3553.76, 21, 1, smm_btc, 155024420559, False
btc_pax, None, 0.8, 3553.76, 21, 1, smm_btc, 155024420559, True
btc_pax, None, 0.8, 3568.45, 23, 1, smm_btc, 155024421161, False
btc_pax, None, 0.8, 3555.85, 21, 1, smm_btc, 155024421462, False
btc_pax, None, 0.8, 3555.85, 21, 1, smm_btc, 155024421462, True
btc_pax, None, 0.8, 3555.98, 21, 1, smm_btc, 155024422064, False
btc_pax, None, 0.8, 3555.98, 21, 1, smm_btc, 155024422064, True
btc_pax, None, 0.8, 3568.45, 23, 1, smm_btc, 155024421161, True
btc_pax, None, 0.8, 3556.14, 21, 1, smm_btc, 155024422667, False
btc_pax, None, 0.8, 3567.48, 23, 1, smm_btc, 155024422668, False
btc_pax, None, 0.8, 3556.14, 21, 1, smm_btc, 155024422667, True
btc_pax, None, 0.8, 3556.09, 21, 1, smm_btc, 155024423270, False
btc_pax, None, 0.8, 3567.48, 23, 1, smm_btc, 155024422668, True
btc_pax, None, 0.8, 3556.09, 21, 1, smm_btc, 155024423270, True
btc_pax, None, 0.8, 3568.08, 23, 1, smm_btc, 155024423573, False
btc_pax, None, 0.8, 3556.13, 21, 1, smm_btc, 155024423874, False
btc_pax, None, 0.8, 3556.13, 21, 1, smm_btc, 155024423874, True
btc_pax, None, 0.8, 3556.14, 21, 1, smm_btc, 155024424776, False
btc_pax, None, 0.8, 3568.08, 23, 1, smm_btc, 155024423573, True
btc_pax, None, 0.8, 3556.14, 21, 1, smm_btc, 155024424776, True
btc_pax, None, 0.8, 3567.48, 23, 1, smm_btc, 155024425079, False
btc_pax, None, 0.750015, 3556.08, 21, 1, smm_btc, 155024425380, False
btc_pax, None, 0.8, 3567.48, 23, 1, smm_btc, 155024425079, True
btc_pax, None, 0.8, 3568.84, 23, 1, smm_btc, 155024426082, False
btc_pax, None, 0.8, 3568.84, 23, 1, smm_btc, 155024426082, True
btc_pax, None, 0.8, 3567.48, 23, 1, smm_btc, 155024427384, False
btc_pax, None, 0.8, 3567.48, 23, 1, smm_btc, 155024427384, True
btc_pax, None, 0.8, 3567.85, 23, 1, smm_btc, 155024428086, False
btc_pax, None, 0.8, 3567.85, 23, 1, smm_btc, 155024428086, True
btc_pax, None, 0.8, 3567.48, 23, 1, smm_btc, 155024430288, False
btc_pax, None, 0.8, 3567.48, 23, 1, smm_btc, 155024430288, True
btc_pax, None, 0.8, 3556.71, 23, 1, smm_btc, 155024432190, False
btc_pax, None, 0.8, 3553.74, 21, 1, smm_btc, 155024432491, False
btc_pax, None, 0.8, 3556.71, 23, 1, smm_btc, 155024432190, True
btc_pax, None, 0.8, 3556.69, 23, 1, smm_btc, 155024433193, False
btc_pax, None, 0.8, 3556.69, 23, 1, smm_btc, 155024433193, True
btc_pax, None, 0.8, 3553.74, 21, 1, smm_btc, 155024432491, True
btc_pax, None, 0.8, 3557.92, 23, 1, smm_btc, 155024435296, False
btc_pax, None, 0.8, 3549.83, 21, 1, smm_btc, 155024435897, False
btc_pax, None, 0.8, 3557.92, 23, 1, smm_btc, 155024435296, True
btc_pax, None, 0.8, 3549.83, 21, 1, smm_btc, 155024435897, True
btc_pax, None, 0.8, 3568.08, 23, 1, smm_btc, 155024436100, False
btc_pax, None, 0.8, 3549.83, 21, 1, smm_btc, 155024436401, False
btc_pax, None, 0.8, 3549.83, 21, 1, smm_btc, 155024436401, True
btc_pax, None, 0.8, 3568.08, 23, 1, smm_btc, 155024436100, True
btc_pax, None, 0.8, 3547.0, 21, 1, smm_btc, 155024437304, False
btc_pax, None, 0.8, 3567.48, 23, 1, smm_btc, 155024437305, False
btc_pax, None, 0.8, 3547.0, 21, 1, smm_btc, 155024437304, True
btc_pax, None, 0.8, 3567.48, 23, 1, smm_btc, 155024437305, True
btc_pax, None, 0.8, 3554.61, 21, 1, smm_btc, 155024438108, False
btc_pax, None, 0.8, 3555.78, 23, 1, smm_btc, 155024438109, False
btc_pax, None, 0.8, 3554.61, 21, 1, smm_btc, 155024438108, True
btc_pax, None, 0.8, 3555.78, 23, 1, smm_btc, 155024438109, True
btc_pax, None, 0.8, 3547.0, 21, 1, smm_btc, 155024439512, False
btc_pax, None, 0.8, 3566.06, 23, 1, smm_btc, 155024439513, False
btc_pax, None, 0.8, 3566.06, 23, 1, smm_btc, 155024439513, True
btc_pax, None, 0.8, 3547.0, 21, 1, smm_btc, 155024439512, True
btc_pax, None, 0.8, 3556.47, 23, 1, smm_btc, 155024440216, False
btc_pax, None, 0.8, 3552.82, 21, 1, smm_btc, 155024440517, False
btc_pax, None, 0.8, 3556.47, 23, 1, smm_btc, 155024440216, True
btc_pax, None, 0.8, 3555.61, 23, 1, smm_btc, 155024442119, False
btc_pax, None, 0.8, 3546.65, 21, 1, smm_btc, 155024442120, False
btc_pax, None, 0.8, 3555.61, 23, 1, smm_btc, 155024442119, True
btc_pax, None, 0.8, 3546.65, 21, 1, smm_btc, 155024442120, True
btc_pax, None, 0.8, 3555.22, 23, 1, smm_btc, 155024442823, False
btc_pax, None, 0.8, 3546.67, 21, 1, smm_btc, 155024442824, False
btc_pax, None, 0.8, 3555.22, 23, 1, smm_btc, 155024442823, True
btc_pax, None, 0.8, 3555.1, 23, 1, smm_btc, 155024443526, False
btc_pax, None, 0.8, 3555.1, 23, 1, smm_btc, 155024443526, True
btc_pax, None, 0.8, 3546.67, 21, 1, smm_btc, 155024442824, True
btc_pax, None, 0.8, 3555.0, 23, 1, smm_btc, 155024444229, False
btc_pax, None, 0.8, 3546.65, 21, 1, smm_btc, 155024444230, False
btc_pax, None, 0.8, 3555.0, 23, 1, smm_btc, 155024444229, True
btc_pax, None, 0.8, 3554.83, 23, 1, smm_btc, 155024444932, False
btc_pax, None, 0.8, 3554.83, 23, 1, smm_btc, 155024444932, True
btc_pax, None, 0.8, 3554.79, 23, 1, smm_btc, 155024445634, False
btc_pax, None, 0.8, 3554.79, 23, 1, smm_btc, 155024445634, True
btc_pax, None, 0.8, 3554.72, 23, 1, smm_btc, 155024446836, False
btc_pax, None, 0.8, 3546.65, 21, 1, smm_btc, 155024444230, True
btc_pax, None, 0.8, 3554.72, 23, 1, smm_btc, 155024446836, True
btc_pax, None, 0.8, 3546.65, 21, 1, smm_btc, 155024447239, False
btc_pax, None, 0.8, 3554.64, 23, 1, smm_btc, 155024447640, False
btc_pax, None, 0.8, 3554.64, 23, 1, smm_btc, 155024447640, True
btc_pax, None, 0.8, 3546.65, 21, 1, smm_btc, 155024447239, True
btc_pax, None, 0.8, 3554.2, 23, 1, smm_btc, 155024448243, False
btc_pax, None, 0.8, 3545.7, 21, 1, smm_btc, 155024448244, False
btc_pax, None, 0.8, 3554.2, 23, 1, smm_btc, 155024448243, True
btc_pax, None, 0.8, 3545.7, 21, 1, smm_btc, 155024448244, True
btc_pax, None, 0.8, 3554.12, 23, 1, smm_btc, 155024449047, False
btc_pax, None, 0.8, 3545.76, 21, 1, smm_btc, 155024449048, False
btc_pax, None, 0.8, 3554.12, 23, 1, smm_btc, 155024449047, True
btc_pax, None, 0.8, 3554.08, 23, 1, smm_btc, 155024449750, False
btc_pax, None, 0.8, 3554.08, 23, 1, smm_btc, 155024449750, True
btc_pax, None, 0.8, 3554.06, 23, 1, smm_btc, 155024450352, False
btc_pax, None, 0.8, 3545.76, 21, 1, smm_btc, 155024449048, True
btc_pax, None, 0.8, 3554.06, 23, 1, smm_btc, 155024450352, True
btc_pax, None, 0.8, 3545.76, 21, 1, smm_btc, 155024450655, False
btc_pax, None, 0.8, 3554.04, 23, 1, smm_btc, 155024451056, False
btc_pax, None, 0.8, 3554.04, 23, 1, smm_btc, 155024451056, True
btc_pax, None, 0.8, 3554.0, 23, 1, smm_btc, 155024451758, False
btc_pax, None, 0.8, 3554.0, 23, 1, smm_btc, 155024451758, True
btc_pax, None, 0.8, 3545.76, 21, 1, smm_btc, 155024450655, True
btc_pax, None, 0.8, 3553.98, 23, 1, smm_btc, 155024452561, False
btc_pax, None, 0.8, 3545.76, 21, 1, smm_btc, 155024452562, False
btc_pax, None, 0.8, 3553.98, 23, 1, smm_btc, 155024452561, True
btc_pax, None, 0.8, 3553.88, 23, 1, smm_btc, 155024453264, False
btc_pax, None, 0.8, 3553.88, 23, 1, smm_btc, 155024453264, True
btc_pax, None, 0.8, 3553.82, 23, 1, smm_btc, 155024453966, False
btc_pax, None, 0.8, 3545.76, 21, 1, smm_btc, 155024452562, True
btc_pax, None, 0.8, 3553.82, 23, 1, smm_btc, 155024453966, True
btc_pax, None, 0.8, 3545.76, 21, 1, smm_btc, 155024454269, False
btc_pax, None, 0.8, 3553.8, 23, 1, smm_btc, 155024454670, False
btc_pax, None, 0.8, 3553.8, 23, 1, smm_btc, 155024454670, True
btc_pax, None, 0.8, 3545.76, 21, 1, smm_btc, 155024454269, True
btc_pax, None, 0.8, 3553.78, 23, 1, smm_btc, 155024455773, False
btc_pax, None, 0.8, 3545.74, 21, 1, smm_btc, 155024455774, False
btc_pax, None, 0.8, 3553.78, 23, 1, smm_btc, 155024455773, True
btc_pax, None, 0.8, 3553.76, 23, 1, smm_btc, 155024456376, False
btc_pax, None, 0.8, 3553.76, 23, 1, smm_btc, 155024456376, True
btc_pax, None, 0.8, 3554.63, 23, 1, smm_btc, 155024456978, False
btc_pax, None, 0.8, 3545.74, 21, 1, smm_btc, 155024455774, True
btc_pax, None, 0.8, 3554.63, 23, 1, smm_btc, 155024456978, True
btc_pax, None, 0.8, 3545.78, 21, 1, smm_btc, 155024457281, False
btc_pax, None, 0.8, 3554.37, 23, 1, smm_btc, 155024457582, False
btc_pax, None, 0.8, 3554.37, 23, 1, smm_btc, 155024457582, True
btc_pax, None, 0.8, 3545.78, 21, 1, smm_btc, 155024457281, True
btc_pax, None, 0.8, 3554.25, 23, 1, smm_btc, 155024458185, False
btc_pax, None, 0.8, 3545.78, 21, 1, smm_btc, 155024458186, False
btc_pax, None, 0.8, 3554.25, 23, 1, smm_btc, 155024458185, True
btc_pax, None, 0.8, 3554.23, 23, 1, smm_btc, 155024458888, False
btc_pax, None, 0.8, 3545.78, 21, 1, smm_btc, 155024458186, True
btc_pax, None, 0.8, 3554.23, 23, 1, smm_btc, 155024458888, True
btc_pax, None, 0.8, 3546.42, 21, 1, smm_btc, 155024459191, False
btc_pax, None, 0.8, 3554.19, 23, 1, smm_btc, 155024459492, False
btc_pax, None, 0.8, 3554.19, 23, 1, smm_btc, 155024459492, True
btc_pax, None, 0.8, 3554.15, 23, 1, smm_btc, 155024460094, False
btc_pax, None, 0.8, 3546.42, 21, 1, smm_btc, 155024459191, True
btc_pax, None, 0.8, 3554.15, 23, 1, smm_btc, 155024460094, True
btc_pax, None, 0.8, 3546.42, 21, 1, smm_btc, 155024460397, False
btc_pax, None, 0.8, 3553.97, 23, 1, smm_btc, 155024460698, False
btc_pax, None, 0.8, 3553.97, 23, 1, smm_btc, 155024460698, True
btc_pax, None, 0.8, 3553.77, 23, 1, smm_btc, 155024461200, False
btc_pax, None, 0.8, 3553.77, 23, 1, smm_btc, 155024461200, True
btc_pax, None, 0.8, 3553.57, 23, 1, smm_btc, 155024461802, False
btc_pax, None, 0.8, 3553.57, 23, 1, smm_btc, 155024461802, True
btc_pax, None, 0.8, 3546.42, 21, 1, smm_btc, 155024460397, True
btc_pax, None, 0.8, 3553.45, 23, 1, smm_btc, 155024462405, False
btc_pax, None, 0.8, 3545.85, 21, 1, smm_btc, 155024462406, False
btc_pax, None, 0.8, 3553.45, 23, 1, smm_btc, 155024462405, True
btc_pax, None, 0.8, 3553.43, 23, 1, smm_btc, 155024463008, False
btc_pax, None, 0.8, 3553.43, 23, 1, smm_btc, 155024463008, True
btc_pax, None, 0.8, 3553.37, 23, 1, smm_btc, 155024463710, False
btc_pax, None, 0.8, 3553.37, 23, 1, smm_btc, 155024463710, True
btc_pax, None, 0.8, 3553.35, 23, 1, smm_btc, 155024464312, False
btc_pax, None, 0.8, 3553.35, 23, 1, smm_btc, 155024464312, True
btc_pax, None, 0.8, 3553.33, 23, 1, smm_btc, 155024465914, False
btc_pax, None, 0.8, 3545.85, 21, 1, smm_btc, 155024462406, True
btc_pax, None, 0.8, 3553.33, 23, 1, smm_btc, 155024465914, True
btc_pax, None, 0.8, 3545.78, 21, 1, smm_btc, 155024466317, False
btc_pax, None, 0.8, 3553.29, 23, 1, smm_btc, 155024467218, False
btc_pax, None, 0.8, 3545.78, 21, 1, smm_btc, 155024466317, True
btc_pax, None, 0.8, 3553.29, 23, 1, smm_btc, 155024467218, True
btc_pax, None, 0.8, 3545.78, 21, 1, smm_btc, 155024467521, False
btc_pax, None, 0.8, 3553.27, 23, 1, smm_btc, 155024467822, False
btc_pax, None, 0.8, 3553.27, 23, 1, smm_btc, 155024467822, True
btc_pax, None, 0.8, 3553.25, 23, 1, smm_btc, 155024468424, False
btc_pax, None, 0.8, 3553.25, 23, 1, smm_btc, 155024468424, True
btc_pax, None, 0.8, 3553.23, 23, 1, smm_btc, 155024469426, False
btc_pax, None, 0.8, 3553.23, 23, 1, smm_btc, 155024469426, True
btc_pax, None, 0.8, 3553.21, 23, 1, smm_btc, 155024470328, False
btc_pax, None, 0.8, 3553.21, 23, 1, smm_btc, 155024470328, True
btc_pax, None, 0.8, 3545.78, 21, 1, smm_btc, 155024467521, True
btc_pax, None, 0.8, 3553.19, 23, 1, smm_btc, 155024471531, False
btc_pax, None, 0.8, 3545.78, 21, 1, smm_btc, 155024471532, False
btc_pax, None, 0.8, 3553.19, 23, 1, smm_btc, 155024471531, True
btc_pax, None, 0.8, 3553.17, 23, 1, smm_btc, 155024472234, False
btc_pax, None, 0.8, 3545.78, 21, 1, smm_btc, 155024471532, True
btc_pax, None, 0.8, 3553.17, 23, 1, smm_btc, 155024472234, True
btc_pax, None, 0.8, 3546.65, 21, 1, smm_btc, 155024472537, False
btc_pax, None, 0.8, 3552.67, 23, 1, smm_btc, 155024472838, False
btc_pax, None, 0.8, 3552.67, 23, 1, smm_btc, 155024472838, True
btc_pax, None, 0.8, 3552.65, 23, 1, smm_btc, 155024473440, False
btc_pax, None, 0.8, 3552.65, 23, 1, smm_btc, 155024473440, True
btc_pax, None, 0.8, 3546.65, 21, 1, smm_btc, 155024472537, True
btc_pax, None, 0.8, 3551.92, 23, 1, smm_btc, 155024474743, False
btc_pax, None, 0.8, 3545.76, 21, 1, smm_btc, 155024474744, False
btc_pax, None, 0.8, 3545.76, 21, 1, smm_btc, 155024474744, True
btc_pax, None, 0.8, 3550.99, 21, 1, smm_btc, 155024476346, False
btc_pax, None, 0.8, 3552.54, 23, 1, smm_btc, 155024476647, False
btc_pax, None, 0.8, 3550.99, 21, 1, smm_btc, 155024476346, True
btc_pax, None, 0.8, 3552.54, 23, 1, smm_btc, 155024476647, True
btc_pax, None, 0.8, 3550.99, 21, 1, smm_btc, 155024479150, False
btc_pax, None, 0.8, 3552.54, 23, 1, smm_btc, 155024479451, False
btc_pax, None, 0.8, 3550.99, 21, 1, smm_btc, 155024479150, True
btc_pax, None, 0.8, 3552.54, 23, 1, smm_btc, 155024479451, True
btc_pax, None, 0.8, 3551.02, 21, 1, smm_btc, 155024480554, False
btc_pax, None, 0.8, 3552.51, 23, 1, smm_btc, 155024480555, False
btc_pax, None, 0.8, 3552.51, 23, 1, smm_btc, 155024480555, True
btc_pax, None, 0.8, 3551.02, 21, 1, smm_btc, 155024480554, True
btc_pax, None, 0.8, 3561.36, 23, 1, smm_btc, 155024481558, False
btc_pax, None, 0.8, 3551.02, 21, 1, smm_btc, 155024481959, False
btc_pax, None, 0.8, 3561.36, 23, 1, smm_btc, 155024481558, True
btc_pax, None, 0.8, 3553.17, 23, 1, smm_btc, 155024482461, False
btc_pax, None, 0.8, 3553.17, 23, 1, smm_btc, 155024482461, True
btc_pax, None, 0.8, 3553.14, 23, 1, smm_btc, 155024483063, False
btc_pax, None, 0.8, 3551.02, 21, 1, smm_btc, 155024481959, True
btc_pax, None, 0.8, 3553.14, 23, 1, smm_btc, 155024483063, True
btc_pax, None, 0.8, 3551.41, 23, 1, smm_btc, 155024483666, False
btc_pax, None, 0.8, 3550.97, 21, 1, smm_btc, 155024483967, False
btc_pax, None, 0.8, 3551.41, 23, 1, smm_btc, 155024483666, True
btc_pax, None, 0.8, 3550.97, 21, 1, smm_btc, 155024483967, True
btc_pax, None, 0.8, 3553.08, 23, 1, smm_btc, 155024484270, False
btc_pax, None, 0.8, 3551.0, 21, 1, smm_btc, 155024484971, False
btc_pax, None, 0.8, 3553.08, 23, 1, smm_btc, 155024484270, True
btc_pax, None, 0.8, 3552.32, 23, 1, smm_btc, 155024485473, False
btc_pax, None, 0.8, 3551.0, 21, 1, smm_btc, 155024484971, True
btc_pax, None, 0.8, 3552.32, 23, 1, smm_btc, 155024485473, True
btc_pax, None, 0.8, 3550.97, 21, 1, smm_btc, 155024486076, False
btc_pax, None, 0.8, 3552.11, 23, 1, smm_btc, 155024486077, False
btc_pax, None, 0.8, 3552.11, 23, 1, smm_btc, 155024486077, True
btc_pax, None, 0.8, 3550.97, 21, 1, smm_btc, 155024486076, True
btc_pax, None, 0.8, 3552.32, 23, 1, smm_btc, 155024487080, False
btc_pax, None, 0.8, 3552.32, 23, 1, smm_btc, 155024487080, True
btc_pax, None, 0.8, 3548.42, 21, 1, smm_btc, 155024488282, False
btc_pax, None, 0.8, 3552.36, 23, 1, smm_btc, 155024488283, False
btc_pax, None, 0.8, 3548.42, 21, 1, smm_btc, 155024488282, True
btc_pax, None, 0.8, 3552.36, 23, 1, smm_btc, 155024488283, True
btc_pax, None, 0.8, 3552.32, 23, 1, smm_btc, 155024488886, False
btc_pax, None, 0.8, 3548.46, 21, 1, smm_btc, 155024489287, False
btc_pax, None, 0.8, 3548.46, 21, 1, smm_btc, 155024489287, True
btc_pax, None, 0.8, 3552.32, 23, 1, smm_btc, 155024488886, True
btc_pax, None, 0.8, 3548.41, 21, 1, smm_btc, 155024489890, False
btc_pax, None, 0.8, 3552.12, 23, 1, smm_btc, 155024489891, False
btc_pax, None, 0.8, 3548.41, 21, 1, smm_btc, 155024489890, True
btc_pax, None, 0.8, 3552.12, 23, 1, smm_btc, 155024489891, True
btc_pax, None, 0.8, 3541.45, 21, 1, smm_btc, 155024490794, False
btc_pax, None, 0.8, 3558.35, 23, 1, smm_btc, 155024490795, False
btc_pax, None, 0.8, 3541.45, 21, 1, smm_btc, 155024490794, True
btc_pax, None, 0.8, 3558.35, 23, 1, smm_btc, 155024490795, True
btc_pax, None, 0.8, 3551.06, 23, 1, smm_btc, 155024491498, False
btc_pax, None, 0.8, 3546.96, 21, 1, smm_btc, 155024491799, False
btc_pax, None, 0.8, 3551.06, 23, 1, smm_btc, 155024491498, True
btc_pax, None, 0.8, 3546.96, 21, 1, smm_btc, 155024491799, True
btc_pax, None, 0.8, 3549.95, 23, 1, smm_btc, 155024492102, False
btc_pax, None, 0.8, 3549.95, 23, 1, smm_btc, 155024492102, True
btc_pax, None, 0.8, 3547.35, 21, 1, smm_btc, 155024493404, False
btc_pax, None, 0.8, 3547.35, 21, 1, smm_btc, 155024493404, True
btc_pax, None, 0.8, 3553.63, 23, 1, smm_btc, 155024493806, False
btc_pax, None, 0.8, 3547.39, 21, 1, smm_btc, 155024494207, False
btc_pax, None, 0.8, 3553.63, 23, 1, smm_btc, 155024493806, True
btc_pax, None, 0.8, 3551.63, 23, 1, smm_btc, 155024495709, False
btc_pax, None, 0.8, 3547.39, 21, 1, smm_btc, 155024494207, True
btc_pax, None, 0.8, 3551.63, 23, 1, smm_btc, 155024495709, True
btc_pax, None, 0.8, 3543.1, 21, 1, smm_btc, 155024497112, False
btc_pax, None, 0.8, 3558.35, 23, 1, smm_btc, 155024497113, False
btc_pax, None, 0.8, 3543.1, 21, 1, smm_btc, 155024497112, True
btc_pax, None, 0.8, 3543.18, 21, 1, smm_btc, 155024497715, False
btc_pax, None, 0.8, 3543.18, 21, 1, smm_btc, 155024497715, True
btc_pax, None, 0.8, 3558.35, 23, 1, smm_btc, 155024497113, True
btc_pax, None, 0.8, 3548.76, 21, 1, smm_btc, 155024498318, False
btc_pax, None, 0.8, 3551.63, 23, 1, smm_btc, 155024498319, False
btc_pax, None, 0.8, 3548.76, 21, 1, smm_btc, 155024498318, True
btc_pax, None, 0.8, 3543.79, 21, 1, smm_btc, 155024499521, False
btc_pax, None, 0.8, 3551.63, 23, 1, smm_btc, 155024498319, True
btc_pax, None, 0.8, 3543.79, 21, 1, smm_btc, 155024499521, True
btc_pax, None, 0.8, 3559.96, 23, 1, smm_btc, 155024499824, False
btc_pax, None, 0.8, 3549.88, 21, 1, smm_btc, 155024500125, False
btc_pax, None, 0.8, 3559.96, 23, 1, smm_btc, 155024499824, True
btc_pax, None, 0.8, 3551.34, 23, 1, smm_btc, 155024501027, False
btc_pax, None, 0.8, 3551.34, 23, 1, smm_btc, 155024501027, True
btc_pax, None, 0.8, 3542.81, 21, 1, smm_btc, 155024501429, False
btc_pax, None, 0.8, 3551.61, 23, 1, smm_btc, 155024501730, False
btc_pax, None, 0.8, 3542.81, 21, 1, smm_btc, 155024501429, True
btc_pax, None, 0.8, 3551.61, 23, 1, smm_btc, 155024501730, True
btc_pax, None, 0.8, 3543.19, 21, 1, smm_btc, 155024502033, False
btc_pax, None, 0.8, 3551.62, 23, 1, smm_btc, 155024502334, False
btc_pax, None, 0.8, 3543.19, 21, 1, smm_btc, 155024502033, True
btc_pax, None, 0.8, 3543.18, 21, 1, smm_btc, 155024502936, False
btc_pax, None, 0.8, 3551.62, 23, 1, smm_btc, 155024502334, True
btc_pax, None, 0.8, 3543.18, 21, 1, smm_btc, 155024502936, True
btc_pax, None, 0.8, 3551.61, 23, 1, smm_btc, 155024503539, False
btc_pax, None, 0.8, 3543.18, 21, 1, smm_btc, 155024503540, False
btc_pax, None, 0.8, 3543.18, 21, 1, smm_btc, 155024503540, True
btc_pax, None, 0.8, 3543.08, 21, 1, smm_btc, 155024504142, False
btc_pax, None, 0.8, 3543.08, 21, 1, smm_btc, 155024504142, True
btc_pax, None, 0.8, 3542.81, 21, 1, smm_btc, 155024506644, False
btc_pax, None, 0.8, 3551.61, 23, 1, smm_btc, 155024503539, True
btc_pax, None, 0.8, 3542.81, 21, 1, smm_btc, 155024506644, True
btc_pax, None, 0.8, 3551.41, 23, 1, smm_btc, 155024507347, False
btc_pax, None, 0.8, 3542.46, 21, 1, smm_btc, 155024507448, False
btc_pax, None, 0.8, 3542.46, 21, 1, smm_btc, 155024507448, True
btc_pax, None, 0.8, 3542.46, 21, 1, smm_btc, 155024508250, False
btc_pax, None, 0.8, 3551.41, 23, 1, smm_btc, 155024507347, True
btc_pax, None, 0.8, 3542.46, 21, 1, smm_btc, 155024508250, True
btc_pax, None, 0.8, 3550.37, 23, 1, smm_btc, 155024508853, False
btc_pax, None, 0.8, 3541.96, 21, 1, smm_btc, 155024508854, False
btc_pax, None, 0.8, 3550.37, 23, 1, smm_btc, 155024508853, True
btc_pax, None, 0.8, 3549.64, 23, 1, smm_btc, 155024509456, False
btc_pax, None, 0.8, 3549.64, 23, 1, smm_btc, 155024509456, True
btc_pax, None, 0.8, 3549.27, 23, 1, smm_btc, 155024510158, False
btc_pax, None, 0.8, 3541.96, 21, 1, smm_btc, 155024508854, True
btc_pax, None, 0.8, 3549.27, 23, 1, smm_btc, 155024510158, True
btc_pax, None, 0.8, 3542.82, 21, 1, smm_btc, 155024510461, False
btc_pax, None, 0.8, 3549.25, 23, 1, smm_btc, 155024511062, False
btc_pax, None, 0.8, 3549.25, 23, 1, smm_btc, 155024511062, True
btc_pax, None, 0.8, 3550.77, 23, 1, smm_btc, 155024512264, False
btc_pax, None, 0.8, 3542.82, 21, 1, smm_btc, 155024510461, True
btc_pax, None, 0.8, 3550.77, 23, 1, smm_btc, 155024512264, True
btc_pax, None, 0.8, 3543.18, 21, 1, smm_btc, 155024512567, False
btc_pax, None, 0.8, 3550.77, 23, 1, smm_btc, 155024512868, False
btc_pax, None, 0.8, 3550.77, 23, 1, smm_btc, 155024512868, True
btc_pax, None, 0.8, 3550.77, 23, 1, smm_btc, 155024513470, False
btc_pax, None, 0.8, 3550.77, 23, 1, smm_btc, 155024513470, True
btc_pax, None, 0.8, 3543.18, 21, 1, smm_btc, 155024512567, True
btc_pax, None, 0.8, 3550.77, 23, 1, smm_btc, 155024514073, False
btc_pax, None, 0.8, 3543.18, 21, 1, smm_btc, 155024514074, False
btc_pax, None, 0.8, 3550.77, 23, 1, smm_btc, 155024514073, True
btc_pax, None, 0.8, 3551.27, 23, 1, smm_btc, 155024514776, False
btc_pax, None, 0.8, 3551.27, 23, 1, smm_btc, 155024514776, True
btc_pax, None, 0.8, 3543.18, 21, 1, smm_btc, 155024514074, True
btc_pax, None, 0.8, 3550.82, 23, 1, smm_btc, 155024515379, False
btc_pax, None, 0.8, 3542.81, 21, 1, smm_btc, 155024515380, False
btc_pax, None, 0.8, 3550.82, 23, 1, smm_btc, 155024515379, True
btc_pax, None, 0.8, 3550.5, 23, 1, smm_btc, 155024516082, False
btc_pax, None, 0.8, 3550.5, 23, 1, smm_btc, 155024516082, True
btc_pax, None, 0.8, 3549.8, 23, 1, smm_btc, 155024516784, False
btc_pax, None, 0.8, 3549.8, 23, 1, smm_btc, 155024516784, True
btc_pax, None, 0.8, 3542.81, 21, 1, smm_btc, 155024515380, True
btc_pax, None, 0.8, 3549.57, 23, 1, smm_btc, 155024517487, False
btc_pax, None, 0.8, 3543.1, 21, 1, smm_btc, 155024517488, False
btc_pax, None, 0.8, 3549.57, 23, 1, smm_btc, 155024517487, True
btc_pax, None, 0.8, 3543.1, 21, 1, smm_btc, 155024517488, True
btc_pax, None, 0.8, 3549.3, 23, 1, smm_btc, 155024518091, False
btc_pax, None, 0.8, 3543.1, 21, 1, smm_btc, 155024518092, False
btc_pax, None, 0.8, 3549.3, 23, 1, smm_btc, 155024518091, True
btc_pax, None, 0.8, 3549.26, 23, 1, smm_btc, 155024518794, False
btc_pax, None, 0.8, 3543.1, 21, 1, smm_btc, 155024518092, True
btc_pax, None, 0.8, 3549.26, 23, 1, smm_btc, 155024518794, True
btc_pax, None, 0.8, 3543.18, 21, 1, smm_btc, 155024519097, False
btc_pax, None, 0.060746, 3551.64, 23, 1, smm_btc, 155024519398, False
btc_pax, None, 0.8, 3543.18, 21, 1, smm_btc, 155024519097, True
btc_pax, None, 0.8, 3547.84, 21, 1, smm_btc, 155024520200, False
btc_pax, None, 0.060746, 3551.64, 23, 1, smm_btc, 155024519398, True
btc_pax, None, 0.060746, 3551.62, 23, 1, smm_btc, 155024521002, False
btc_pax, None, 0.060746, 3551.62, 23, 1, smm_btc, 155024521002, True
btc_pax, None, 0.060746, 3551.66, 23, 1, smm_btc, 155024523304, False
btc_pax, None, 0.8, 3547.84, 21, 1, smm_btc, 155024520200, True
btc_pax, None, 0.8, 3549.77, 21, 1, smm_btc, 155024524506, False
btc_pax, None, 0.8, 3549.77, 21, 1, smm_btc, 155024524506, True
btc_pax, None, 0.8, 3549.81, 21, 1, smm_btc, 155024525408, False
btc_pax, None, 0.060746, 3551.66, 23, 1, smm_btc, 155024523304, True
btc_pax, None, 0.060746, 3554.62, 23, 1, smm_btc, 155024526510, False
btc_pax, None, 0.8, 3549.81, 21, 1, smm_btc, 155024525408, True
btc_pax, None, 0.060746, 3554.62, 23, 1, smm_btc, 155024526510, True
btc_pax, None, 0.8, 3543.18, 21, 1, smm_btc, 155024527413, False
btc_pax, None, 0.060746, 3559.79, 23, 1, smm_btc, 155024527414, False
btc_pax, None, 0.8, 3543.18, 21, 1, smm_btc, 155024527413, True
btc_pax, None, 0.8, 3549.81, 21, 1, smm_btc, 155024528016, False
btc_pax, None, 0.060746, 3559.79, 23, 1, smm_btc, 155024527414, True
btc_pax, None, 0.8, 3549.81, 21, 1, smm_btc, 155024528016, True
btc_pax, None, 0.060746, 3559.79, 23, 1, smm_btc, 155024528319, False
btc_pax, None, 0.8, 3549.81, 21, 1, smm_btc, 155024528620, False
btc_pax, None, 0.060746, 3559.79, 23, 1, smm_btc, 155024528319, True
btc_pax, None, 0.060746, 3554.64, 23, 1, smm_btc, 155024528922, False
btc_pax, None, 0.8, 3549.81, 21, 1, smm_btc, 155024528620, True
btc_pax, None, 0.8, 3549.65, 21, 1, smm_btc, 155024531324, False
btc_pax, None, 0.8, 3549.65, 21, 1, smm_btc, 155024531324, True
btc_pax, None, 0.8, 3549.68, 21, 1, smm_btc, 155024532026, False
btc_pax, None, 0.060746, 3554.64, 23, 1, smm_btc, 155024528922, True
btc_pax, None, 0.060746, 3554.66, 23, 1, smm_btc, 155024533228, False
btc_pax, None, 0.8, 3549.68, 21, 1, smm_btc, 155024532026, True
btc_pax, None, 0.060746, 3554.66, 23, 1, smm_btc, 155024533228, True
btc_pax, None, 0.8, 3545.59, 21, 1, smm_btc, 155024534431, False
btc_pax, None, 0.060746, 3561.7, 23, 1, smm_btc, 155024534432, False
btc_pax, None, 0.8, 3545.59, 21, 1, smm_btc, 155024534431, True
btc_pax, None, 0.060746, 3561.7, 23, 1, smm_btc, 155024534432, True
btc_pax, None, 0.8, 3551.79, 21, 1, smm_btc, 155024535035, False
btc_pax, None, 0.060746, 3554.63, 23, 1, smm_btc, 155024535336, False
btc_pax, None, 0.8, 3551.79, 21, 1, smm_btc, 155024535035, True
btc_pax, None, 0.060746, 3554.63, 23, 1, smm_btc, 155024535336, True
btc_pax, None, 0.410184, 3544.98, 21, 1, smm_btc, 155024537039, False
btc_pax, None, 0.060746, 3553.2, 23, 1, smm_btc, 155024537340, False
btc_pax, None, 0.060746, 3553.2, 23, 1, smm_btc, 155024537340, True
btc_pax, None, 0.060746, 3553.18, 23, 1, smm_btc, 155024538542, False
btc_pax, None, 0.060746, 3553.18, 23, 1, smm_btc, 155024538542, True
btc_pax, None, 0.060746, 3552.83, 23, 1, smm_btc, 155024539144, False
btc_pax, None, 0.410184, 3544.98, 21, 1, smm_btc, 155024537039, True
btc_pax, None, 0.060746, 3552.83, 23, 1, smm_btc, 155024539144, True
btc_pax, None, 0.410184, 3544.84, 21, 1, smm_btc, 155024539447, False
btc_pax, None, 0.060746, 3552.24, 23, 1, smm_btc, 155024539748, False
btc_pax, None, 0.060746, 3552.24, 23, 1, smm_btc, 155024539748, True
btc_pax, None, 0.060746, 3552.22, 23, 1, smm_btc, 155024540350, False
btc_pax, None, 0.410184, 3544.84, 21, 1, smm_btc, 155024539447, True
btc_pax, None, 0.060746, 3552.22, 23, 1, smm_btc, 155024540350, True
btc_pax, None, 0.410184, 3543.18, 21, 1, smm_btc, 155024540653, False
btc_pax, None, 0.060746, 3552.2, 23, 1, smm_btc, 155024541154, False
btc_pax, None, 0.410184, 3543.18, 21, 1, smm_btc, 155024540653, True
btc_pax, None, 0.410184, 3545.59, 21, 1, smm_btc, 155024541856, False
btc_pax, None, 0.8, 3561.7, 23, 1, smm_btc, 155024541957, False
btc_pax, None, 0.8, 3561.7, 23, 1, smm_btc, 155024541957, True
btc_pax, None, 0.410184, 3545.59, 21, 1, smm_btc, 155024541856, True
btc_pax, None, 0.8, 3561.98, 23, 1, smm_btc, 155024542560, False
btc_pax, None, 0.410184, 3544.98, 21, 1, smm_btc, 155024542761, False
btc_pax, None, 0.8, 3561.98, 23, 1, smm_btc, 155024542560, True
btc_pax, None, 0.8, 3554.65, 23, 1, smm_btc, 155024543363, False
btc_pax, None, 0.8, 3554.65, 23, 1, smm_btc, 155024543363, True
btc_pax, None, 0.8, 3554.63, 23, 1, smm_btc, 155024544065, False
btc_pax, None, 0.410184, 3544.98, 21, 1, smm_btc, 155024542761, True
btc_pax, None, 0.8, 3554.63, 23, 1, smm_btc, 155024544065, True
btc_pax, None, 0.410184, 3551.49, 21, 1, smm_btc, 155024545368, False
btc_pax, None, 0.8, 3551.81, 23, 1, smm_btc, 155024546069, False
btc_pax, None, 0.8, 3551.81, 23, 1, smm_btc, 155024546069, True
btc_pax, None, 0.8, 3541.67, 21, 1, smm_btc, 155024546471, False
btc_pax, None, 0.795517, 3551.79, 23, 1, smm_btc, 155024546772, False
btc_pax, None, 0.795517, 3551.79, 23, 1, smm_btc, 155024546772, True
btc_pax, None, 0.795517, 3550.35, 23, 1, smm_btc, 155024547874, False
btc_pax, None, 0.795517, 3550.35, 23, 1, smm_btc, 155024547874, True
btc_pax, None, 0.795517, 3550.33, 23, 1, smm_btc, 155024548476, False
btc_pax, None, 0.8, 3541.67, 21, 1, smm_btc, 155024546471, True
btc_pax, None, 0.795517, 3550.33, 23, 1, smm_btc, 155024548476, True
btc_pax, None, 0.8, 3541.96, 21, 1, smm_btc, 155024548879, False
btc_pax, None, 0.795517, 3550.31, 23, 1, smm_btc, 155024549180, False
btc_pax, None, 0.795517, 3550.31, 23, 1, smm_btc, 155024549180, True
btc_pax, None, 0.8, 3541.96, 21, 1, smm_btc, 155024548879, True
btc_pax, None, 0.795517, 3550.29, 23, 1, smm_btc, 155024549783, False
btc_pax, None, 0.8, 3542.82, 21, 1, smm_btc, 155024549884, False
btc_pax, None, 0.795517, 3550.29, 23, 1, smm_btc, 155024549783, True
btc_pax, None, 0.795517, 3550.27, 23, 1, smm_btc, 155024550586, False
btc_pax, None, 0.795517, 3550.27, 23, 1, smm_btc, 155024550586, True
btc_pax, None, 0.795517, 3551.44, 23, 1, smm_btc, 155024551588, False
btc_pax, None, 0.8, 3542.82, 21, 1, smm_btc, 155024549884, True
btc_pax, None, 0.8, 3543.04, 21, 1, smm_btc, 155024551890, False
btc_pax, None, 0.8, 3543.04, 21, 1, smm_btc, 155024551890, True
btc_pax, None, 0.795517, 3551.44, 23, 1, smm_btc, 155024551588, True
btc_pax, None, 0.8, 3543.04, 21, 1, smm_btc, 155024552493, False
btc_pax, None, 0.795517, 3551.44, 23, 1, smm_btc, 155024552794, False
btc_pax, None, 0.8, 3543.04, 21, 1, smm_btc, 155024552493, True
btc_pax, None, 0.795517, 3551.44, 23, 1, smm_btc, 155024552794, True
btc_pax, None, 0.8, 3543.01, 21, 1, smm_btc, 155024553097, False
btc_pax, None, 0.795517, 3551.4, 23, 1, smm_btc, 155024553398, False
btc_pax, None, 0.8, 3543.01, 21, 1, smm_btc, 155024553097, True
btc_pax, None, 0.795517, 3551.4, 23, 1, smm_btc, 155024553398, True
btc_pax, None, 0.8, 3541.16, 21, 1, smm_btc, 155024553601, False
btc_pax, None, 0.795517, 3548.47, 23, 1, smm_btc, 155024554502, False
btc_pax, None, 0.8, 3541.16, 21, 1, smm_btc, 155024553601, True
btc_pax, None, 0.795517, 3548.47, 23, 1, smm_btc, 155024554502, True
btc_pax, None, 0.8, 3538.74, 21, 1, smm_btc, 155024554805, False
btc_pax, None, 0.795517, 3548.04, 23, 1, smm_btc, 155024555106, False
btc_pax, None, 0.8, 3538.74, 21, 1, smm_btc, 155024554805, True
btc_pax, None, 0.8, 3548.01, 21, 1, smm_btc, 155024556008, False
btc_pax, None, 0.8, 3548.01, 21, 1, smm_btc, 155024556008, True
btc_pax, None, 0.8, 3548.03, 21, 1, smm_btc, 155024556710, False
btc_pax, None, 0.8, 3550.74, 23, 1, smm_btc, 155024556711, False
btc_pax, None, 0.8, 3548.03, 21, 1, smm_btc, 155024556710, True
btc_pax, None, 0.8, 3550.74, 23, 1, smm_btc, 155024556711, True
btc_pax, None, 0.8, 3548.06, 21, 1, smm_btc, 155024557614, False
btc_pax, None, 0.8, 3550.73, 23, 1, smm_btc, 155024558415, False
btc_pax, None, 0.8, 3550.73, 23, 1, smm_btc, 155024558415, True
btc_pax, None, 0.8, 3548.06, 21, 1, smm_btc, 155024557614, True
btc_pax, None, 0.8, 3550.74, 23, 1, smm_btc, 155024559018, False
btc_pax, None, 0.625329, 3546.99, 21, 1, smm_btc, 155024559719, False
btc_pax, None, 0.625329, 3546.99, 21, 1, smm_btc, 155024559719, True
btc_pax, None, 0.8, 3550.74, 23, 1, smm_btc, 155024559018, True
btc_pax, None, 0.625329, 3546.99, 21, 1, smm_btc, 155024560322, False
btc_pax, None, 0.625329, 3546.99, 21, 1, smm_btc, 155024560322, True
btc_pax, None, 0.8, 3550.74, 23, 1, smm_btc, 155024560724, False
btc_pax, None, 0.625329, 3547.02, 21, 1, smm_btc, 155024561025, False
btc_pax, None, 0.8, 3550.74, 23, 1, smm_btc, 155024560724, True
btc_pax, None, 0.8, 3550.72, 23, 1, smm_btc, 155024561927, False
btc_pax, None, 0.8, 3550.72, 23, 1, smm_btc, 155024561927, True
btc_pax, None, 0.8, 3548.56, 23, 1, smm_btc, 155024563429, False
btc_pax, None, 0.8, 3541.4, 21, 1, smm_btc, 155024563430, False
btc_pax, None, 0.8, 3548.56, 23, 1, smm_btc, 155024563429, True
btc_pax, None, 0.8, 3548.54, 23, 1, smm_btc, 155024564332, False
btc_pax, None, 0.8, 3548.54, 23, 1, smm_btc, 155024564332, True
btc_pax, None, 0.8, 3548.13, 23, 1, smm_btc, 155024564934, False
btc_pax, None, 0.8, 3541.4, 21, 1, smm_btc, 155024563430, True
btc_pax, None, 0.8, 3548.13, 23, 1, smm_btc, 155024564934, True
btc_pax, None, 0.8, 3540.6, 21, 1, smm_btc, 155024565237, False
btc_pax, None, 0.8, 3547.43, 23, 1, smm_btc, 155024565538, False
btc_pax, None, 0.8, 3547.43, 23, 1, smm_btc, 155024565538, True
btc_pax, None, 0.8, 3547.08, 23, 1, smm_btc, 155024566140, False
btc_pax, None, 0.8, 3547.08, 23, 1, smm_btc, 155024566140, True
btc_pax, None, 0.8, 3547.24, 23, 1, smm_btc, 155024567242, False
btc_pax, None, 0.8, 3547.24, 23, 1, smm_btc, 155024567242, True
btc_pax, None, 0.8, 3540.6, 21, 1, smm_btc, 155024565237, True
btc_pax, None, 0.8, 3547.22, 23, 1, smm_btc, 155024569945, False
btc_pax, None, 0.8, 3540.05, 21, 1, smm_btc, 155024570046, False
btc_pax, None, 0.8, 3540.05, 21, 1, smm_btc, 155024570046, True
btc_pax, None, 0.8, 3545.74, 21, 1, smm_btc, 155024570548, False
btc_pax, None, 0.8, 3545.74, 21, 1, smm_btc, 155024570548, True
btc_pax, None, 0.8, 3545.77, 21, 1, smm_btc, 155024571750, False
btc_pax, None, 0.8, 3550.72, 23, 1, smm_btc, 155024572651, False
btc_pax, None, 0.8, 3545.77, 21, 1, smm_btc, 155024571750, True
btc_pax, None, 0.8, 3550.72, 23, 1, smm_btc, 155024572651, True
btc_pax, None, 0.8, 3541.4, 21, 1, smm_btc, 155024573854, False
btc_pax, None, 0.8, 3556.12, 23, 1, smm_btc, 155024573855, False
btc_pax, None, 0.8, 3556.12, 23, 1, smm_btc, 155024573855, True
btc_pax, None, 0.8, 3556.56, 23, 1, smm_btc, 155024574757, False
btc_pax, None, 0.8, 3541.4, 21, 1, smm_btc, 155024573854, True
btc_pax, None, 0.8, 3541.83, 21, 1, smm_btc, 155024575659, False
btc_pax, None, 0.8, 3541.83, 21, 1, smm_btc, 155024575659, True
btc_pax, None, 0.8, 3546.11, 21, 1, smm_btc, 155024576261, False
btc_pax, None, 0.8, 3556.56, 23, 1, smm_btc, 155024574757, True
btc_pax, None, 0.8, 3546.11, 21, 1, smm_btc, 155024576261, True
btc_pax, None, 0.8, 3552.16, 23, 1, smm_btc, 155024576864, False
btc_pax, None, 0.8, 3546.89, 21, 1, smm_btc, 155024577165, False
btc_pax, None, 0.8, 3552.16, 23, 1, smm_btc, 155024576864, True
btc_pax, None, 0.8, 3546.89, 21, 1, smm_btc, 155024577165, True
btc_pax, None, 0.8, 3553.41, 23, 1, smm_btc, 155024578068, False
btc_pax, None, 0.8, 3553.41, 23, 1, smm_btc, 155024578068, True
btc_pax, None, 0.8, 3548.23, 21, 1, smm_btc, 155024578670, False
btc_pax, None, 0.8, 3552.19, 23, 1, smm_btc, 155024578671, False
btc_pax, None, 0.8, 3548.23, 21, 1, smm_btc, 155024578670, True
btc_pax, None, 0.8, 3546.92, 21, 1, smm_btc, 155024579273, False
btc_pax, None, 0.8, 3546.92, 21, 1, smm_btc, 155024579273, True
btc_pax, None, 0.8, 3552.19, 23, 1, smm_btc, 155024578671, True
btc_pax, None, 0.8, 3541.16, 21, 1, smm_btc, 155024579876, False
btc_pax, None, 0.8, 3558.47, 23, 1, smm_btc, 155024579877, False
btc_pax, None, 0.8, 3541.16, 21, 1, smm_btc, 155024579876, True
btc_pax, None, 0.8, 3546.95, 21, 1, smm_btc, 155024580479, False
btc_pax, None, 0.8, 3558.47, 23, 1, smm_btc, 155024579877, True
btc_pax, None, 0.8, 3551.08, 23, 1, smm_btc, 155024581081, False
btc_pax, None, 0.8, 3551.08, 23, 1, smm_btc, 155024581081, True
btc_pax, None, 0.8, 3552.16, 23, 1, smm_btc, 155024582283, False
btc_pax, None, 0.8, 3546.95, 21, 1, smm_btc, 155024580479, True
btc_pax, None, 0.8, 3552.16, 23, 1, smm_btc, 155024582283, True
btc_pax, None, 0.8, 3543.04, 21, 1, smm_btc, 155024583886, False
btc_pax, None, 0.8, 3558.69, 23, 1, smm_btc, 155024583887, False
btc_pax, None, 0.8, 3543.04, 21, 1, smm_btc, 155024583886, True
btc_pax, None, 0.8, 3543.06, 21, 1, smm_btc, 155024584489, False
btc_pax, None, 0.8, 3558.69, 23, 1, smm_btc, 155024583887, True
btc_pax, None, 0.8, 3543.06, 21, 1, smm_btc, 155024584489, True
btc_pax, None, 0.8, 3558.93, 23, 1, smm_btc, 155024584892, False
btc_pax, None, 0.8, 3543.23, 21, 1, smm_btc, 155024585193, False
btc_pax, None, 0.8, 3558.93, 23, 1, smm_btc, 155024584892, True
btc_pax, None, 0.8, 3552.16, 23, 1, smm_btc, 155024585795, False
btc_pax, None, 0.8, 3543.23, 21, 1, smm_btc, 155024585193, True
btc_pax, None, 0.8, 3549.98, 21, 1, smm_btc, 155024587397, False
btc_pax, None, 0.8, 3549.98, 21, 1, smm_btc, 155024587397, True
btc_pax, None, 0.8, 3544.38, 21, 1, smm_btc, 155024587999, False
btc_pax, None, 0.8, 3552.16, 23, 1, smm_btc, 155024585795, True
btc_pax, None, 0.8, 3544.38, 21, 1, smm_btc, 155024587999, True
btc_pax, None, 0.8, 3555.43, 23, 1, smm_btc, 155024588202, False
btc_pax, None, 0.8, 3550.04, 21, 1, smm_btc, 155024588603, False
btc_pax, None, 0.8, 3550.04, 21, 1, smm_btc, 155024588603, True
btc_pax, None, 0.8, 3555.43, 23, 1, smm_btc, 155024588202, True
btc_pax, None, 0.8, 3544.69, 21, 1, smm_btc, 155024589806, False
btc_pax, None, 0.8, 3564.96, 23, 1, smm_btc, 155024589807, False
btc_pax, None, 0.8, 3544.69, 21, 1, smm_btc, 155024589806, True
btc_pax, None, 0.8, 3564.96, 23, 1, smm_btc, 155024589807, True
btc_pax, None, 0.8, 3545.13, 21, 1, smm_btc, 155024590510, False
btc_pax, None, 0.8, 3564.95, 23, 1, smm_btc, 155024590511, False
btc_pax, None, 0.8, 3564.95, 23, 1, smm_btc, 155024590511, True
btc_pax, None, 0.8, 3545.13, 21, 1, smm_btc, 155024590510, True
btc_pax, None, 0.8, 3564.42, 23, 1, smm_btc, 155024591114, False
btc_pax, None, 0.8, 3544.69, 21, 1, smm_btc, 155024591415, False
btc_pax, None, 0.8, 3564.42, 23, 1, smm_btc, 155024591114, True
btc_pax, None, 0.8, 3544.69, 21, 1, smm_btc, 155024591415, True
btc_pax, None, 0.8, 3552.69, 23, 1, smm_btc, 155024591718, False
btc_pax, None, 0.8, 3551.01, 21, 1, smm_btc, 155024592619, False
btc_pax, None, 0.8, 3551.01, 21, 1, smm_btc, 155024592619, True
btc_pax, None, 0.8, 3564.95, 23, 1, smm_btc, 155024592921, False
btc_pax, None, 0.8, 3551.23, 21, 1, smm_btc, 155024593222, False
btc_pax, None, 0.8, 3551.23, 21, 1, smm_btc, 155024593222, True
btc_pax, None, 0.8, 3564.95, 23, 1, smm_btc, 155024592921, True
btc_pax, None, 0.8, 3551.56, 21, 1, smm_btc, 155024593825, False
btc_pax, None, 0.8, 3564.42, 23, 1, smm_btc, 155024593826, False
btc_pax, None, 0.8, 3551.56, 21, 1, smm_btc, 155024593825, True
btc_pax, None, 0.8, 3551.72, 21, 1, smm_btc, 155024594428, False
btc_pax, None, 0.8, 3551.72, 21, 1, smm_btc, 155024594428, True
btc_pax, None, 0.8, 3564.42, 23, 1, smm_btc, 155024593826, True
btc_pax, None, 0.8, 3551.81, 21, 1, smm_btc, 155024595931, False
btc_pax, None, 0.8, 3564.81, 23, 1, smm_btc, 155024595932, False
btc_pax, None, 0.8, 3551.81, 21, 1, smm_btc, 155024595931, True
btc_pax, None, 0.8, 3564.81, 23, 1, smm_btc, 155024595932, True
btc_pax, None, 0.8, 3551.88, 21, 1, smm_btc, 155024596535, False
btc_pax, None, 0.8, 3564.77, 23, 1, smm_btc, 155024596536, False
btc_pax, None, 0.8, 3551.88, 21, 1, smm_btc, 155024596535, True
btc_pax, None, 0.8, 3552.04, 21, 1, smm_btc, 155024597338, False
btc_pax, None, 0.8, 3552.04, 21, 1, smm_btc, 155024597338, True
btc_pax, None, 0.8, 3552.13, 21, 1, smm_btc, 155024598040, False
btc_pax, None, 0.8, 3552.13, 21, 1, smm_btc, 155024598040, True
btc_pax, None, 0.8, 3564.77, 23, 1, smm_btc, 155024596536, True
btc_pax, None, 0.8, 3552.29, 21, 1, smm_btc, 155024598843, False
btc_pax, None, 0.8, 3564.77, 23, 1, smm_btc, 155024598844, False
btc_pax, None, 0.8, 3552.29, 21, 1, smm_btc, 155024598843, True
btc_pax, None, 0.8, 3552.62, 21, 1, smm_btc, 155024599446, False
btc_pax, None, 0.8, 3564.77, 23, 1, smm_btc, 155024598844, True
btc_pax, None, 0.8, 3552.62, 21, 1, smm_btc, 155024599446, True
btc_pax, None, 0.8, 3565.69, 23, 1, smm_btc, 155024599749, False
btc_pax, None, 0.8, 3552.84, 21, 1, smm_btc, 155024600050, False
btc_pax, None, 0.8, 3552.84, 21, 1, smm_btc, 155024600050, True
btc_pax, None, 0.8, 3565.69, 23, 1, smm_btc, 155024599749, True
btc_pax, None, 0.8, 3553.0, 21, 1, smm_btc, 155024600653, False
btc_pax, None, 0.8, 3565.61, 23, 1, smm_btc, 155024600654, False
btc_pax, None, 0.8, 3553.0, 21, 1, smm_btc, 155024600653, True
btc_pax, None, 0.8, 3553.02, 21, 1, smm_btc, 155024601356, False
btc_pax, None, 0.8, 3553.02, 21, 1, smm_btc, 155024601356, True
btc_pax, None, 0.8, 3565.61, 23, 1, smm_btc, 155024600654, True
btc_pax, None, 0.8, 3553.13, 21, 1, smm_btc, 155024602059, False
btc_pax, None, 0.8, 3565.1, 23, 1, smm_btc, 155024602160, False
btc_pax, None, 0.8, 3553.13, 21, 1, smm_btc, 155024602059, True
btc_pax, None, 0.8, 3553.14, 21, 1, smm_btc, 155024602962, False
btc_pax, None, 0.8, 3565.1, 23, 1, smm_btc, 155024602160, True
btc_pax, None, 0.8, 3553.14, 21, 1, smm_btc, 155024602962, True
btc_pax, None, 0.8, 3565.1, 23, 1, smm_btc, 155024603265, False
btc_pax, None, 0.8, 3553.04, 21, 1, smm_btc, 155024603566, False
btc_pax, None, 0.8, 3565.1, 23, 1, smm_btc, 155024603265, True
btc_pax, None, 0.8, 3565.24, 23, 1, smm_btc, 155024603868, False
btc_pax, None, 0.8, 3553.04, 21, 1, smm_btc, 155024603566, True
btc_pax, None, 0.8, 3565.24, 23, 1, smm_btc, 155024603868, True
btc_pax, None, 0.8, 3553.04, 21, 1, smm_btc, 155024604471, False
btc_pax, None, 0.8, 3565.94, 23, 1, smm_btc, 155024604472, False
btc_pax, None, 0.8, 3553.04, 21, 1, smm_btc, 155024604471, True
btc_pax, None, 0.8, 3565.94, 23, 1, smm_btc, 155024604472, True
btc_pax, None, 0.8, 3553.15, 21, 1, smm_btc, 155024605275, False
btc_pax, None, 0.8, 3565.71, 23, 1, smm_btc, 155024605276, False
btc_pax, None, 0.8, 3553.15, 21, 1, smm_btc, 155024605275, True
btc_pax, None, 0.8, 3565.71, 23, 1, smm_btc, 155024605276, True
btc_pax, None, 0.8, 3553.18, 21, 1, smm_btc, 155024605979, False
btc_pax, None, 0.8, 3565.1, 23, 1, smm_btc, 155024605980, False
btc_pax, None, 0.8, 3553.18, 21, 1, smm_btc, 155024605979, True
btc_pax, None, 0.8, 3553.04, 21, 1, smm_btc, 155024606682, False
btc_pax, None, 0.8, 3553.04, 21, 1, smm_btc, 155024606682, True
btc_pax, None, 0.8, 3553.1, 21, 1, smm_btc, 155024608684, False
btc_pax, None, 0.8, 3553.1, 21, 1, smm_btc, 155024608684, True
btc_pax, None, 0.8, 3553.04, 21, 1, smm_btc, 155024609286, False
btc_pax, None, 0.8, 3565.1, 23, 1, smm_btc, 155024605980, True
btc_pax, None, 0.8, 3564.96, 23, 1, smm_btc, 155024609588, False
btc_pax, None, 0.8, 3553.04, 21, 1, smm_btc, 155024609286, True
btc_pax, None, 0.8, 3564.96, 23, 1, smm_btc, 155024609588, True
btc_pax, None, 0.8, 3553.14, 21, 1, smm_btc, 155024610191, False
btc_pax, None, 0.8, 3565.1, 23, 1, smm_btc, 155024610192, False
btc_pax, None, 0.8, 3553.14, 21, 1, smm_btc, 155024610191, True
btc_pax, None, 0.8, 3565.1, 23, 1, smm_btc, 155024610192, True
btc_pax, None, 0.8, 3553.2, 21, 1, smm_btc, 155024611095, False
btc_pax, None, 0.8, 3565.1, 23, 1, smm_btc, 155024611096, False
btc_pax, None, 0.8, 3553.2, 21, 1, smm_btc, 155024611095, True
btc_pax, None, 0.8, 3565.1, 23, 1, smm_btc, 155024611096, True
btc_pax, None, 0.8, 3553.22, 21, 1, smm_btc, 155024611899, False
btc_pax, None, 0.8, 3565.1, 23, 1, smm_btc, 155024611800, False
btc_pax, None, 0.8, 3553.22, 21, 1, smm_btc, 155024611899, True
btc_pax, None, 0.8, 3553.37, 21, 1, smm_btc, 155024612402, False
btc_pax, None, 0.8, 3553.37, 21, 1, smm_btc, 155024612402, True
btc_pax, None, 0.8, 3553.04, 21, 1, smm_btc, 155024613204, False
btc_pax, None, 0.8, 3565.1, 23, 1, smm_btc, 155024611800, True
btc_pax, None, 0.8, 3565.1, 23, 1, smm_btc, 155024613506, False
btc_pax, None, 0.8, 3565.1, 23, 1, smm_btc, 155024613506, True
btc_pax, None, 0.8, 3565.1, 23, 1, smm_btc, 155024614808, False
btc_pax, None, 0.8, 3565.1, 23, 1, smm_btc, 155024614808, True
btc_pax, None, 0.8, 3564.96, 23, 1, smm_btc, 155024615810, False
btc_pax, None, 0.8, 3564.96, 23, 1, smm_btc, 155024615810, True
btc_pax, None, 0.8, 3564.96, 23, 1, smm_btc, 155024616512, False
btc_pax, None, 0.8, 3564.96, 23, 1, smm_btc, 155024616512, True
btc_pax, None, 0.8, 3564.95, 23, 1, smm_btc, 155024618214, False
btc_pax, None, 0.8, 3564.95, 23, 1, smm_btc, 155024618214, True
btc_pax, None, 0.8, 3555.74, 23, 1, smm_btc, 155024619116, False
btc_pax, None, 0.8, 3551.1, 21, 1, smm_btc, 155024619417, False
btc_pax, None, 0.8, 3555.74, 23, 1, smm_btc, 155024619116, True
btc_pax, None, 0.8, 3555.71, 23, 1, smm_btc, 155024619719, False
btc_pax, None, 0.8, 3551.1, 21, 1, smm_btc, 155024619417, True
btc_pax, None, 0.8, 3551.16, 21, 1, smm_btc, 155024621121, False
btc_pax, None, 0.8, 3551.16, 21, 1, smm_btc, 155024621121, True
btc_pax, None, 0.8, 3551.07, 21, 1, smm_btc, 155024622523, False
btc_pax, None, 0.8, 3555.71, 23, 1, smm_btc, 155024619719, True
btc_pax, None, 0.8, 3554.88, 23, 1, smm_btc, 155024624025, False
btc_pax, None, 0.8, 3551.07, 21, 1, smm_btc, 155024622523, True
btc_pax, None, 0.8, 3551.44, 21, 1, smm_btc, 155024624627, False
btc_pax, None, 0.8, 3554.88, 23, 1, smm_btc, 155024624025, True
btc_pax, None, 0.8, 3551.44, 21, 1, smm_btc, 155024624627, True
btc_pax, None, 0.8, 3553.43, 21, 1, smm_btc, 155024627230, False
btc_pax, None, 0.8, 3555.73, 23, 1, smm_btc, 155024627831, False
btc_pax, None, 0.8, 3555.73, 23, 1, smm_btc, 155024627831, True
btc_pax, None, 0.8, 3555.71, 23, 1, smm_btc, 155024628833, False
btc_pax, None, 0.8, 3553.43, 21, 1, smm_btc, 155024627230, True
btc_pax, None, 0.8, 3553.49, 21, 1, smm_btc, 155024631135, False
btc_pax, None, 0.8, 3555.71, 23, 1, smm_btc, 155024628833, True
btc_pax, None, 0.8, 3555.7, 23, 1, smm_btc, 155024632037, False
btc_pax, None, 0.8, 3555.7, 23, 1, smm_btc, 155024632037, True
btc_pax, None, 0.8, 3555.74, 23, 1, smm_btc, 155024634439, False
btc_pax, None, 0.8, 3555.74, 23, 1, smm_btc, 155024634439, True
btc_pax, None, 0.8, 3555.7, 23, 1, smm_btc, 155024635341, False
btc_pax, None, 0.8, 3553.49, 21, 1, smm_btc, 155024631135, True
btc_pax, None, 0.8, 3554.28, 21, 1, smm_btc, 155024636243, False
btc_pax, None, 0.8, 3554.28, 21, 1, smm_btc, 155024636243, True
btc_pax, None, 0.8, 3554.67, 21, 1, smm_btc, 155024639045, False
btc_pax, None, 0.8, 3554.67, 21, 1, smm_btc, 155024639045, True
btc_pax, None, 0.8, 3555.7, 23, 1, smm_btc, 155024635341, True
btc_pax, None, 0.8, 3555.79, 21, 1, smm_btc, 155024640448, False
btc_pax, None, 0.016419, 3567.14, 23, 1, smm_btc, 155024640449, False
btc_pax, None, 0.8, 3555.79, 21, 1, smm_btc, 155024640448, True
btc_pax, None, 0.8, 3555.91, 21, 1, smm_btc, 155024641151, False
btc_pax, None, 0.016419, 3567.14, 23, 1, smm_btc, 155024640449, True
btc_pax, None, 0.8, 3555.91, 21, 1, smm_btc, 155024641151, True
btc_pax, None, 0.016419, 3567.5, 23, 1, smm_btc, 155024641454, False
btc_pax, None, 0.8, 3556.05, 21, 1, smm_btc, 155024641755, False
btc_pax, None, 0.016419, 3567.5, 23, 1, smm_btc, 155024641454, True
btc_pax, None, 0.8, 3556.05, 21, 1, smm_btc, 155024641755, True
btc_pax, None, 0.016419, 3567.14, 23, 1, smm_btc, 155024642158, False
btc_pax, None, 0.8, 3556.2, 21, 1, smm_btc, 155024642359, False
btc_pax, None, 0.016419, 3567.14, 23, 1, smm_btc, 155024642158, True
btc_pax, None, 0.8, 3556.2, 21, 1, smm_btc, 155024642359, True
btc_pax, None, 0.016419, 3567.48, 23, 1, smm_btc, 155024642662, False
btc_pax, None, 0.8, 3556.42, 21, 1, smm_btc, 155024642963, False
btc_pax, None, 0.016419, 3567.48, 23, 1, smm_btc, 155024642662, True
btc_pax, None, 0.8, 3556.42, 21, 1, smm_btc, 155024642963, True
btc_pax, None, 0.016419, 3566.43, 23, 1, smm_btc, 155024643266, False
btc_pax, None, 0.8, 3556.63, 21, 1, smm_btc, 155024643567, False
btc_pax, None, 0.8, 3556.63, 21, 1, smm_btc, 155024643567, True
btc_pax, None, 0.8, 3556.79, 21, 1, smm_btc, 155024644169, False
btc_pax, None, 0.016419, 3566.43, 23, 1, smm_btc, 155024643266, True
btc_pax, None, 0.8, 3556.79, 21, 1, smm_btc, 155024644169, True
btc_pax, None, 0.016419, 3568.94, 23, 1, smm_btc, 155024644472, False
btc_pax, None, 0.8, 3557.17, 21, 1, smm_btc, 155024644773, False
btc_pax, None, 0.016419, 3568.94, 23, 1, smm_btc, 155024644472, True
btc_pax, None, 0.8, 3557.17, 21, 1, smm_btc, 155024644773, True
btc_pax, None, 0.016419, 3569.69, 23, 1, smm_btc, 155024645476, False
btc_pax, None, 0.8, 3559.19, 21, 1, smm_btc, 155024645777, False
btc_pax, None, 0.016419, 3569.69, 23, 1, smm_btc, 155024645476, True
btc_pax, None, 0.016419, 3559.58, 23, 1, smm_btc, 155024646679, False
btc_pax, None, 0.016419, 3559.58, 23, 1, smm_btc, 155024646679, True
btc_pax, None, 0.016419, 3559.56, 23, 1, smm_btc, 155024647281, False
btc_pax, None, 0.8, 3556.83, 21, 1, smm_btc, 155024647882, False
btc_pax, None, 0.8, 3556.83, 21, 1, smm_btc, 155024647882, True
btc_pax, None, 0.016419, 3559.56, 23, 1, smm_btc, 155024647281, True
btc_pax, None, 0.016419, 3560.29, 23, 1, smm_btc, 155024649085, False
btc_pax, None, 0.8, 3550.21, 21, 1, smm_btc, 155024649686, False
btc_pax, None, 0.016419, 3560.29, 23, 1, smm_btc, 155024649085, True
btc_pax, None, 0.016419, 3560.29, 23, 1, smm_btc, 155024649988, False
btc_pax, None, 0.8, 3550.21, 21, 1, smm_btc, 155024649686, True
btc_pax, None, 0.016419, 3560.29, 23, 1, smm_btc, 155024649988, True
btc_pax, None, 0.016419, 3560.57, 23, 1, smm_btc, 155024651591, False
btc_pax, None, 0.8, 3550.07, 21, 1, smm_btc, 155024651892, False
btc_pax, None, 0.016419, 3560.57, 23, 1, smm_btc, 155024651591, True
btc_pax, None, 0.016419, 3560.57, 23, 1, smm_btc, 155024652194, False
btc_pax, None, 0.8, 3550.07, 21, 1, smm_btc, 155024651892, True
btc_pax, None, 0.8, 3556.84, 21, 1, smm_btc, 155024652996, False
btc_pax, None, 0.8, 3556.84, 21, 1, smm_btc, 155024652996, True
btc_pax, None, 0.016419, 3560.57, 23, 1, smm_btc, 155024652194, True
btc_pax, None, 0.8, 3556.85, 21, 1, smm_btc, 155024655099, False
btc_pax, None, 0.016419, 3558.99, 23, 1, smm_btc, 155024655000, False
btc_pax, None, 0.8, 3556.85, 21, 1, smm_btc, 155024655099, True
btc_pax, None, 0.8, 3556.82, 21, 1, smm_btc, 155024655902, False
btc_pax, None, 0.8, 3561.09, 23, 1, smm_btc, 155024656203, False
btc_pax, None, 0.8, 3556.82, 21, 1, smm_btc, 155024655902, True
btc_pax, None, 0.8, 3561.09, 23, 1, smm_btc, 155024656203, True
btc_pax, None, 0.8, 3556.83, 21, 1, smm_btc, 155024657206, False
btc_pax, None, 0.8, 3561.3, 23, 1, smm_btc, 155024657507, False
btc_pax, None, 0.8, 3556.83, 21, 1, smm_btc, 155024657206, True
btc_pax, None, 0.8, 3556.84, 21, 1, smm_btc, 155024658109, False
btc_pax, None, 0.8, 3561.3, 23, 1, smm_btc, 155024657507, True
btc_pax, None, 0.8, 3556.84, 21, 1, smm_btc, 155024658109, True
btc_pax, None, 0.8, 3560.9, 23, 1, smm_btc, 155024659112, False
btc_pax, None, 0.8, 3558.96, 21, 1, smm_btc, 155024659413, False
btc_pax, None, 0.8, 3558.96, 21, 1, smm_btc, 155024659413, True
btc_pax, None, 0.8, 3570.73, 23, 1, smm_btc, 155024660115, False
btc_pax, None, 0.8, 3558.98, 21, 1, smm_btc, 155024660716, False
btc_pax, None, 0.8, 3570.73, 23, 1, smm_btc, 155024660115, True
btc_pax, None, 0.8, 3570.51, 23, 1, smm_btc, 155024661018, False
btc_pax, None, 0.8, 3558.98, 21, 1, smm_btc, 155024660716, True
btc_pax, None, 0.8, 3570.51, 23, 1, smm_btc, 155024661018, True
btc_pax, None, 0.8, 3559.03, 21, 1, smm_btc, 155024661621, False
btc_pax, None, 0.8, 3570.42, 23, 1, smm_btc, 155024661622, False
btc_pax, None, 0.8, 3559.03, 21, 1, smm_btc, 155024661621, True
btc_pax, None, 0.8, 3570.42, 23, 1, smm_btc, 155024661622, True
btc_pax, None, 0.8, 3559.05, 21, 1, smm_btc, 155024662325, False
btc_pax, None, 0.8, 3570.71, 23, 1, smm_btc, 155024662326, False
btc_pax, None, 0.8, 3559.05, 21, 1, smm_btc, 155024662325, True
btc_pax, None, 0.8, 3559.07, 21, 1, smm_btc, 155024663128, False
btc_pax, None, 0.8, 3559.07, 21, 1, smm_btc, 155024663128, True
btc_pax, None, 0.8, 3559.1, 21, 1, smm_btc, 155024663930, False
btc_pax, None, 0.8, 3570.71, 23, 1, smm_btc, 155024662326, True
btc_pax, None, 0.8, 3559.1, 21, 1, smm_btc, 155024663930, True
btc_pax, None, 0.8, 3570.51, 23, 1, smm_btc, 155024664233, False
btc_pax, None, 0.8, 3559.14, 21, 1, smm_btc, 155024664534, False
btc_pax, None, 0.8, 3570.51, 23, 1, smm_btc, 155024664233, True
btc_pax, None, 0.8, 3559.14, 21, 1, smm_btc, 155024664534, True
btc_pax, None, 0.8, 3571.48, 23, 1, smm_btc, 155024664937, False
btc_pax, None, 0.614366, 3559.14, 21, 1, smm_btc, 155024665238, False
btc_pax, None, 0.8, 3571.48, 23, 1, smm_btc, 155024664937, True
btc_pax, None, 0.614366, 3559.14, 21, 1, smm_btc, 155024665238, True
btc_pax, None, 0.8, 3570.73, 23, 1, smm_btc, 155024665641, False
btc_pax, None, 0.614366, 3559.16, 21, 1, smm_btc, 155024666342, False
btc_pax, None, 0.8, 3570.73, 23, 1, smm_btc, 155024665641, True
btc_pax, None, 0.8, 3559.97, 23, 1, smm_btc, 155024666644, False
btc_pax, None, 0.8, 3551.13, 21, 1, smm_btc, 155024667245, False
btc_pax, None, 0.8, 3559.97, 23, 1, smm_btc, 155024666644, True
btc_pax, None, 0.8, 3551.13, 21, 1, smm_btc, 155024667245, True
btc_pax, None, 0.8, 3557.81, 21, 1, smm_btc, 155024667848, False
btc_pax, None, 0.8, 3557.81, 21, 1, smm_btc, 155024667848, True
btc_pax, None, 0.8, 3560.63, 23, 1, smm_btc, 155024668450, False
btc_pax, None, 0.8, 3557.92, 21, 1, smm_btc, 155024668751, False
btc_pax, None, 0.8, 3560.63, 23, 1, smm_btc, 155024668450, True
btc_pax, None, 0.8, 3560.63, 23, 1, smm_btc, 155024669053, False
btc_pax, None, 0.8, 3557.92, 21, 1, smm_btc, 155024668751, True
btc_pax, None, 0.8, 3560.63, 23, 1, smm_btc, 155024669053, True
btc_pax, None, 0.8, 3556.82, 21, 1, smm_btc, 155024669956, False
btc_pax, None, 0.8, 3559.53, 23, 1, smm_btc, 155024669957, False
btc_pax, None, 0.8, 3556.82, 21, 1, smm_btc, 155024669956, True
btc_pax, None, 0.8, 3559.53, 23, 1, smm_btc, 155024669957, True
btc_pax, None, 0.8, 3549.9, 21, 1, smm_btc, 155024671760, False
btc_pax, None, 0.8, 3569.07, 23, 1, smm_btc, 155024671761, False
btc_pax, None, 0.8, 3569.07, 23, 1, smm_btc, 155024671761, True
btc_pax, None, 0.8, 3549.9, 21, 1, smm_btc, 155024671760, True
btc_pax, None, 0.8, 3555.85, 21, 1, smm_btc, 155024672964, False
btc_pax, None, 0.8, 3559.01, 23, 1, smm_btc, 155024673065, False
btc_pax, None, 0.8, 3559.01, 23, 1, smm_btc, 155024673065, True
btc_pax, None, 0.8, 3560.65, 23, 1, smm_btc, 155024673967, False
btc_pax, None, 0.8, 3560.65, 23, 1, smm_btc, 155024673967, True
btc_pax, None, 0.8, 3560.45, 23, 1, smm_btc, 155024674669, False
btc_pax, None, 0.8, 3555.85, 21, 1, smm_btc, 155024672964, True
btc_pax, None, 0.8, 3555.86, 21, 1, smm_btc, 155024678571, False
btc_pax, None, 0.8, 3560.45, 23, 1, smm_btc, 155024674669, True
btc_pax, None, 0.8, 3555.86, 21, 1, smm_btc, 155024678571, True
btc_pax, None, 0.8, 3559.88, 23, 1, smm_btc, 155024679174, False
btc_pax, None, 0.8, 3555.87, 21, 1, smm_btc, 155024679575, False
btc_pax, None, 0.8, 3559.88, 23, 1, smm_btc, 155024679174, True
btc_pax, None, 0.8, 3561.29, 23, 1, smm_btc, 155024680277, False
btc_pax, None, 0.8, 3555.87, 21, 1, smm_btc, 155024679575, True
btc_pax, None, 0.8, 3561.29, 23, 1, smm_btc, 155024680277, True
btc_pax, None, 0.8, 3555.88, 21, 1, smm_btc, 155024680980, False
btc_pax, None, 0.8, 3559.58, 23, 1, smm_btc, 155024680981, False
btc_pax, None, 0.8, 3555.88, 21, 1, smm_btc, 155024680980, True
btc_pax, None, 0.8, 3559.58, 23, 1, smm_btc, 155024680981, True
btc_pax, None, 0.8, 3559.61, 23, 1, smm_btc, 155024681684, False
btc_pax, None, 0.8, 3550.21, 21, 1, smm_btc, 155024681985, False
btc_pax, None, 0.8, 3559.61, 23, 1, smm_btc, 155024681684, True
btc_pax, None, 0.8, 3550.21, 21, 1, smm_btc, 155024681985, True
btc_pax, None, 0.8, 3568.87, 23, 1, smm_btc, 155024682288, False
btc_pax, None, 0.8, 3551.13, 21, 1, smm_btc, 155024682589, False
btc_pax, None, 0.8, 3551.13, 21, 1, smm_btc, 155024682589, True
btc_pax, None, 0.8, 3568.87, 23, 1, smm_btc, 155024682288, True
btc_pax, None, 0.8, 3550.21, 21, 1, smm_btc, 155024683192, False
btc_pax, None, 0.8, 3570.44, 23, 1, smm_btc, 155024683193, False
btc_pax, None, 0.8, 3570.44, 23, 1, smm_btc, 155024683193, True
btc_pax, None, 0.8, 3568.87, 23, 1, smm_btc, 155024683795, False
btc_pax, None, 0.8, 3550.21, 21, 1, smm_btc, 155024683192, True
btc_pax, None, 0.8, 3568.87, 23, 1, smm_btc, 155024683795, True
btc_pax, None, 0.8, 3557.48, 21, 1, smm_btc, 155024684998, False
btc_pax, None, 0.8, 3560.16, 23, 1, smm_btc, 155024684999, False
btc_pax, None, 0.8, 3557.48, 21, 1, smm_btc, 155024684998, True
btc_pax, None, 0.8, 3556.11, 21, 1, smm_btc, 155024686501, False
btc_pax, None, 0.8, 3560.16, 23, 1, smm_btc, 155024684999, True
btc_pax, None, 0.8, 3559.36, 23, 1, smm_btc, 155024686903, False
btc_pax, None, 0.8, 3556.11, 21, 1, smm_btc, 155024686501, True
btc_pax, None, 0.8, 3556.12, 21, 1, smm_btc, 155024688605, False
btc_pax, None, 0.8, 3556.12, 21, 1, smm_btc, 155024688605, True
btc_pax, None, 0.8, 3556.13, 21, 1, smm_btc, 155024691607, False
btc_pax, None, 0.8, 3556.13, 21, 1, smm_btc, 155024691607, True
btc_pax, None, 0.8, 3556.14, 21, 1, smm_btc, 155024692509, False
btc_pax, None, 0.8, 3556.14, 21, 1, smm_btc, 155024692509, True
btc_pax, None, 0.8, 3556.15, 21, 1, smm_btc, 155024695611, False
btc_pax, None, 0.8, 3556.15, 21, 1, smm_btc, 155024695611, True
btc_pax, None, 0.8, 3556.16, 21, 1, smm_btc, 155024696613, False
btc_pax, None, 0.8, 3556.16, 21, 1, smm_btc, 155024696613, True
btc_pax, None, 0.8, 3559.36, 23, 1, smm_btc, 155024686903, True
btc_pax, None, 0.8, 3556.13, 21, 1, smm_btc, 155024698216, False
btc_pax, None, 0.8, 3559.39, 23, 1, smm_btc, 155024698217, False
btc_pax, None, 0.8, 3556.13, 21, 1, smm_btc, 155024698216, True
btc_pax, None, 0.8, 3559.39, 23, 1, smm_btc, 155024698217, True
btc_pax, None, 0.8, 3556.16, 21, 1, smm_btc, 155024698920, False
btc_pax, None, 0.8, 3559.36, 23, 1, smm_btc, 155024698921, False
btc_pax, None, 0.8, 3556.16, 21, 1, smm_btc, 155024698920, True
btc_pax, None, 0.8, 3559.36, 23, 1, smm_btc, 155024698921, True
btc_pax, None, 0.8, 3556.14, 21, 1, smm_btc, 155024699724, False
btc_pax, None, 0.8, 3558.62, 23, 1, smm_btc, 155024699725, False
btc_pax, None, 0.8, 3558.62, 23, 1, smm_btc, 155024699725, True
btc_pax, None, 0.8, 3561.33, 23, 1, smm_btc, 155024700327, False
btc_pax, None, 0.8, 3556.14, 21, 1, smm_btc, 155024699724, True
btc_pax, None, 0.8, 3561.33, 23, 1, smm_btc, 155024700327, True
btc_pax, None, 0.8, 3556.17, 21, 1, smm_btc, 155024701630, False
btc_pax, None, 0.8, 3561.3, 23, 1, smm_btc, 155024701631, False
btc_pax, None, 0.8, 3556.17, 21, 1, smm_btc, 155024701630, True
btc_pax, None, 0.8, 3556.18, 21, 1, smm_btc, 155024702833, False
btc_pax, None, 0.8, 3556.18, 21, 1, smm_btc, 155024702833, True
btc_pax, None, 0.8, 3556.19, 21, 1, smm_btc, 155024704335, False
btc_pax, None, 0.8, 3556.19, 21, 1, smm_btc, 155024704335, True
btc_pax, None, 0.8, 3557.38, 21, 1, smm_btc, 155024706237, False
btc_pax, None, 0.8, 3557.38, 21, 1, smm_btc, 155024706237, True
btc_pax, None, 0.8, 3557.01, 21, 1, smm_btc, 155024709039, False
btc_pax, None, 0.8, 3557.01, 21, 1, smm_btc, 155024709039, True
btc_pax, None, 0.8, 3561.3, 23, 1, smm_btc, 155024701631, True
btc_pax, None, 0.8, 3556.98, 21, 1, smm_btc, 155024711742, False
btc_pax, None, 0.8, 3561.33, 23, 1, smm_btc, 155024711743, False
btc_pax, None, 0.8, 3556.98, 21, 1, smm_btc, 155024711742, True
btc_pax, None, 0.8, 3561.33, 23, 1, smm_btc, 155024711743, True
btc_pax, None, 0.8, 3558.57, 23, 1, smm_btc, 155024712646, False
btc_pax, None, 0.8, 3558.57, 23, 1, smm_btc, 155024712646, True
btc_pax, None, 0.8, 3546.5, 21, 1, smm_btc, 155024713248, False
btc_pax, None, 0.8, 3565.3, 23, 1, smm_btc, 155024713249, False
btc_pax, None, 0.8, 3565.3, 23, 1, smm_btc, 155024713249, True
btc_pax, None, 0.8, 3546.5, 21, 1, smm_btc, 155024713248, True
btc_pax, None, 0.8, 3564.87, 23, 1, smm_btc, 155024713852, False
btc_pax, None, 0.8, 3555.19, 21, 1, smm_btc, 155024714253, False
btc_pax, None, 0.8, 3564.87, 23, 1, smm_btc, 155024713852, True
btc_pax, None, 0.8, 3555.19, 21, 1, smm_btc, 155024714253, True
btc_pax, None, 0.8, 3564.61, 23, 1, smm_btc, 155024715956, False
btc_pax, None, 0.8, 3555.67, 21, 1, smm_btc, 155024716257, False
btc_pax, None, 0.8, 3564.61, 23, 1, smm_btc, 155024715956, True
btc_pax, None, 0.8, 3558.57, 23, 1, smm_btc, 155024716559, False
btc_pax, None, 0.8, 3555.67, 21, 1, smm_btc, 155024716257, True
btc_pax, None, 0.8, 3556.33, 21, 1, smm_btc, 155024722461, False
btc_pax, None, 0.8, 3556.33, 21, 1, smm_btc, 155024722461, True
btc_pax, None, 0.8, 3556.11, 21, 1, smm_btc, 155024726663, False
btc_pax, None, 0.8, 3556.11, 21, 1, smm_btc, 155024726663, True
btc_pax, None, 0.8, 3556.71, 21, 1, smm_btc, 155024729865, False
btc_pax, None, 0.8, 3556.71, 21, 1, smm_btc, 155024729865, True
btc_pax, None, 0.8, 3558.57, 23, 1, smm_btc, 155024716559, True
btc_pax, None, 0.8, 3556.68, 21, 1, smm_btc, 155024731168, False
btc_pax, None, 0.8, 3558.6, 23, 1, smm_btc, 155024731169, False
btc_pax, None, 0.8, 3556.68, 21, 1, smm_btc, 155024731168, True
btc_pax, None, 0.8, 3558.6, 23, 1, smm_btc, 155024731169, True
btc_pax, None, 0.8, 3555.22, 21, 1, smm_btc, 155024731772, False
btc_pax, None, 0.8, 3555.22, 21, 1, smm_btc, 155024731772, True
btc_pax, None, 0.8, 3564.87, 23, 1, smm_btc, 155024732074, False
btc_pax, None, 0.8, 3546.48, 21, 1, smm_btc, 155024732375, False
btc_pax, None, 0.8, 3546.48, 21, 1, smm_btc, 155024732375, True
btc_pax, None, 0.8, 3564.87, 23, 1, smm_btc, 155024732074, True
btc_pax, None, 0.8, 3554.25, 21, 1, smm_btc, 155024732978, False
btc_pax, None, 0.8, 3558.57, 23, 1, smm_btc, 155024733279, False
btc_pax, None, 0.8, 3554.25, 21, 1, smm_btc, 155024732978, True
btc_pax, None, 0.8, 3554.8, 21, 1, smm_btc, 155024734581, False
btc_pax, None, 0.8, 3554.8, 21, 1, smm_btc, 155024734581, True
btc_pax, None, 0.8, 3554.81, 21, 1, smm_btc, 155024735983, False
btc_pax, None, 0.8, 3558.57, 23, 1, smm_btc, 155024733279, True
btc_pax, None, 0.8, 3554.81, 21, 1, smm_btc, 155024735983, True
btc_pax, None, 0.8, 3558.6, 23, 1, smm_btc, 155024736986, False
btc_pax, None, 0.8, 3555.56, 21, 1, smm_btc, 155024737587, False
btc_pax, None, 0.8, 3558.6, 23, 1, smm_btc, 155024736986, True
btc_pax, None, 0.8, 3558.57, 23, 1, smm_btc, 155024737989, False
btc_pax, None, 0.8, 3555.56, 21, 1, smm_btc, 155024737587, True
btc_pax, None, 0.8, 3556.38, 21, 1, smm_btc, 155024738591, False
btc_pax, None, 0.8, 3556.38, 21, 1, smm_btc, 155024738591, True
btc_pax, None, 0.8, 3558.57, 23, 1, smm_btc, 155024737989, True
btc_pax, None, 0.8, 3558.16, 21, 1, smm_btc, 155024739894, False
btc_pax, None, 0.8, 3560.03, 23, 1, smm_btc, 155024739995, False
btc_pax, None, 0.8, 3558.16, 21, 1, smm_btc, 155024739894, True
btc_pax, None, 0.8, 3560.03, 23, 1, smm_btc, 155024739995, True
btc_pax, None, 0.8, 3558.19, 21, 1, smm_btc, 155024740498, False
btc_pax, None, 0.8, 3560.0, 23, 1, smm_btc, 155024740599, False
btc_pax, None, 0.8, 3558.19, 21, 1, smm_btc, 155024740498, True
btc_pax, None, 0.8, 3558.92, 21, 1, smm_btc, 155024744501, False
btc_pax, None, 0.8, 3558.92, 21, 1, smm_btc, 155024744501, True
btc_pax, None, 0.8, 3557.8, 21, 1, smm_btc, 155024747003, False
btc_pax, None, 0.8, 3557.8, 21, 1, smm_btc, 155024747003, True
btc_pax, None, 0.8, 3560.0, 23, 1, smm_btc, 155024740599, True
btc_pax, None, 0.8, 3557.77, 21, 1, smm_btc, 155024749506, False
btc_pax, None, 0.8, 3560.03, 23, 1, smm_btc, 155024749507, False
btc_pax, None, 0.8, 3557.77, 21, 1, smm_btc, 155024749506, True
btc_pax, None, 0.8, 3560.03, 23, 1, smm_btc, 155024749507, True
btc_pax, None, 0.8, 3558.28, 21, 1, smm_btc, 155024751110, False
btc_pax, None, 0.8, 3560.03, 23, 1, smm_btc, 155024751211, False
btc_pax, None, 0.8, 3558.28, 21, 1, smm_btc, 155024751110, True
btc_pax, None, 0.8, 3560.03, 23, 1, smm_btc, 155024751211, True
btc_pax, None, 0.8, 3562.02, 23, 1, smm_btc, 155024752314, False
btc_pax, None, 0.8, 3558.67, 21, 1, smm_btc, 155024753515, False
btc_pax, None, 0.8, 3558.67, 21, 1, smm_btc, 155024753515, True
btc_pax, None, 0.8, 3562.02, 23, 1, smm_btc, 155024752314, True
btc_pax, None, 0.8, 3558.7, 21, 1, smm_btc, 155024754218, False
btc_pax, None, 0.8, 3561.99, 23, 1, smm_btc, 155024754219, False
btc_pax, None, 0.8, 3561.99, 23, 1, smm_btc, 155024754219, True
btc_pax, None, 0.8, 3562.02, 23, 1, smm_btc, 155024763421, False
btc_pax, None, 0.8, 3558.7, 21, 1, smm_btc, 155024754218, True
btc_pax, None, 0.8, 3562.02, 23, 1, smm_btc, 155024763421, True
btc_pax, None, 0.8, 3558.4, 21, 1, smm_btc, 155024764224, False
btc_pax, None, 0.8, 3561.99, 23, 1, smm_btc, 155024764225, False
btc_pax, None, 0.8, 3558.4, 21, 1, smm_btc, 155024764224, True
btc_pax, None, 0.8, 3561.99, 23, 1, smm_btc, 155024764225, True
btc_pax, None, 0.8, 3558.36, 21, 1, smm_btc, 155024766528, False
btc_pax, None, 0.8, 3562.03, 23, 1, smm_btc, 155024766529, False
btc_pax, None, 0.8, 3558.36, 21, 1, smm_btc, 155024766528, True
btc_pax, None, 0.8, 3562.03, 23, 1, smm_btc, 155024766529, True
btc_pax, None, 0.8, 3559.25, 21, 1, smm_btc, 155024767532, False
btc_pax, None, 0.8, 3561.99, 23, 1, smm_btc, 155024767533, False
btc_pax, None, 0.8, 3561.99, 23, 1, smm_btc, 155024767533, True
btc_pax, None, 0.8, 3559.25, 21, 1, smm_btc, 155024767532, True
btc_pax, None, 0.8, 3562.58, 23, 1, smm_btc, 155024771736, False
btc_pax, None, 0.8, 3559.91, 21, 1, smm_btc, 155024772137, False
btc_pax, None, 0.8, 3559.91, 21, 1, smm_btc, 155024772137, True
btc_pax, None, 0.8, 3562.58, 23, 1, smm_btc, 155024771736, True
btc_pax, None, 0.8, 3559.95, 21, 1, smm_btc, 155024772740, False
btc_pax, None, 0.8, 3562.54, 23, 1, smm_btc, 155024772741, False
btc_pax, None, 0.8, 3559.95, 21, 1, smm_btc, 155024772740, True
btc_pax, None, 0.8, 3559.67, 21, 1, smm_btc, 155024773643, False
btc_pax, None, 0.8, 3559.67, 21, 1, smm_btc, 155024773643, True
btc_pax, None, 0.8, 3559.98, 21, 1, smm_btc, 155024775945, False
btc_pax, None, 0.8, 3559.98, 21, 1, smm_btc, 155024775945, True
btc_pax, None, 0.8, 3562.54, 23, 1, smm_btc, 155024772741, True
btc_pax, None, 0.8, 3559.95, 21, 1, smm_btc, 155024777248, False
btc_pax, None, 0.8, 3562.57, 23, 1, smm_btc, 155024777249, False
btc_pax, None, 0.8, 3559.95, 21, 1, smm_btc, 155024777248, True
btc_pax, None, 0.8, 3562.57, 23, 1, smm_btc, 155024777249, True
btc_pax, None, 0.8, 3550.61, 21, 1, smm_btc, 155024778552, False
btc_pax, None, 0.8, 3570.36, 23, 1, smm_btc, 155024778553, False
btc_pax, None, 0.8, 3550.61, 21, 1, smm_btc, 155024778552, True
btc_pax, None, 0.8, 3570.36, 23, 1, smm_btc, 155024778553, True
btc_pax, None, 0.8, 3560.16, 21, 1, smm_btc, 155024779456, False
btc_pax, None, 0.8, 3562.54, 23, 1, smm_btc, 155024779457, False
btc_pax, None, 0.8, 3560.16, 21, 1, smm_btc, 155024779456, True
btc_pax, None, 0.8, 3557.62, 21, 1, smm_btc, 155024780059, False
btc_pax, None, 0.8, 3557.62, 21, 1, smm_btc, 155024780059, True
btc_pax, None, 0.8, 3557.63, 21, 1, smm_btc, 155024781261, False
btc_pax, None, 0.8, 3557.63, 21, 1, smm_btc, 155024781261, True
btc_pax, None, 0.8, 3557.64, 21, 1, smm_btc, 155024784363, False
btc_pax, None, 0.8, 3562.54, 23, 1, smm_btc, 155024779457, True
btc_pax, None, 0.8, 3557.64, 21, 1, smm_btc, 155024784363, True
btc_pax, None, 0.8, 3562.56, 23, 1, smm_btc, 155024784866, False
btc_pax, None, 0.8, 3557.61, 21, 1, smm_btc, 155024785667, False
btc_pax, None, 0.8, 3562.56, 23, 1, smm_btc, 155024784866, True
btc_pax, None, 0.8, 3562.54, 23, 1, smm_btc, 155024785969, False
btc_pax, None, 0.8, 3557.61, 21, 1, smm_btc, 155024785667, True
btc_pax, None, 0.8, 3557.62, 21, 1, smm_btc, 155024787571, False
btc_pax, None, 0.8, 3557.62, 21, 1, smm_btc, 155024787571, True
btc_pax, None, 0.8, 3557.63, 21, 1, smm_btc, 155024789473, False
btc_pax, None, 0.8, 3557.63, 21, 1, smm_btc, 155024789473, True
btc_pax, None, 0.8, 3557.61, 21, 1, smm_btc, 155024790675, False
btc_pax, None, 0.8, 3557.61, 21, 1, smm_btc, 155024790675, True
btc_pax, None, 0.8, 3562.54, 23, 1, smm_btc, 155024785969, True
btc_pax, None, 0.8, 3550.61, 21, 1, smm_btc, 155024792778, False
btc_pax, None, 0.8, 3569.08, 23, 1, smm_btc, 155024792779, False
btc_pax, None, 0.8, 3569.08, 23, 1, smm_btc, 155024792779, True
btc_pax, None, 0.8, 3561.49, 23, 1, smm_btc, 155024793381, False
btc_pax, None, 0.8, 3550.61, 21, 1, smm_btc, 155024792778, True
btc_pax, None, 0.8, 3557.61, 21, 1, smm_btc, 155024794383, False
btc_pax, None, 0.8, 3557.61, 21, 1, smm_btc, 155024794383, True
btc_pax, None, 0.8, 3557.61, 21, 1, smm_btc, 155024795885, False
btc_pax, None, 0.8, 3557.61, 21, 1, smm_btc, 155024795885, True
btc_pax, None, 0.8, 3557.62, 21, 1, smm_btc, 155024797287, False
btc_pax, None, 0.8, 3557.62, 21, 1, smm_btc, 155024797287, True
btc_pax, None, 0.8, 3557.61, 21, 1, smm_btc, 155024798089, False
btc_pax, None, 0.8, 3557.61, 21, 1, smm_btc, 155024798089, True
btc_pax, None, 0.8, 3557.62, 21, 1, smm_btc, 155024801991, False
btc_pax, None, 0.8, 3557.62, 21, 1, smm_btc, 155024801991, True
btc_pax, None, 0.8, 3558.2, 21, 1, smm_btc, 155024802593, False
btc_pax, None, 0.8, 3558.2, 21, 1, smm_btc, 155024802593, True
btc_pax, None, 0.8, 3557.61, 21, 1, smm_btc, 155024805795, False
btc_pax, None, 0.8, 3557.61, 21, 1, smm_btc, 155024805795, True
btc_pax, None, 0.8, 3557.61, 21, 1, smm_btc, 155024808097, False
btc_pax, None, 0.8, 3561.49, 23, 1, smm_btc, 155024793381, True
btc_pax, None, 0.8, 3563.59, 23, 1, smm_btc, 155024810399, False
btc_pax, None, 0.8, 3557.61, 21, 1, smm_btc, 155024808097, True
btc_pax, None, 0.8, 3557.62, 21, 1, smm_btc, 155024811601, False
btc_pax, None, 0.8, 3557.62, 21, 1, smm_btc, 155024811601, True
btc_pax, None, 0.8, 3551.13, 21, 1, smm_btc, 155024812503, False
btc_pax, None, 0.8, 3563.59, 23, 1, smm_btc, 155024810399, True
btc_pax, None, 0.8, 3551.13, 21, 1, smm_btc, 155024812503, True
btc_pax, None, 0.8, 3569.26, 23, 1, smm_btc, 155024812806, False
btc_pax, None, 0.8, 3551.83, 21, 1, smm_btc, 155024813107, False
btc_pax, None, 0.8, 3569.26, 23, 1, smm_btc, 155024812806, True
btc_pax, None, 0.8, 3551.83, 21, 1, smm_btc, 155024813107, True
btc_pax, None, 0.8, 3558.68, 21, 1, smm_btc, 155024813810, False
btc_pax, None, 0.8, 3558.68, 21, 1, smm_btc, 155024813810, True
btc_pax, None, 0.8, 3569.32, 23, 1, smm_btc, 155024814512, False
btc_pax, None, 0.8, 3551.13, 21, 1, smm_btc, 155024814813, False
btc_pax, None, 0.8, 3569.32, 23, 1, smm_btc, 155024814512, True
btc_pax, None, 0.8, 3551.13, 21, 1, smm_btc, 155024814813, True
btc_pax, None, 0.8, 3572.04, 23, 1, smm_btc, 155024815216, False
btc_pax, None, 0.8, 3560.03, 21, 1, smm_btc, 155024815517, False
btc_pax, None, 0.8, 3572.04, 23, 1, smm_btc, 155024815216, True
btc_pax, None, 0.8, 3563.62, 23, 1, smm_btc, 155024815819, False
btc_pax, None, 0.8, 3560.03, 21, 1, smm_btc, 155024815517, True
btc_pax, None, 0.8, 3563.62, 23, 1, smm_btc, 155024815819, True
btc_pax, None, 0.8, 3553.1, 21, 1, smm_btc, 155024816722, False
btc_pax, None, 0.8, 3573.83, 23, 1, smm_btc, 155024816723, False
btc_pax, None, 0.8, 3573.83, 23, 1, smm_btc, 155024816723, True
btc_pax, None, 0.8, 3573.97, 23, 1, smm_btc, 155024817325, False
btc_pax, None, 0.8, 3553.1, 21, 1, smm_btc, 155024816722, True
btc_pax, None, 0.8, 3561.31, 21, 1, smm_btc, 155024817927, False
btc_pax, None, 0.8, 3573.97, 23, 1, smm_btc, 155024817325, True
btc_pax, None, 0.8, 3561.31, 21, 1, smm_btc, 155024817927, True
btc_pax, None, 0.8, 3563.62, 23, 1, smm_btc, 155024818230, False
btc_pax, None, 0.8, 3561.35, 21, 1, smm_btc, 155024818631, False
btc_pax, None, 0.8, 3563.62, 23, 1, smm_btc, 155024818230, True
btc_pax, None, 0.8, 3563.59, 23, 1, smm_btc, 155024819033, False
btc_pax, None, 0.8, 3561.35, 21, 1, smm_btc, 155024818631, True
btc_pax, None, 0.8, 3561.87, 21, 1, smm_btc, 155024819935, False
btc_pax, None, 0.8, 3561.87, 21, 1, smm_btc, 155024819935, True
btc_pax, None, 0.8, 3560.15, 21, 1, smm_btc, 155024820837, False
btc_pax, None, 0.8, 3563.59, 23, 1, smm_btc, 155024819033, True
btc_pax, None, 0.8, 3563.62, 23, 1, smm_btc, 155024821139, False
btc_pax, None, 0.8, 3560.15, 21, 1, smm_btc, 155024820837, True
btc_pax, None, 0.8, 3563.62, 23, 1, smm_btc, 155024821139, True
btc_pax, None, 0.8, 3563.59, 23, 1, smm_btc, 155024822142, False
btc_pax, None, 0.8, 3560.18, 21, 1, smm_btc, 155024822443, False
btc_pax, None, 0.8, 3560.18, 21, 1, smm_btc, 155024822443, True
btc_pax, None, 0.8, 3563.59, 23, 1, smm_btc, 155024822142, True
btc_pax, None, 0.8, 3560.16, 21, 1, smm_btc, 155024824246, False
btc_pax, None, 0.8, 3563.62, 23, 1, smm_btc, 155024824247, False
btc_pax, None, 0.8, 3560.16, 21, 1, smm_btc, 155024824246, True
btc_pax, None, 0.8, 3563.62, 23, 1, smm_btc, 155024824247, True
btc_pax, None, 0.8, 3560.19, 21, 1, smm_btc, 155024825050, False
btc_pax, None, 0.8, 3563.59, 23, 1, smm_btc, 155024825051, False
btc_pax, None, 0.8, 3563.59, 23, 1, smm_btc, 155024825051, True
btc_pax, None, 0.8, 3563.6, 23, 1, smm_btc, 155024826253, False
btc_pax, None, 0.8, 3563.6, 23, 1, smm_btc, 155024826253, True
btc_pax, None, 0.8, 3560.19, 21, 1, smm_btc, 155024825050, True
btc_pax, None, 0.8, 3563.58, 23, 1, smm_btc, 155024826856, False
btc_pax, None, 0.8, 3558.58, 21, 1, smm_btc, 155024827857, False
btc_pax, None, 0.8, 3558.58, 21, 1, smm_btc, 155024827857, True
btc_pax, None, 0.8, 3563.58, 23, 1, smm_btc, 155024826856, True
btc_pax, None, 0.8, 3559.17, 21, 1, smm_btc, 155024828860, False
btc_pax, None, 0.8, 3562.71, 23, 1, smm_btc, 155024828961, False
btc_pax, None, 0.8, 3562.71, 23, 1, smm_btc, 155024828961, True
btc_pax, None, 0.8, 3559.17, 21, 1, smm_btc, 155024828860, True
btc_pax, None, 0.8, 3563.56, 23, 1, smm_btc, 155024830364, False
btc_pax, None, 0.8, 3559.15, 21, 1, smm_btc, 155024830665, False
btc_pax, None, 0.8, 3559.15, 21, 1, smm_btc, 155024830665, True
btc_pax, None, 0.8, 3563.56, 23, 1, smm_btc, 155024830364, True
btc_pax, None, 0.8, 3552.41, 21, 1, smm_btc, 155024831268, False
btc_pax, None, 0.8, 3570.54, 23, 1, smm_btc, 155024831269, False
btc_pax, None, 0.8, 3552.41, 21, 1, smm_btc, 155024831268, True
btc_pax, None, 0.8, 3570.54, 23, 1, smm_btc, 155024831269, True
btc_pax, None, 0.8, 3559.18, 21, 1, smm_btc, 155024831872, False
btc_pax, None, 0.8, 3559.18, 21, 1, smm_btc, 155024831872, True
btc_pax, None, 0.8, 3570.56, 23, 1, smm_btc, 155024832274, False
btc_pax, None, 0.8, 3559.18, 21, 1, smm_btc, 155024832475, False
btc_pax, None, 0.8, 3570.56, 23, 1, smm_btc, 155024832274, True
btc_pax, None, 0.8, 3559.18, 21, 1, smm_btc, 155024832475, True
btc_pax, None, 0.8, 3570.56, 23, 1, smm_btc, 155024832878, False
btc_pax, None, 0.8, 3559.19, 21, 1, smm_btc, 155024833179, False
btc_pax, None, 0.8, 3570.56, 23, 1, smm_btc, 155024832878, True
btc_pax, None, 0.8, 3563.53, 23, 1, smm_btc, 155024833781, False
btc_pax, None, 0.8, 3559.19, 21, 1, smm_btc, 155024833179, True
btc_pax, None, 0.8, 3559.2, 21, 1, smm_btc, 155024835783, False
btc_pax, None, 0.8, 3559.2, 21, 1, smm_btc, 155024835783, True
btc_pax, None, 0.8, 3559.21, 21, 1, smm_btc, 155024838685, False
btc_pax, None, 0.8, 3559.21, 21, 1, smm_btc, 155024838685, True
btc_pax, None, 0.8, 3559.21, 21, 1, smm_btc, 155024839987, False
btc_pax, None, 0.8, 3559.21, 21, 1, smm_btc, 155024839987, True
btc_pax, None, 0.8, 3563.53, 23, 1, smm_btc, 155024833781, True
btc_pax, None, 0.8, 3560.31, 21, 1, smm_btc, 155024841290, False
btc_pax, None, 0.8, 3563.62, 23, 1, smm_btc, 155024841291, False
btc_pax, None, 0.8, 3560.31, 21, 1, smm_btc, 155024841290, True
btc_pax, None, 0.8, 3563.62, 23, 1, smm_btc, 155024841291, True
btc_pax, None, 0.8, 3560.35, 21, 1, smm_btc, 155024842294, False
btc_pax, None, 0.8, 3563.59, 23, 1, smm_btc, 155024842295, False
btc_pax, None, 0.8, 3560.35, 21, 1, smm_btc, 155024842294, True
btc_pax, None, 0.8, 3560.36, 21, 1, smm_btc, 155024845597, False
btc_pax, None, 0.8, 3560.36, 21, 1, smm_btc, 155024845597, True
btc_pax, None, 0.8, 3558.39, 21, 1, smm_btc, 155024847199, False
btc_pax, None, 0.8, 3558.39, 21, 1, smm_btc, 155024847199, True
btc_pax, None, 0.8, 3558.4, 21, 1, smm_btc, 155024849701, False
btc_pax, None, 0.8, 3563.59, 23, 1, smm_btc, 155024842295, True
btc_pax, None, 0.8, 3558.4, 21, 1, smm_btc, 155024849701, True
btc_pax, None, 0.8, 3563.12, 23, 1, smm_btc, 155024850404, False
btc_pax, None, 0.8, 3558.37, 21, 1, smm_btc, 155024851705, False
btc_pax, None, 0.8, 3563.12, 23, 1, smm_btc, 155024850404, True
btc_pax, None, 0.8, 3563.11, 23, 1, smm_btc, 155024852507, False
btc_pax, None, 0.8, 3558.37, 21, 1, smm_btc, 155024851705, True
btc_pax, None, 0.8, 3563.11, 23, 1, smm_btc, 155024852507, True
btc_pax, None, 0.8, 3558.4, 21, 1, smm_btc, 155024854210, False
btc_pax, None, 0.8, 3563.08, 23, 1, smm_btc, 155024854311, False
btc_pax, None, 0.8, 3558.4, 21, 1, smm_btc, 155024854210, True
btc_pax, None, 0.8, 3558.41, 21, 1, smm_btc, 155024855113, False
btc_pax, None, 0.8, 3558.41, 21, 1, smm_btc, 155024855113, True
btc_pax, None, 0.8, 3563.08, 23, 1, smm_btc, 155024854311, True
btc_pax, None, 0.8, 3558.39, 21, 1, smm_btc, 155024858516, False
btc_pax, None, 0.8, 3563.11, 23, 1, smm_btc, 155024858517, False
btc_pax, None, 0.8, 3558.39, 21, 1, smm_btc, 155024858516, True
btc_pax, None, 0.8, 3560.17, 21, 1, smm_btc, 155024859219, False
btc_pax, None, 0.8, 3560.17, 21, 1, smm_btc, 155024859219, True
btc_pax, None, 0.8, 3563.11, 23, 1, smm_btc, 155024858517, True
btc_pax, None, 0.8, 3558.42, 21, 1, smm_btc, 155024860222, False
btc_pax, None, 0.8, 3563.08, 23, 1, smm_btc, 155024860223, False
btc_pax, None, 0.8, 3558.42, 21, 1, smm_btc, 155024860222, True
btc_pax, None, 0.8, 3563.08, 23, 1, smm_btc, 155024860223, True
btc_pax, None, 0.8, 3558.43, 21, 1, smm_btc, 155024860826, False
btc_pax, None, 0.654519, 3563.59, 23, 1, smm_btc, 155024860827, False
btc_pax, None, 0.8, 3558.43, 21, 1, smm_btc, 155024860826, True
btc_pax, None, 0.654519, 3563.59, 23, 1, smm_btc, 155024860827, True
btc_pax, None, 0.8, 3559.37, 21, 1, smm_btc, 155024863530, False
btc_pax, None, 0.654519, 3564.05, 23, 1, smm_btc, 155024863631, False
btc_pax, None, 0.8, 3559.37, 21, 1, smm_btc, 155024863530, True
btc_pax, None, 0.8, 3560.69, 21, 1, smm_btc, 155024866333, False
btc_pax, None, 0.8, 3560.69, 21, 1, smm_btc, 155024866333, True
btc_pax, None, 0.8, 3559.38, 21, 1, smm_btc, 155024867735, False
btc_pax, None, 0.8, 3559.38, 21, 1, smm_btc, 155024867735, True
btc_pax, None, 0.8, 3559.39, 21, 1, smm_btc, 155024868337, False
btc_pax, None, 0.8, 3559.39, 21, 1, smm_btc, 155024868337, True
btc_pax, None, 0.8, 3560.73, 21, 1, smm_btc, 155024870639, False
btc_pax, None, 0.8, 3560.73, 21, 1, smm_btc, 155024870639, True
btc_pax, None, 0.8, 3559.4, 21, 1, smm_btc, 155024872241, False
btc_pax, None, 0.654519, 3564.05, 23, 1, smm_btc, 155024863631, True
btc_pax, None, 0.654519, 3564.08, 23, 1, smm_btc, 155024872843, False
btc_pax, None, 0.8, 3559.4, 21, 1, smm_btc, 155024872241, True
btc_pax, None, 0.654519, 3564.08, 23, 1, smm_btc, 155024872843, True
btc_pax, None, 0.8, 3559.37, 21, 1, smm_btc, 155024873746, False
btc_pax, None, 0.654519, 3564.08, 23, 1, smm_btc, 155024873747, False
btc_pax, None, 0.8, 3559.37, 21, 1, smm_btc, 155024873746, True
btc_pax, None, 0.8, 3559.4, 21, 1, smm_btc, 155024875549, False
btc_pax, None, 0.654519, 3564.08, 23, 1, smm_btc, 155024873747, True
btc_pax, None, 0.654519, 3564.05, 23, 1, smm_btc, 155024875951, False
btc_pax, None, 0.8, 3559.4, 21, 1, smm_btc, 155024875549, True
btc_pax, None, 0.654519, 3564.05, 23, 1, smm_btc, 155024875951, True
btc_pax, None, 0.8, 3559.58, 21, 1, smm_btc, 155024876554, False
btc_pax, None, 0.654519, 3564.22, 23, 1, smm_btc, 155024876555, False
btc_pax, None, 0.654519, 3564.22, 23, 1, smm_btc, 155024876555, True
btc_pax, None, 0.654519, 3565.39, 23, 1, smm_btc, 155024878257, False
btc_pax, None, 0.8, 3559.58, 21, 1, smm_btc, 155024876554, True
btc_pax, None, 0.654519, 3565.39, 23, 1, smm_btc, 155024878257, True
btc_pax, None, 0.8, 3559.58, 21, 1, smm_btc, 155024878860, False
btc_pax, None, 0.654519, 3564.21, 23, 1, smm_btc, 155024878861, False
btc_pax, None, 0.8, 3559.58, 21, 1, smm_btc, 155024878860, True
btc_pax, None, 0.654519, 3564.21, 23, 1, smm_btc, 155024878861, True
btc_pax, None, 0.8, 3559.61, 21, 1, smm_btc, 155024879964, False
btc_pax, None, 0.654519, 3564.18, 23, 1, smm_btc, 155024879965, False
btc_pax, None, 0.8, 3559.61, 21, 1, smm_btc, 155024879964, True
btc_pax, None, 0.8, 3553.14, 21, 1, smm_btc, 155024880867, False
btc_pax, None, 0.654519, 3564.18, 23, 1, smm_btc, 155024879965, True
btc_pax, None, 0.8, 3553.14, 21, 1, smm_btc, 155024880867, True
btc_pax, None, 0.654519, 3572.81, 23, 1, smm_btc, 155024881170, False
btc_pax, None, 0.8, 3553.19, 21, 1, smm_btc, 155024881471, False
btc_pax, None, 0.654519, 3572.81, 23, 1, smm_btc, 155024881170, True
btc_pax, None, 0.654519, 3572.81, 23, 1, smm_btc, 155024881773, False
btc_pax, None, 0.654519, 3572.81, 23, 1, smm_btc, 155024881773, True
btc_pax, None, 0.654519, 3571.75, 23, 1, smm_btc, 155024882375, False
btc_pax, None, 0.8, 3553.19, 21, 1, smm_btc, 155024881471, True
btc_pax, None, 0.654519, 3571.75, 23, 1, smm_btc, 155024882375, True
btc_pax, None, 0.8, 3559.62, 21, 1, smm_btc, 155024883178, False
btc_pax, None, 0.654519, 3562.75, 23, 1, smm_btc, 155024883179, False
btc_pax, None, 0.8, 3559.62, 21, 1, smm_btc, 155024883178, True
btc_pax, None, 0.8, 3559.63, 21, 1, smm_btc, 155024884481, False
btc_pax, None, 0.654519, 3562.75, 23, 1, smm_btc, 155024883179, True
btc_pax, None, 0.654519, 3562.75, 23, 1, smm_btc, 155024886283, False
btc_pax, None, 0.8, 3559.63, 21, 1, smm_btc, 155024884481, True
btc_pax, None, 0.8, 3561.47, 21, 1, smm_btc, 155024887285, False
btc_pax, None, 0.654519, 3562.75, 23, 1, smm_btc, 155024886283, True
btc_pax, None, 0.8, 3561.47, 21, 1, smm_btc, 155024887285, True
btc_pax, None, 0.654519, 3562.78, 23, 1, smm_btc, 155024888188, False
btc_pax, None, 0.8, 3561.47, 21, 1, smm_btc, 155024888489, False
btc_pax, None, 0.654519, 3562.78, 23, 1, smm_btc, 155024888188, True
btc_pax, None, 0.654519, 3562.75, 23, 1, smm_btc, 155024889091, False
btc_pax, None, 0.8, 3561.47, 21, 1, smm_btc, 155024888489, True
btc_pax, None, 0.654519, 3562.75, 23, 1, smm_btc, 155024889091, True
btc_pax, None, 0.8, 3561.44, 21, 1, smm_btc, 155024889994, False
btc_pax, None, 0.8, 3561.44, 21, 1, smm_btc, 155024889994, True
btc_pax, None, 0.8, 3552.48, 21, 1, smm_btc, 155024890996, False
btc_pax, None, 0.654519, 3571.91, 23, 1, smm_btc, 155024890997, False
btc_pax, None, 0.654519, 3571.91, 23, 1, smm_btc, 155024890997, True
btc_pax, None, 0.8, 3552.48, 21, 1, smm_btc, 155024890996, True
btc_pax, None, 0.8, 3561.47, 21, 1, smm_btc, 155024892000, False
btc_pax, None, 0.654519, 3562.61, 23, 1, smm_btc, 155024892001, False
btc_pax, None, 0.8, 3561.47, 21, 1, smm_btc, 155024892000, True
btc_pax, None, 0.654519, 3562.61, 23, 1, smm_btc, 155024892001, True
btc_pax, None, 0.8, 3561.44, 21, 1, smm_btc, 155024893004, False
btc_pax, None, 0.654519, 3564.21, 23, 1, smm_btc, 155024893005, False
btc_pax, None, 0.8, 3561.44, 21, 1, smm_btc, 155024893004, True
btc_pax, None, 0.654519, 3564.21, 23, 1, smm_btc, 155024893005, True
btc_pax, None, 0.8, 3561.47, 21, 1, smm_btc, 155024895708, False
btc_pax, None, 0.654519, 3564.18, 23, 1, smm_btc, 155024895709, False
btc_pax, None, 0.8, 3561.47, 21, 1, smm_btc, 155024895708, True
btc_pax, None, 0.8, 3561.44, 21, 1, smm_btc, 155024897611, False
btc_pax, None, 0.8, 3561.44, 21, 1, smm_btc, 155024897611, True
btc_pax, None, 0.654519, 3564.18, 23, 1, smm_btc, 155024895709, True
btc_pax, None, 0.8, 3562.57, 21, 1, smm_btc, 155024898314, False
btc_pax, None, 0.8, 3562.57, 21, 1, smm_btc, 155024898314, True
btc_pax, None, 0.654519, 3564.2, 23, 1, smm_btc, 155024898916, False
btc_pax, None, 0.8, 3562.6, 21, 1, smm_btc, 155024899417, False
btc_pax, None, 0.8, 3562.6, 21, 1, smm_btc, 155024899417, True
btc_pax, None, 0.654519, 3564.2, 23, 1, smm_btc, 155024898916, True
btc_pax, None, 0.739696, 3561.44, 21, 1, smm_btc, 155024900220, False
btc_pax, None, 0.654519, 3563.13, 23, 1, smm_btc, 155024900721, False
btc_pax, None, 0.739696, 3561.44, 21, 1, smm_btc, 155024900220, True
btc_pax, None, 0.654519, 3563.13, 23, 1, smm_btc, 155024900721, True
btc_pax, None, 0.739696, 3561.47, 21, 1, smm_btc, 155024903824, False
btc_pax, None, 0.654519, 3563.1, 23, 1, smm_btc, 155024903825, False
btc_pax, None, 0.654519, 3563.1, 23, 1, smm_btc, 155024903825, True
btc_pax, None, 0.654519, 3563.12, 23, 1, smm_btc, 155024907227, False
btc_pax, None, 0.739696, 3561.47, 21, 1, smm_btc, 155024903824, True
btc_pax, None, 0.654519, 3563.12, 23, 1, smm_btc, 155024907227, True
btc_pax, None, 0.739696, 3561.44, 21, 1, smm_btc, 155024907830, False
btc_pax, None, 0.654519, 3562.87, 23, 1, smm_btc, 155024908131, False
btc_pax, None, 0.739696, 3561.44, 21, 1, smm_btc, 155024907830, True
btc_pax, None, 0.654519, 3562.87, 23, 1, smm_btc, 155024908131, True
btc_pax, None, 0.739696, 3561.47, 21, 1, smm_btc, 155024908834, False
btc_pax, None, 0.654519, 3562.84, 23, 1, smm_btc, 155024908835, False
btc_pax, None, 0.739696, 3561.47, 21, 1, smm_btc, 155024908834, True
btc_pax, None, 0.654519, 3562.84, 23, 1, smm_btc, 155024908835, True
btc_pax, None, 0.739696, 3561.44, 21, 1, smm_btc, 155024911838, False
btc_pax, None, 0.654519, 3562.87, 23, 1, smm_btc, 155024912339, False
btc_pax, None, 0.739696, 3561.44, 21, 1, smm_btc, 155024911838, True
btc_pax, None, 0.654519, 3562.87, 23, 1, smm_btc, 155024912339, True
btc_pax, None, 0.739696, 3561.47, 21, 1, smm_btc, 155024913342, False
btc_pax, None, 0.654519, 3562.84, 23, 1, smm_btc, 155024913343, False
btc_pax, None, 0.654519, 3562.84, 23, 1, smm_btc, 155024913343, True
btc_pax, None, 0.654519, 3562.86, 23, 1, smm_btc, 155024916345, False
btc_pax, None, 0.654519, 3562.86, 23, 1, smm_btc, 155024916345, True
btc_pax, None, 0.654519, 3562.76, 23, 1, smm_btc, 155024917847, False
btc_pax, None, 0.739696, 3561.47, 21, 1, smm_btc, 155024913342, True
btc_pax, None, 0.654519, 3562.76, 23, 1, smm_btc, 155024917847, True
btc_pax, None, 0.739696, 3561.44, 21, 1, smm_btc, 155024918950, False
btc_pax, None, 0.654519, 3562.79, 23, 1, smm_btc, 155024918951, False
btc_pax, None, 0.739696, 3561.44, 21, 1, smm_btc, 155024918950, True
btc_pax, None, 0.654519, 3562.79, 23, 1, smm_btc, 155024918951, True
btc_pax, None, 0.739696, 3561.44, 21, 1, smm_btc, 155024921454, False
btc_pax, None, 0.739696, 3561.44, 21, 1, smm_btc, 155024921454, True
btc_pax, None, 0.739696, 3561.47, 21, 1, smm_btc, 155024922056, False
btc_pax, None, 0.654519, 3562.76, 23, 1, smm_btc, 155024922057, False
btc_pax, None, 0.654519, 3562.76, 23, 1, smm_btc, 155024922057, True
btc_pax, None, 0.654519, 3562.78, 23, 1, smm_btc, 155024923959, False
btc_pax, None, 0.654519, 3562.78, 23, 1, smm_btc, 155024923959, True
btc_pax, None, 0.654519, 3562.76, 23, 1, smm_btc, 155024926161, False
btc_pax, None, 0.654519, 3562.76, 23, 1, smm_btc, 155024926161, True
btc_pax, None, 0.654519, 3562.88, 23, 1, smm_btc, 155024932063, False
btc_pax, None, 0.739696, 3561.47, 21, 1, smm_btc, 155024922056, True
btc_pax, None, 0.654519, 3562.88, 23, 1, smm_btc, 155024932063, True
btc_pax, None, 0.739696, 3561.44, 21, 1, smm_btc, 155024933266, False
btc_pax, None, 0.654519, 3562.91, 23, 1, smm_btc, 155024933367, False
btc_pax, None, 0.739696, 3561.44, 21, 1, smm_btc, 155024933266, True
btc_pax, None, 0.739696, 3563.83, 21, 1, smm_btc, 155024934269, False
btc_pax, None, 0.8, 3573.38, 23, 1, smm_btc, 155024934370, False
btc_pax, None, 0.8, 3573.38, 23, 1, smm_btc, 155024934370, True
btc_pax, None, 0.8, 3572.59, 23, 1, smm_btc, 155024935072, False
btc_pax, None, 0.8, 3572.59, 23, 1, smm_btc, 155024935072, True
btc_pax, None, 0.8, 3572.59, 23, 1, smm_btc, 155024936674, False
btc_pax, None, 0.8, 3572.59, 23, 1, smm_btc, 155024936674, True
btc_pax, None, 0.8, 3572.59, 23, 1, smm_btc, 155024937276, False
btc_pax, None, 0.8, 3572.59, 23, 1, smm_btc, 155024937276, True
btc_pax, None, 0.8, 3573.98, 23, 1, smm_btc, 155024938378, False
btc_pax, None, 0.8, 3573.98, 23, 1, smm_btc, 155024938378, True
btc_pax, None, 0.8, 3573.98, 23, 1, smm_btc, 155024938980, False
btc_pax, None, 0.8, 3573.98, 23, 1, smm_btc, 155024938980, True
btc_pax, None, 0.8, 3575.0, 23, 1, smm_btc, 155024939982, False
btc_pax, None, 0.8, 3575.0, 23, 1, smm_btc, 155024939982, True
btc_pax, None, 0.8, 3574.45, 23, 1, smm_btc, 155024940584, False
btc_pax, None, 0.8, 3574.45, 23, 1, smm_btc, 155024940584, True
btc_pax, None, 0.8, 3573.98, 23, 1, smm_btc, 155024942486, False
btc_pax, None, 0.8, 3573.98, 23, 1, smm_btc, 155024942486, True
btc_pax, None, 0.8, 3573.98, 23, 1, smm_btc, 155024943388, False
btc_pax, None, 0.8, 3573.98, 23, 1, smm_btc, 155024943388, True
btc_pax, None, 0.8, 3573.95, 23, 1, smm_btc, 155024945490, False
btc_pax, None, 0.8, 3573.95, 23, 1, smm_btc, 155024945490, True
btc_pax, None, 0.8, 3573.95, 23, 1, smm_btc, 155024946692, False
btc_pax, None, 0.8, 3573.95, 23, 1, smm_btc, 155024946692, True
btc_pax, None, 0.8, 3573.98, 23, 1, smm_btc, 155024947694, False
btc_pax, None, 0.8, 3573.98, 23, 1, smm_btc, 155024947694, True
btc_pax, None, 0.8, 3572.9, 23, 1, smm_btc, 155024948996, False
btc_pax, None, 0.8, 3572.9, 23, 1, smm_btc, 155024948996, True
btc_pax, None, 0.8, 3572.9, 23, 1, smm_btc, 155024949998, False
btc_pax, None, 0.8, 3572.9, 23, 1, smm_btc, 155024949998, True
btc_pax, None, 0.8, 3572.9, 23, 1, smm_btc, 155024950900, False
btc_pax, None, 0.8, 3572.9, 23, 1, smm_btc, 155024950900, True
btc_pax, None, 0.8, 3573.38, 23, 1, smm_btc, 155024952502, False
btc_pax, None, 0.8, 3573.38, 23, 1, smm_btc, 155024952502, True
btc_pax, None, 0.8, 3572.88, 23, 1, smm_btc, 155024953404, False
btc_pax, None, 0.8, 3572.88, 23, 1, smm_btc, 155024953404, True
btc_pax, None, 0.8, 3561.49, 21, 1, smm_btc, 155024954006, False
btc_pax, None, 0.8, 3564.43, 23, 1, smm_btc, 155024954007, False
btc_pax, None, 0.8, 3561.49, 21, 1, smm_btc, 155024954006, True
btc_pax, None, 0.8, 3561.51, 21, 1, smm_btc, 155024962009, False
btc_pax, None, 0.8, 3561.51, 21, 1, smm_btc, 155024962009, True
btc_pax, None, 0.8, 3561.52, 21, 1, smm_btc, 155024964211, False
btc_pax, None, 0.8, 3564.43, 23, 1, smm_btc, 155024954007, True
btc_pax, None, 0.8, 3564.85, 23, 1, smm_btc, 155024965513, False
btc_pax, None, 0.8, 3561.52, 21, 1, smm_btc, 155024964211, True
btc_pax, None, 0.8, 3564.85, 23, 1, smm_btc, 155024965513, True
btc_pax, None, 0.8, 3561.49, 21, 1, smm_btc, 155024968316, False
btc_pax, None, 0.8, 3564.38, 23, 1, smm_btc, 155024968317, False
btc_pax, None, 0.8, 3564.38, 23, 1, smm_btc, 155024968317, True
btc_pax, None, 0.8, 3564.36, 23, 1, smm_btc, 155024969019, False
btc_pax, None, 0.8, 3564.36, 23, 1, smm_btc, 155024969019, True
btc_pax, None, 0.8, 3563.98, 23, 1, smm_btc, 155024975721, False
btc_pax, None, 0.8, 3561.49, 21, 1, smm_btc, 155024968316, True
btc_pax, None, 0.8, 3563.98, 23, 1, smm_btc, 155024975721, True
btc_pax, None, 0.8, 3553.64, 21, 1, smm_btc, 155024996324, False
btc_pax, None, 0.8, 3570.33, 23, 1, smm_btc, 155024996325, False
btc_pax, None, 0.8, 3570.33, 23, 1, smm_btc, 155024996325, True
btc_pax, None, 0.8, 3563.98, 23, 1, smm_btc, 155024997227, False
btc_pax, None, 0.8, 3553.64, 21, 1, smm_btc, 155024996324, True
btc_pax, None, 0.8, 3561.47, 21, 1, smm_btc, 155024999229, False
btc_pax, None, 0.8, 3561.47, 21, 1, smm_btc, 155024999229, True
btc_pax, None, 0.8, 3563.98, 23, 1, smm_btc, 155024997227, True
btc_pax, None, 0.8, 3562.13, 21, 1, smm_btc, 155025000632, False
btc_pax, None, 0.8, 3564.85, 23, 1, smm_btc, 155025000633, False
btc_pax, None, 0.8, 3562.13, 21, 1, smm_btc, 155025000632, True
btc_pax, None, 0.8, 3562.36, 21, 1, smm_btc, 155025004235, False
btc_pax, None, 0.8, 3572.9, 23, 1, smm_btc, 155025004236, False
btc_pax, None, 0.8, 3562.36, 21, 1, smm_btc, 155025004235, True
btc_pax, None, 0.8, 3562.41, 21, 1, smm_btc, 155025004938, False
btc_pax, None, 0.8, 3562.41, 21, 1, smm_btc, 155025004938, True
btc_pax, None, 0.8, 3562.56, 21, 1, smm_btc, 155025005540, False
btc_pax, None, 0.8, 3572.9, 23, 1, smm_btc, 155025004236, True
btc_pax, None, 0.8, 3562.56, 21, 1, smm_btc, 155025005540, True
btc_pax, None, 0.8, 3573.41, 23, 1, smm_btc, 155025005843, False
btc_pax, None, 0.8, 3562.81, 21, 1, smm_btc, 155025006144, False
btc_pax, None, 0.8, 3573.41, 23, 1, smm_btc, 155025005843, True
btc_pax, None, 0.8, 3562.81, 21, 1, smm_btc, 155025006144, True
btc_pax, None, 0.8, 3573.23, 23, 1, smm_btc, 155025006447, False
btc_pax, None, 0.8, 3563.2, 21, 1, smm_btc, 155025006748, False
btc_pax, None, 0.8, 3573.23, 23, 1, smm_btc, 155025006447, True
btc_pax, None, 0.8, 3563.2, 21, 1, smm_btc, 155025006748, True
btc_pax, None, 0.8, 3573.38, 23, 1, smm_btc, 155025007051, False
btc_pax, None, 0.8, 3563.67, 21, 1, smm_btc, 155025007352, False
btc_pax, None, 0.8, 3573.38, 23, 1, smm_btc, 155025007051, True
btc_pax, None, 0.8, 3563.67, 21, 1, smm_btc, 155025007352, True
btc_pax, None, 0.8, 3573.38, 23, 1, smm_btc, 155025007655, False
btc_pax, None, 0.8, 3563.75, 21, 1, smm_btc, 155025007956, False
btc_pax, None, 0.8, 3573.38, 23, 1, smm_btc, 155025007655, True
btc_pax, None, 0.8, 3563.75, 21, 1, smm_btc, 155025007956, True
btc_pax, None, 0.8, 3573.42, 23, 1, smm_btc, 155025008259, False
btc_pax, None, 0.8, 3563.89, 21, 1, smm_btc, 155025008560, False
btc_pax, None, 0.8, 3563.89, 21, 1, smm_btc, 155025008560, True
btc_pax, None, 0.8, 3573.42, 23, 1, smm_btc, 155025008259, True
btc_pax, None, 0.8, 3563.91, 21, 1, smm_btc, 155025009763, False
btc_pax, None, 0.8, 3573.38, 23, 1, smm_btc, 155025009764, False
btc_pax, None, 0.8, 3563.91, 21, 1, smm_btc, 155025009763, True
btc_pax, None, 0.8, 3573.38, 23, 1, smm_btc, 155025009764, True
btc_pax, None, 0.8, 3563.82, 21, 1, smm_btc, 155025010367, False
btc_pax, None, 0.8, 3572.97, 23, 1, smm_btc, 155025010368, False
btc_pax, None, 0.8, 3563.82, 21, 1, smm_btc, 155025010367, True
btc_pax, None, 0.8, 3563.8, 21, 1, smm_btc, 155025011070, False
btc_pax, None, 0.8, 3572.97, 23, 1, smm_btc, 155025010368, True
btc_pax, None, 0.8, 3563.8, 21, 1, smm_btc, 155025011070, True
btc_pax, None, 0.8, 3573.23, 23, 1, smm_btc, 155025011373, False
btc_pax, None, 0.8, 3563.86, 21, 1, smm_btc, 155025011674, False
btc_pax, None, 0.8, 3563.86, 21, 1, smm_btc, 155025011674, True
btc_pax, None, 0.8, 3573.23, 23, 1, smm_btc, 155025011373, True
btc_pax, None, 0.8, 3563.67, 21, 1, smm_btc, 155025012377, False
btc_pax, None, 0.8, 3572.97, 23, 1, smm_btc, 155025012378, False
btc_pax, None, 0.8, 3563.67, 21, 1, smm_btc, 155025012377, True
btc_pax, None, 0.8, 3572.97, 23, 1, smm_btc, 155025012378, True
btc_pax, None, 0.8, 3563.76, 21, 1, smm_btc, 155025013181, False
btc_pax, None, 0.8, 3573.23, 23, 1, smm_btc, 155025013182, False
btc_pax, None, 0.8, 3563.76, 21, 1, smm_btc, 155025013181, True
btc_pax, None, 0.8, 3563.87, 21, 1, smm_btc, 155025013784, False
btc_pax, None, 0.8, 3563.87, 21, 1, smm_btc, 155025013784, True
btc_pax, None, 0.8, 3563.89, 21, 1, smm_btc, 155025014786, False
btc_pax, None, 0.8, 3563.89, 21, 1, smm_btc, 155025014786, True
btc_pax, None, 0.8, 3563.69, 21, 1, smm_btc, 155025015488, False
btc_pax, None, 0.8, 3573.23, 23, 1, smm_btc, 155025013182, True
btc_pax, None, 0.8, 3563.69, 21, 1, smm_btc, 155025015488, True
btc_pax, None, 0.8, 3573.98, 23, 1, smm_btc, 155025016091, False
btc_pax, None, 0.8, 3563.71, 21, 1, smm_btc, 155025016392, False
btc_pax, None, 0.8, 3573.98, 23, 1, smm_btc, 155025016091, True
btc_pax, None, 0.8, 3563.71, 21, 1, smm_btc, 155025016392, True
btc_pax, None, 0.8, 3573.98, 23, 1, smm_btc, 155025016695, False
btc_pax, None, 0.8, 3563.73, 21, 1, smm_btc, 155025016996, False
btc_pax, None, 0.8, 3563.73, 21, 1, smm_btc, 155025016996, True
btc_pax, None, 0.8, 3573.98, 23, 1, smm_btc, 155025016695, True
btc_pax, None, 0.8, 3563.74, 21, 1, smm_btc, 155025017599, False
btc_pax, None, 0.8, 3573.23, 23, 1, smm_btc, 155025017500, False
btc_pax, None, 0.8, 3573.23, 23, 1, smm_btc, 155025017500, True
btc_pax, None, 0.8, 3573.23, 23, 1, smm_btc, 155025018402, False
btc_pax, None, 0.8, 3563.74, 21, 1, smm_btc, 155025017599, True
btc_pax, None, 0.8, 3573.23, 23, 1, smm_btc, 155025018402, True
btc_pax, None, 0.8, 3563.71, 21, 1, smm_btc, 155025020305, False
btc_pax, None, 0.8, 3573.38, 23, 1, smm_btc, 155025020306, False
btc_pax, None, 0.8, 3563.71, 21, 1, smm_btc, 155025020305, True
btc_pax, None, 0.76, 3563.74, 21, 1, smm_btc, 155025021108, False
btc_pax, None, 0.76, 3563.74, 21, 1, smm_btc, 155025021108, True
btc_pax, None, 0.8, 3573.38, 23, 1, smm_btc, 155025020306, True
btc_pax, None, 0.76, 3563.79, 21, 1, smm_btc, 155025021711, False
btc_pax, None, 0.8, 3574.14, 23, 1, smm_btc, 155025021712, False
btc_pax, None, 0.76, 3563.79, 21, 1, smm_btc, 155025021711, True
btc_pax, None, 0.8, 3574.14, 23, 1, smm_btc, 155025021712, True
btc_pax, None, 0.76, 3563.91, 21, 1, smm_btc, 155025022315, False
btc_pax, None, 0.8, 3574.14, 23, 1, smm_btc, 155025022316, False
btc_pax, None, 0.76, 3563.91, 21, 1, smm_btc, 155025022315, True
btc_pax, None, 0.76, 3563.99, 21, 1, smm_btc, 155025023018, False
btc_pax, None, 0.76, 3563.99, 21, 1, smm_btc, 155025023018, True
btc_pax, None, 0.76, 3564.2, 21, 1, smm_btc, 155025023620, False
btc_pax, None, 0.76, 3564.2, 21, 1, smm_btc, 155025023620, True
btc_pax, None, 0.8, 3574.14, 23, 1, smm_btc, 155025022316, True
btc_pax, None, 0.76, 3564.43, 21, 1, smm_btc, 155025024323, False
btc_pax, None, 0.8, 3574.69, 23, 1, smm_btc, 155025024324, False
btc_pax, None, 0.76, 3564.43, 21, 1, smm_btc, 155025024323, True
btc_pax, None, 0.8, 3574.69, 23, 1, smm_btc, 155025024324, True
btc_pax, None, 0.76, 3564.66, 21, 1, smm_btc, 155025024927, False
btc_pax, None, 0.8, 3574.14, 23, 1, smm_btc, 155025024928, False
btc_pax, None, 0.76, 3564.66, 21, 1, smm_btc, 155025024927, True
btc_pax, None, 0.8, 3574.14, 23, 1, smm_btc, 155025024928, True
btc_pax, None, 0.76, 3564.69, 21, 1, smm_btc, 155025025531, False
btc_pax, None, 0.8, 3574.14, 23, 1, smm_btc, 155025025532, False
btc_pax, None, 0.76, 3564.69, 21, 1, smm_btc, 155025025531, True
btc_pax, None, 0.8, 3574.14, 23, 1, smm_btc, 155025025532, True
btc_pax, None, 0.76, 3564.71, 21, 1, smm_btc, 155025026635, False
btc_pax, None, 0.8, 3573.98, 23, 1, smm_btc, 155025026636, False
btc_pax, None, 0.76, 3564.71, 21, 1, smm_btc, 155025026635, True
btc_pax, None, 0.8, 3573.98, 23, 1, smm_btc, 155025026636, True
btc_pax, None, 0.76, 3563.77, 21, 1, smm_btc, 155025027839, False
btc_pax, None, 0.8, 3573.98, 23, 1, smm_btc, 155025027840, False
btc_pax, None, 0.76, 3563.77, 21, 1, smm_btc, 155025027839, True
btc_pax, None, 0.76, 3563.97, 21, 1, smm_btc, 155025028642, False
btc_pax, None, 0.76, 3563.97, 21, 1, smm_btc, 155025028642, True
btc_pax, None, 0.76, 3564.09, 21, 1, smm_btc, 155025029244, False
btc_pax, None, 0.76, 3564.09, 21, 1, smm_btc, 155025029244, True
btc_pax, None, 0.76, 3564.14, 21, 1, smm_btc, 155025029946, False
btc_pax, None, 0.76, 3564.14, 21, 1, smm_btc, 155025029946, True
btc_pax, None, 0.8, 3573.98, 23, 1, smm_btc, 155025027840, True
btc_pax, None, 0.76, 3563.93, 21, 1, smm_btc, 155025030549, False
btc_pax, None, 0.8, 3575.11, 23, 1, smm_btc, 155025030550, False
btc_pax, None, 0.76, 3563.93, 21, 1, smm_btc, 155025030549, True
btc_pax, None, 0.8, 3575.11, 23, 1, smm_btc, 155025030550, True
btc_pax, None, 0.76, 3563.95, 21, 1, smm_btc, 155025031253, False
btc_pax, None, 0.8, 3575.11, 23, 1, smm_btc, 155025031254, False
btc_pax, None, 0.76, 3563.95, 21, 1, smm_btc, 155025031253, True
btc_pax, None, 0.8, 3575.11, 23, 1, smm_btc, 155025031254, True
btc_pax, None, 0.76, 3563.97, 21, 1, smm_btc, 155025031857, False
btc_pax, None, 0.8, 3574.79, 23, 1, smm_btc, 155025031858, False
btc_pax, None, 0.76, 3563.97, 21, 1, smm_btc, 155025031857, True
btc_pax, None, 0.76, 3564.01, 21, 1, smm_btc, 155025033860, False
btc_pax, None, 0.76, 3564.01, 21, 1, smm_btc, 155025033860, True
btc_pax, None, 0.8, 3574.79, 23, 1, smm_btc, 155025031858, True
btc_pax, None, 0.76, 3564.15, 21, 1, smm_btc, 155025034463, False
btc_pax, None, 0.8, 3575.14, 23, 1, smm_btc, 155025034464, False
btc_pax, None, 0.76, 3564.15, 21, 1, smm_btc, 155025034463, True
btc_pax, None, 0.8, 3575.14, 23, 1, smm_btc, 155025034464, True
btc_pax, None, 0.76, 3564.19, 21, 1, smm_btc, 155025035067, False
btc_pax, None, 0.8, 3575.29, 23, 1, smm_btc, 155025035168, False
btc_pax, None, 0.76, 3564.19, 21, 1, smm_btc, 155025035067, True
btc_pax, None, 0.76, 3564.21, 21, 1, smm_btc, 155025035970, False
btc_pax, None, 0.8, 3575.29, 23, 1, smm_btc, 155025035168, True
btc_pax, None, 0.76, 3564.21, 21, 1, smm_btc, 155025035970, True
btc_pax, None, 0.8, 3575.29, 23, 1, smm_btc, 155025036573, False
btc_pax, None, 0.76, 3563.92, 21, 1, smm_btc, 155025037374, False
btc_pax, None, 0.76, 3563.92, 21, 1, smm_btc, 155025037374, True
btc_pax, None, 0.8, 3575.29, 23, 1, smm_btc, 155025036573, True
btc_pax, None, 0.76, 3564.08, 21, 1, smm_btc, 155025038177, False
btc_pax, None, 0.8, 3575.29, 23, 1, smm_btc, 155025038178, False
btc_pax, None, 0.76, 3564.08, 21, 1, smm_btc, 155025038177, True
btc_pax, None, 0.8, 3575.29, 23, 1, smm_btc, 155025038178, True
btc_pax, None, 0.76, 3564.17, 21, 1, smm_btc, 155025038781, False
btc_pax, None, 0.8, 3575.29, 23, 1, smm_btc, 155025038782, False
btc_pax, None, 0.76, 3564.17, 21, 1, smm_btc, 155025038781, True
btc_pax, None, 0.8, 3575.29, 23, 1, smm_btc, 155025038782, True
btc_pax, None, 0.76, 3564.22, 21, 1, smm_btc, 155025040585, False
btc_pax, None, 0.8, 3576.1, 23, 1, smm_btc, 155025040586, False
btc_pax, None, 0.76, 3564.22, 21, 1, smm_btc, 155025040585, True
btc_pax, None, 0.8, 3576.1, 23, 1, smm_btc, 155025040586, True
btc_pax, None, 0.76, 3564.32, 21, 1, smm_btc, 155025041289, False
btc_pax, None, 0.8, 3575.14, 23, 1, smm_btc, 155025041290, False
btc_pax, None, 0.76, 3564.32, 21, 1, smm_btc, 155025041289, True
btc_pax, None, 0.76, 3564.4, 21, 1, smm_btc, 155025041992, False
btc_pax, None, 0.76, 3564.4, 21, 1, smm_btc, 155025041992, True
btc_pax, None, 0.8, 3575.14, 23, 1, smm_btc, 155025041290, True
btc_pax, None, 0.76, 3564.45, 21, 1, smm_btc, 155025042995, False
btc_pax, None, 0.8, 3575.14, 23, 1, smm_btc, 155025042996, False
btc_pax, None, 0.76, 3564.45, 21, 1, smm_btc, 155025042995, True
btc_pax, None, 0.8, 3575.14, 23, 1, smm_btc, 155025042996, True
btc_pax, None, 0.76, 3564.46, 21, 1, smm_btc, 155025043799, False
btc_pax, None, 0.8, 3573.98, 23, 1, smm_btc, 155025043700, False
btc_pax, None, 0.76, 3564.46, 21, 1, smm_btc, 155025043799, True
btc_pax, None, 0.76, 3564.43, 21, 1, smm_btc, 155025044302, False
btc_pax, None, 0.76, 3564.43, 21, 1, smm_btc, 155025044302, True
btc_pax, None, 0.76, 3564.45, 21, 1, smm_btc, 155025045004, False
btc_pax, None, 0.8, 3573.98, 23, 1, smm_btc, 155025043700, True
btc_pax, None, 0.76, 3564.45, 21, 1, smm_btc, 155025045004, True
btc_pax, None, 0.8, 3573.98, 23, 1, smm_btc, 155025045307, False
btc_pax, None, 0.76, 3564.5, 21, 1, smm_btc, 155025045708, False
btc_pax, None, 0.76, 3564.5, 21, 1, smm_btc, 155025045708, True
btc_pax, None, 0.76, 3564.57, 21, 1, smm_btc, 155025046410, False
btc_pax, None, 0.76, 3564.57, 21, 1, smm_btc, 155025046410, True
btc_pax, None, 0.76, 3564.65, 21, 1, smm_btc, 155025047012, False
btc_pax, None, 0.76, 3564.65, 21, 1, smm_btc, 155025047012, True
btc_pax, None, 0.76, 3564.68, 21, 1, smm_btc, 155025047814, False
btc_pax, None, 0.8, 3573.98, 23, 1, smm_btc, 155025045307, True
btc_pax, None, 0.76, 3564.68, 21, 1, smm_btc, 155025047814, True
btc_pax, None, 0.8, 3575.19, 23, 1, smm_btc, 155025048117, False
btc_pax, None, 0.76, 3564.71, 21, 1, smm_btc, 155025048518, False
btc_pax, None, 0.8, 3575.19, 23, 1, smm_btc, 155025048117, True
btc_pax, None, 0.76, 3564.71, 21, 1, smm_btc, 155025048518, True
btc_pax, None, 0.8, 3575.19, 23, 1, smm_btc, 155025048921, False
btc_pax, None, 0.76, 3564.73, 21, 1, smm_btc, 155025049722, False
btc_pax, None, 0.76, 3564.73, 21, 1, smm_btc, 155025049722, True
btc_pax, None, 0.76, 3564.82, 21, 1, smm_btc, 155025051224, False
btc_pax, None, 0.8, 3575.19, 23, 1, smm_btc, 155025048921, True
btc_pax, None, 0.76, 3564.82, 21, 1, smm_btc, 155025051224, True
btc_pax, None, 0.8, 3575.1, 23, 1, smm_btc, 155025051527, False
btc_pax, None, 0.76, 3564.89, 21, 1, smm_btc, 155025052028, False
btc_pax, None, 0.8, 3575.1, 23, 1, smm_btc, 155025051527, True
btc_pax, None, 0.8, 3573.98, 23, 1, smm_btc, 155025052630, False
btc_pax, None, 0.8, 3573.98, 23, 1, smm_btc, 155025052630, True
btc_pax, None, 0.8, 3573.98, 23, 1, smm_btc, 155025054332, False
btc_pax, None, 0.8, 3573.98, 23, 1, smm_btc, 155025054332, True
btc_pax, None, 0.8, 3575.29, 23, 1, smm_btc, 155025056234, False
btc_pax, None, 0.76, 3564.89, 21, 1, smm_btc, 155025052028, True
btc_pax, None, 0.8, 3575.29, 23, 1, smm_btc, 155025056234, True
btc_pax, None, 0.76, 3564.93, 21, 1, smm_btc, 155025058937, False
btc_pax, None, 0.8, 3575.29, 23, 1, smm_btc, 155025058938, False
btc_pax, None, 0.76, 3564.93, 21, 1, smm_btc, 155025058937, True
btc_pax, None, 0.8, 3575.29, 23, 1, smm_btc, 155025058938, True
btc_pax, None, 0.76, 3565.15, 21, 1, smm_btc, 155025059641, False
btc_pax, None, 0.8, 3575.19, 23, 1, smm_btc, 155025059642, False
btc_pax, None, 0.76, 3565.15, 21, 1, smm_btc, 155025059641, True
btc_pax, None, 0.8, 3575.19, 23, 1, smm_btc, 155025059642, True
btc_pax, None, 0.76, 3565.2, 21, 1, smm_btc, 155025060245, False
btc_pax, None, 0.8, 3575.29, 23, 1, smm_btc, 155025060246, False
btc_pax, None, 0.76, 3565.2, 21, 1, smm_btc, 155025060245, True
btc_pax, None, 0.8, 3575.29, 23, 1, smm_btc, 155025060246, True
btc_pax, None, 0.76, 3565.23, 21, 1, smm_btc, 155025061049, False
btc_pax, None, 0.8, 3575.29, 23, 1, smm_btc, 155025061050, False
btc_pax, None, 0.76, 3565.23, 21, 1, smm_btc, 155025061049, True
btc_pax, None, 0.76, 3565.25, 21, 1, smm_btc, 155025061652, False
btc_pax, None, 0.8, 3575.29, 23, 1, smm_btc, 155025061050, True
btc_pax, None, 0.76, 3565.25, 21, 1, smm_btc, 155025061652, True
btc_pax, None, 0.8, 3575.19, 23, 1, smm_btc, 155025062055, False
btc_pax, None, 0.76, 3565.34, 21, 1, smm_btc, 155025062256, False
btc_pax, None, 0.8, 3575.19, 23, 1, smm_btc, 155025062055, True
btc_pax, None, 0.76, 3565.34, 21, 1, smm_btc, 155025062256, True
btc_pax, None, 0.8, 3575.29, 23, 1, smm_btc, 155025062759, False
btc_pax, None, 0.76, 3565.39, 21, 1, smm_btc, 155025063060, False
btc_pax, None, 0.76, 3565.39, 21, 1, smm_btc, 155025063060, True
btc_pax, None, 0.76, 3565.43, 21, 1, smm_btc, 155025063862, False
btc_pax, None, 0.8, 3575.29, 23, 1, smm_btc, 155025062759, True
btc_pax, None, 0.8, 3576.1, 23, 1, smm_btc, 155025064964, False
btc_pax, None, 0.8, 3576.1, 23, 1, smm_btc, 155025064964, True
btc_pax, None, 0.8, 3575.93, 23, 1, smm_btc, 155025065566, False
btc_pax, None, 0.8, 3575.93, 23, 1, smm_btc, 155025065566, True
btc_pax, None, 0.8, 3575.93, 23, 1, smm_btc, 155025067368, False
btc_pax, None, 0.8, 3575.93, 23, 1, smm_btc, 155025067368, True
btc_pax, None, 0.8, 3576.13, 23, 1, smm_btc, 155025069870, False
btc_pax, None, 0.8, 3576.13, 23, 1, smm_btc, 155025069870, True
btc_pax, None, 0.76, 3565.43, 21, 1, smm_btc, 155025063862, True
btc_pax, None, 0.8, 3576.17, 23, 1, smm_btc, 155025070973, False
btc_pax, None, 0.76, 3565.47, 21, 1, smm_btc, 155025071274, False
btc_pax, None, 0.8, 3576.17, 23, 1, smm_btc, 155025070973, True
btc_pax, None, 0.8, 3576.13, 23, 1, smm_btc, 155025072976, False
btc_pax, None, 0.8, 3576.13, 23, 1, smm_btc, 155025072976, True
btc_pax, None, 0.8, 3575.93, 23, 1, smm_btc, 155025073678, False
btc_pax, None, 0.8, 3575.93, 23, 1, smm_btc, 155025073678, True
btc_pax, None, 0.8, 3575.93, 23, 1, smm_btc, 155025074680, False
btc_pax, None, 0.8, 3575.93, 23, 1, smm_btc, 155025074680, True
btc_pax, None, 0.8, 3576.13, 23, 1, smm_btc, 155025075982, False
btc_pax, None, 0.76, 3565.47, 21, 1, smm_btc, 155025071274, True
btc_pax, None, 0.76, 3565.49, 21, 1, smm_btc, 155025077684, False
btc_pax, None, 0.76, 3565.49, 21, 1, smm_btc, 155025077684, True
btc_pax, None, 0.8, 3576.13, 23, 1, smm_btc, 155025075982, True
btc_pax, None, 0.76, 3565.49, 21, 1, smm_btc, 155025078387, False
btc_pax, None, 0.8, 3576.13, 23, 1, smm_btc, 155025078388, False
btc_pax, None, 0.76, 3565.49, 21, 1, smm_btc, 155025078387, True
btc_pax, None, 0.76, 3565.49, 21, 1, smm_btc, 155025079190, False
btc_pax, None, 0.76, 3565.49, 21, 1, smm_btc, 155025079190, True
btc_pax, None, 0.8, 3576.13, 23, 1, smm_btc, 155025078388, True
btc_pax, None, 0.76, 3565.49, 21, 1, smm_btc, 155025080293, False
btc_pax, None, 0.8, 3576.13, 23, 1, smm_btc, 155025080294, False
btc_pax, None, 0.76, 3565.49, 21, 1, smm_btc, 155025080293, True
btc_pax, None, 0.76, 3565.49, 21, 1, smm_btc, 155025080996, False
btc_pax, None, 0.76, 3565.49, 21, 1, smm_btc, 155025080996, True
btc_pax, None, 0.8, 3576.13, 23, 1, smm_btc, 155025080294, True
btc_pax, None, 0.76, 3565.49, 21, 1, smm_btc, 155025082099, False
btc_pax, None, 0.8, 3575.93, 23, 1, smm_btc, 155025082000, False
btc_pax, None, 0.76, 3565.49, 21, 1, smm_btc, 155025082099, True
btc_pax, None, 0.8, 3575.93, 23, 1, smm_btc, 155025082000, True
btc_pax, None, 0.76, 3565.53, 21, 1, smm_btc, 155025083303, False
btc_pax, None, 0.8, 3575.19, 23, 1, smm_btc, 155025083304, False
btc_pax, None, 0.8, 3575.19, 23, 1, smm_btc, 155025083304, True
btc_pax, None, 0.8, 3575.19, 23, 1, smm_btc, 155025084806, False
btc_pax, None, 0.8, 3575.19, 23, 1, smm_btc, 155025084806, True
btc_pax, None, 0.8, 3575.19, 23, 1, smm_btc, 155025087508, False
btc_pax, None, 0.8, 3575.19, 23, 1, smm_btc, 155025087508, True
btc_pax, None, 0.8, 3574.54, 23, 1, smm_btc, 155025089510, False
btc_pax, None, 0.8, 3574.54, 23, 1, smm_btc, 155025089510, True
btc_pax, None, 0.76, 3565.53, 21, 1, smm_btc, 155025083303, True
btc_pax, None, 0.8, 3574.63, 23, 1, smm_btc, 155025090913, False
btc_pax, None, 0.76, 3565.69, 21, 1, smm_btc, 155025091214, False
btc_pax, None, 0.8, 3574.63, 23, 1, smm_btc, 155025090913, True
btc_pax, None, 0.8, 3575.19, 23, 1, smm_btc, 155025091516, False
btc_pax, None, 0.8, 3575.19, 23, 1, smm_btc, 155025091516, True
btc_pax, None, 0.8, 3575.93, 23, 1, smm_btc, 155025092718, False
btc_pax, None, 0.76, 3565.69, 21, 1, smm_btc, 155025091214, True
btc_pax, None, 0.76, 3565.53, 21, 1, smm_btc, 155025093520, False
btc_pax, None, 0.8, 3575.93, 23, 1, smm_btc, 155025092718, True
btc_pax, None, 0.8, 3575.19, 23, 1, smm_btc, 155025093822, False
btc_pax, None, 0.8, 3575.19, 23, 1, smm_btc, 155025093822, True
btc_pax, None, 0.8, 3575.19, 23, 1, smm_btc, 155025095224, False
btc_pax, None, 0.8, 3575.19, 23, 1, smm_btc, 155025095224, True
btc_pax, None, 0.8, 3575.19, 23, 1, smm_btc, 155025096426, False
btc_pax, None, 0.76, 3565.53, 21, 1, smm_btc, 155025093520, True
btc_pax, None, 0.76, 3565.53, 21, 1, smm_btc, 155025097528, False
btc_pax, None, 0.8, 3575.19, 23, 1, smm_btc, 155025096426, True
btc_pax, None, 0.8, 3574.63, 23, 1, smm_btc, 155025097830, False
btc_pax, None, 0.8, 3574.63, 23, 1, smm_btc, 155025097830, True
btc_pax, None, 0.8, 3574.66, 23, 1, smm_btc, 155025098732, False
btc_pax, None, 0.76, 3565.53, 21, 1, smm_btc, 155025097528, True
btc_pax, None, 0.8, 3574.66, 23, 1, smm_btc, 155025098732, True
btc_pax, None, 0.76, 3565.59, 21, 1, smm_btc, 155025099335, False
btc_pax, None, 0.8, 3575.19, 23, 1, smm_btc, 155025099336, False
btc_pax, None, 0.76, 3565.59, 21, 1, smm_btc, 155025099335, True
btc_pax, None, 0.76, 3565.65, 21, 1, smm_btc, 155025100038, False
btc_pax, None, 0.76, 3565.65, 21, 1, smm_btc, 155025100038, True
btc_pax, None, 0.76, 3565.73, 21, 1, smm_btc, 155025100740, False
btc_pax, None, 0.8, 3575.19, 23, 1, smm_btc, 155025099336, True
btc_pax, None, 0.76, 3565.73, 21, 1, smm_btc, 155025100740, True
btc_pax, None, 0.8, 3575.93, 23, 1, smm_btc, 155025101043, False
btc_pax, None, 0.76, 3565.75, 21, 1, smm_btc, 155025101344, False
btc_pax, None, 0.76, 3565.75, 21, 1, smm_btc, 155025101344, True
btc_pax, None, 0.76, 3565.77, 21, 1, smm_btc, 155025102046, False
btc_pax, None, 0.8, 3575.93, 23, 1, smm_btc, 155025101043, True
btc_pax, None, 0.76, 3565.77, 21, 1, smm_btc, 155025102046, True
btc_pax, None, 0.8, 3575.93, 23, 1, smm_btc, 155025102649, False
btc_pax, None, 0.76, 3565.79, 21, 1, smm_btc, 155025103550, False
btc_pax, None, 0.8, 3575.93, 23, 1, smm_btc, 155025102649, True
btc_pax, None, 0.76, 3565.79, 21, 1, smm_btc, 155025103550, True
btc_pax, None, 0.8, 3574.66, 23, 1, smm_btc, 155025104353, False
btc_pax, None, 0.76, 3565.81, 21, 1, smm_btc, 155025104854, False
btc_pax, None, 0.76, 3565.81, 21, 1, smm_btc, 155025104854, True
btc_pax, None, 0.8, 3574.66, 23, 1, smm_btc, 155025104353, True
btc_pax, None, 0.76, 3565.83, 21, 1, smm_btc, 155025105457, False
btc_pax, None, 0.8, 3575.19, 23, 1, smm_btc, 155025105458, False
btc_pax, None, 0.76, 3565.83, 21, 1, smm_btc, 155025105457, True
btc_pax, None, 0.76, 3565.85, 21, 1, smm_btc, 155025106660, False
btc_pax, None, 0.8, 3575.19, 23, 1, smm_btc, 155025105458, True
btc_pax, None, 0.8, 3574.58, 23, 1, smm_btc, 155025107262, False
btc_pax, None, 0.8, 3574.58, 23, 1, smm_btc, 155025107262, True
btc_pax, None, 0.8, 3574.51, 23, 1, smm_btc, 155025108564, False
btc_pax, None, 0.76, 3565.85, 21, 1, smm_btc, 155025106660, True
btc_pax, None, 0.8, 3574.51, 23, 1, smm_btc, 155025108564, True
btc_pax, None, 0.742253, 3565.86, 21, 1, smm_btc, 155025109367, False
btc_pax, None, 0.8, 3574.58, 23, 1, smm_btc, 155025109368, False
btc_pax, None, 0.742253, 3565.86, 21, 1, smm_btc, 155025109367, True
btc_pax, None, 0.8, 3574.58, 23, 1, smm_btc, 155025109368, True
btc_pax, None, 0.623238, 3565.88, 21, 1, smm_btc, 155025111371, False
btc_pax, None, 0.8, 3574.56, 23, 1, smm_btc, 155025111372, False
btc_pax, None, 0.8, 3574.56, 23, 1, smm_btc, 155025111372, True
btc_pax, None, 0.8, 3573.98, 23, 1, smm_btc, 155025112874, False
btc_pax, None, 0.8, 3573.98, 23, 1, smm_btc, 155025112874, True
btc_pax, None, 0.8, 3574.51, 23, 1, smm_btc, 155025113876, False
btc_pax, None, 0.8, 3574.51, 23, 1, smm_btc, 155025113876, True
btc_pax, None, 0.8, 3574.51, 23, 1, smm_btc, 155025114578, False
btc_pax, None, 0.8, 3574.51, 23, 1, smm_btc, 155025114578, True
btc_pax, None, 0.8, 3574.51, 23, 1, smm_btc, 155025115380, False
btc_pax, None, 0.8, 3574.51, 23, 1, smm_btc, 155025115380, True
btc_pax, None, 0.8, 3574.56, 23, 1, smm_btc, 155025116282, False
btc_pax, None, 0.8, 3574.56, 23, 1, smm_btc, 155025116282, True
btc_pax, None, 0.8, 3573.98, 23, 1, smm_btc, 155025117284, False
btc_pax, None, 0.8, 3573.98, 23, 1, smm_btc, 155025117284, True
btc_pax, None, 0.8, 3565.78, 21, 1, smm_btc, 155025119386, False
btc_pax, None, 0.8, 3567.3, 23, 1, smm_btc, 155025119387, False
btc_pax, None, 0.8, 3567.3, 23, 1, smm_btc, 155025119387, True
btc_pax, None, 0.8, 3565.78, 21, 1, smm_btc, 155025119386, True
btc_pax, None, 0.8, 3575.19, 23, 1, smm_btc, 155025122190, False
btc_pax, None, 0.8, 3565.78, 21, 1, smm_btc, 155025122491, False
btc_pax, None, 0.8, 3575.19, 23, 1, smm_btc, 155025122190, True
btc_pax, None, 0.8, 3567.3, 23, 1, smm_btc, 155025122793, False
btc_pax, None, 0.8, 3567.3, 23, 1, smm_btc, 155025122793, True
btc_pax, None, 0.8, 3565.78, 21, 1, smm_btc, 155025122491, True
btc_pax, None, 0.8, 3567.42, 23, 1, smm_btc, 155025124396, False
btc_pax, None, 0.8, 3565.75, 21, 1, smm_btc, 155025124897, False
btc_pax, None, 0.8, 3565.75, 21, 1, smm_btc, 155025124897, True
btc_pax, None, 0.8, 3567.42, 23, 1, smm_btc, 155025124396, True
btc_pax, None, 0.8, 3565.78, 21, 1, smm_btc, 155025125500, False
btc_pax, None, 0.8, 3567.39, 23, 1, smm_btc, 155025125501, False
btc_pax, None, 0.8, 3565.78, 21, 1, smm_btc, 155025125500, True
btc_pax, None, 0.8, 3567.39, 23, 1, smm_btc, 155025125501, True
btc_pax, None, 0.8, 3567.41, 23, 1, smm_btc, 155025127604, False
btc_pax, None, 0.8, 3565.78, 21, 1, smm_btc, 155025127905, False
btc_pax, None, 0.8, 3567.41, 23, 1, smm_btc, 155025127604, True
btc_pax, None, 0.8, 3567.39, 23, 1, smm_btc, 155025129007, False
btc_pax, None, 0.8, 3565.78, 21, 1, smm_btc, 155025127905, True
btc_pax, None, 0.8, 3567.39, 23, 1, smm_btc, 155025129007, True
btc_pax, None, 0.8, 3567.37, 21, 1, smm_btc, 155025131710, False
btc_pax, None, 0.8, 3567.78, 23, 1, smm_btc, 155025131711, False
btc_pax, None, 0.8, 3567.78, 23, 1, smm_btc, 155025131711, True
btc_pax, None, 0.8, 3567.76, 23, 1, smm_btc, 155025132713, False
btc_pax, None, 0.8, 3567.76, 23, 1, smm_btc, 155025132713, True
btc_pax, None, 0.8, 3568.23, 23, 1, smm_btc, 155025135015, False
btc_pax, None, 0.8, 3567.37, 21, 1, smm_btc, 155025131710, True
btc_pax, None, 0.8, 3567.37, 21, 1, smm_btc, 155025141017, False
btc_pax, None, 0.8, 3567.37, 21, 1, smm_btc, 155025141017, True
btc_pax, None, 0.8, 3567.37, 21, 1, smm_btc, 155025142519, False
btc_pax, None, 0.8, 3567.37, 21, 1, smm_btc, 155025142519, True
btc_pax, None, 0.8, 3568.23, 23, 1, smm_btc, 155025135015, True
btc_pax, None, 0.8, 3567.34, 21, 1, smm_btc, 155025143522, False
btc_pax, None, 0.8, 3568.26, 23, 1, smm_btc, 155025143523, False
btc_pax, None, 0.8, 3568.26, 23, 1, smm_btc, 155025143523, True
btc_pax, None, 0.8, 3567.34, 21, 1, smm_btc, 155025143522, True
btc_pax, None, 0.8, 3568.23, 23, 1, smm_btc, 155025144426, False
btc_pax, None, 0.8, 3567.37, 21, 1, smm_btc, 155025144727, False
btc_pax, None, 0.8, 3567.37, 21, 1, smm_btc, 155025144727, True
btc_pax, None, 0.8, 3567.39, 21, 1, smm_btc, 155025146429, False
btc_pax, None, 0.8, 3578.01, 23, 1, smm_btc, 155025146430, False
btc_pax, None, 0.8, 3567.39, 21, 1, smm_btc, 155025146429, True
btc_pax, None, 0.8, 3578.01, 23, 1, smm_btc, 155025146430, True
btc_pax, None, 0.8, 3567.42, 21, 1, smm_btc, 155025147233, False
btc_pax, None, 0.8, 3578.01, 23, 1, smm_btc, 155025147234, False
btc_pax, None, 0.8, 3567.42, 21, 1, smm_btc, 155025147233, True
btc_pax, None, 0.8, 3578.01, 23, 1, smm_btc, 155025147234, True
btc_pax, None, 0.8, 3567.45, 21, 1, smm_btc, 155025148837, False
btc_pax, None, 0.8, 3577.94, 23, 1, smm_btc, 155025148838, False
btc_pax, None, 0.8, 3567.45, 21, 1, smm_btc, 155025148837, True
btc_pax, None, 0.8, 3567.5, 21, 1, smm_btc, 155025149540, False
btc_pax, None, 0.8, 3567.5, 21, 1, smm_btc, 155025149540, True
btc_pax, None, 0.8, 3567.6, 21, 1, smm_btc, 155025150142, False
btc_pax, None, 0.8, 3577.94, 23, 1, smm_btc, 155025148838, True
btc_pax, None, 0.8, 3577.94, 23, 1, smm_btc, 155025150644, False
btc_pax, None, 0.8, 3567.6, 21, 1, smm_btc, 155025150142, True
btc_pax, None, 0.8, 3577.94, 23, 1, smm_btc, 155025150644, True
btc_pax, None, 0.714576, 3567.45, 21, 1, smm_btc, 155025153747, False
btc_pax, None, 0.8, 3577.38, 23, 1, smm_btc, 155025153748, False
btc_pax, None, 0.714576, 3567.45, 21, 1, smm_btc, 155025153747, True
btc_pax, None, 0.714576, 3567.44, 21, 1, smm_btc, 155025154850, False
btc_pax, None, 0.8, 3577.38, 23, 1, smm_btc, 155025153748, True
btc_pax, None, 0.8, 3578.01, 23, 1, smm_btc, 155025155252, False
btc_pax, None, 0.8, 3578.01, 23, 1, smm_btc, 155025155252, True
btc_pax, None, 0.8, 3577.38, 23, 1, smm_btc, 155025155854, False
btc_pax, None, 0.8, 3577.38, 23, 1, smm_btc, 155025155854, True
btc_pax, None, 0.8, 3577.38, 23, 1, smm_btc, 155025157056, False
btc_pax, None, 0.714576, 3567.44, 21, 1, smm_btc, 155025154850, True
btc_pax, None, 0.714576, 3567.49, 21, 1, smm_btc, 155025158058, False
btc_pax, None, 0.714576, 3567.49, 21, 1, smm_btc, 155025158058, True
btc_pax, None, 0.714576, 3567.51, 21, 1, smm_btc, 155025160860, False
btc_pax, None, 0.714576, 3567.51, 21, 1, smm_btc, 155025160860, True
btc_pax, None, 0.714576, 3567.61, 21, 1, smm_btc, 155025162062, False
btc_pax, None, 0.8, 3577.38, 23, 1, smm_btc, 155025157056, True
btc_pax, None, 0.714576, 3567.61, 21, 1, smm_btc, 155025162062, True
btc_pax, None, 0.8, 3577.38, 23, 1, smm_btc, 155025162465, False
btc_pax, None, 0.714576, 3567.64, 21, 1, smm_btc, 155025162666, False
btc_pax, None, 0.8, 3577.38, 23, 1, smm_btc, 155025162465, True
btc_pax, None, 0.8, 3577.18, 23, 1, smm_btc, 155025162968, False
btc_pax, None, 0.714576, 3567.64, 21, 1, smm_btc, 155025162666, True
btc_pax, None, 0.714576, 3567.6, 21, 1, smm_btc, 155025163570, False
btc_pax, None, 0.8, 3577.18, 23, 1, smm_btc, 155025162968, True
btc_pax, None, 0.714576, 3567.6, 21, 1, smm_btc, 155025163570, True
btc_pax, None, 0.8, 3577.64, 23, 1, smm_btc, 155025163973, False
btc_pax, None, 0.636726, 3567.64, 21, 1, smm_btc, 155025164174, False
btc_pax, None, 0.8, 3577.64, 23, 1, smm_btc, 155025163973, True
btc_pax, None, 0.636726, 3567.64, 21, 1, smm_btc, 155025164174, True
btc_pax, None, 0.8, 3578.01, 23, 1, smm_btc, 155025164777, False
btc_pax, None, 0.636726, 3567.66, 21, 1, smm_btc, 155025165178, False
btc_pax, None, 0.8, 3578.01, 23, 1, smm_btc, 155025164777, True
btc_pax, None, 0.636726, 3567.66, 21, 1, smm_btc, 155025165178, True
btc_pax, None, 0.8, 3577.64, 23, 1, smm_btc, 155025165781, False
btc_pax, None, 0.636726, 3567.69, 21, 1, smm_btc, 155025166182, False
btc_pax, None, 0.636726, 3567.69, 21, 1, smm_btc, 155025166182, False
btc_pax, None, 0.8, 3567.59, 21, 1, smm_btc, 155025167684, False
btc_pax, None, 0.8, 3577.64, 23, 1, smm_btc, 155025165781, True
btc_pax, None, 0.8, 3568.91, 23, 1, smm_btc, 155025167986, False
btc_pax, None, 0.8, 3568.91, 23, 1, smm_btc, 155025167986, True
btc_pax, None, 0.8, 3568.89, 23, 1, smm_btc, 155025168888, False
btc_pax, None, 0.8, 3567.59, 21, 1, smm_btc, 155025167684, True
btc_pax, None, 0.8, 3568.89, 23, 1, smm_btc, 155025168888, True
btc_pax, None, 0.8, 3568.92, 23, 1, smm_btc, 155025174291, False
btc_pax, None, 0.8, 3567.59, 21, 1, smm_btc, 155025175892, False
btc_pax, None, 0.8, 3568.92, 23, 1, smm_btc, 155025174291, True
btc_pax, None, 0.8, 3568.89, 23, 1, smm_btc, 155025176194, False
btc_pax, None, 0.8, 3568.89, 23, 1, smm_btc, 155025176194, True
btc_pax, None, 0.8, 3567.37, 23, 1, smm_btc, 155025185896, False
btc_pax, None, 0.8, 3559.12, 21, 1, smm_btc, 155025185897, False
btc_pax, None, 0.8, 3559.12, 21, 1, smm_btc, 155025185897, True
btc_pax, None, 0.8, 3559.12, 21, 1, smm_btc, 155025186899, False
btc_pax, None, 0.8, 3559.12, 21, 1, smm_btc, 155025186899, True
btc_pax, None, 0.8, 3558.65, 21, 1, smm_btc, 155025188301, False
btc_pax, None, 0.8, 3567.37, 23, 1, smm_btc, 155025185896, True
btc_pax, None, 0.8, 3558.65, 21, 1, smm_btc, 155025188301, True
btc_pax, None, 0.8, 3567.34, 23, 1, smm_btc, 155025189004, False
btc_pax, None, 0.8, 3558.03, 21, 1, smm_btc, 155025189005, False
btc_pax, None, 0.8, 3567.34, 23, 1, smm_btc, 155025189004, True
btc_pax, None, 0.8, 3567.31, 23, 1, smm_btc, 155025189707, False
btc_pax, None, 0.8, 3567.31, 23, 1, smm_btc, 155025189707, True
btc_pax, None, 0.8, 3558.03, 21, 1, smm_btc, 155025189005, True
btc_pax, None, 0.8, 3567.27, 23, 1, smm_btc, 155025190910, False
btc_pax, None, 0.8, 3557.64, 21, 1, smm_btc, 155025190911, False
btc_pax, None, 0.8, 3567.27, 23, 1, smm_btc, 155025190910, True
btc_pax, None, 0.8, 3567.09, 23, 1, smm_btc, 155025191613, False
btc_pax, None, 0.8, 3557.64, 21, 1, smm_btc, 155025190911, True
btc_pax, None, 0.8, 3567.09, 23, 1, smm_btc, 155025191613, True
btc_pax, None, 0.8, 3557.64, 21, 1, smm_btc, 155025192016, False
btc_pax, None, 0.8, 3567.05, 23, 1, smm_btc, 155025192317, False
btc_pax, None, 0.8, 3557.64, 21, 1, smm_btc, 155025192016, True
btc_pax, None, 0.8, 3567.05, 23, 1, smm_btc, 155025192317, True
btc_pax, None, 0.8, 3557.64, 21, 1, smm_btc, 155025192820, False
btc_pax, None, 0.8, 3567.02, 23, 1, smm_btc, 155025193521, False
btc_pax, None, 0.8, 3567.02, 23, 1, smm_btc, 155025193521, True
btc_pax, None, 0.8, 3567.0, 23, 1, smm_btc, 155025194323, False
btc_pax, None, 0.8, 3567.0, 23, 1, smm_btc, 155025194323, True
btc_pax, None, 0.8, 3566.93, 23, 1, smm_btc, 155025195025, False
btc_pax, None, 0.8, 3566.93, 23, 1, smm_btc, 155025195025, True
btc_pax, None, 0.8, 3566.86, 23, 1, smm_btc, 155025195627, False
btc_pax, None, 0.8, 3566.86, 23, 1, smm_btc, 155025195627, True
btc_pax, None, 0.8, 3557.64, 21, 1, smm_btc, 155025192820, True
btc_pax, None, 0.8, 3566.81, 23, 1, smm_btc, 155025196730, False
btc_pax, None, 0.8, 3557.64, 21, 1, smm_btc, 155025196731, False
btc_pax, None, 0.8, 3566.81, 23, 1, smm_btc, 155025196730, True
btc_pax, None, 0.8, 3567.34, 23, 1, smm_btc, 155025197533, False
btc_pax, None, 0.8, 3567.34, 23, 1, smm_btc, 155025197533, True
btc_pax, None, 0.8, 3557.64, 21, 1, smm_btc, 155025196731, True
btc_pax, None, 0.8, 3567.28, 23, 1, smm_btc, 155025198236, False
btc_pax, None, 0.8, 3557.31, 21, 1, smm_btc, 155025198237, False
btc_pax, None, 0.8, 3567.28, 23, 1, smm_btc, 155025198236, True
btc_pax, None, 0.8, 3567.1, 23, 1, smm_btc, 155025198839, False
btc_pax, None, 0.8, 3567.1, 23, 1, smm_btc, 155025198839, True
btc_pax, None, 0.8, 3567.37, 23, 1, smm_btc, 155025199841, False
btc_pax, None, 0.8, 3567.37, 23, 1, smm_btc, 155025199841, True
btc_pax, None, 0.8, 3567.36, 23, 1, smm_btc, 155025201243, False
btc_pax, None, 0.8, 3567.36, 23, 1, smm_btc, 155025201243, True
btc_pax, None, 0.8, 3557.31, 21, 1, smm_btc, 155025198237, True
btc_pax, None, 0.8, 3567.32, 23, 1, smm_btc, 155025203346, False
btc_pax, None, 0.8, 3557.64, 21, 1, smm_btc, 155025203347, False
btc_pax, None, 0.8, 3567.32, 23, 1, smm_btc, 155025203346, True
btc_pax, None, 0.8, 3567.28, 23, 1, smm_btc, 155025203949, False
btc_pax, None, 0.8, 3557.64, 21, 1, smm_btc, 155025203347, True
btc_pax, None, 0.8, 3567.28, 23, 1, smm_btc, 155025203949, True
btc_pax, None, 0.8, 3557.64, 21, 1, smm_btc, 155025204252, False
btc_pax, None, 0.8, 3567.08, 23, 1, smm_btc, 155025204853, False
btc_pax, None, 0.8, 3567.08, 23, 1, smm_btc, 155025204853, True
btc_pax, None, 0.8, 3567.02, 23, 1, smm_btc, 155025205455, False
btc_pax, None, 0.8, 3567.02, 23, 1, smm_btc, 155025205455, True
btc_pax, None, 0.8, 3566.84, 23, 1, smm_btc, 155025206057, False
btc_pax, None, 0.8, 3566.84, 23, 1, smm_btc, 155025206057, True
btc_pax, None, 0.8, 3566.81, 23, 1, smm_btc, 155025208459, False
btc_pax, None, 0.8, 3566.81, 23, 1, smm_btc, 155025208459, True
btc_pax, None, 0.8, 3566.76, 23, 1, smm_btc, 155025209961, False
btc_pax, None, 0.8, 3557.64, 21, 1, smm_btc, 155025204252, True
btc_pax, None, 0.8, 3557.64, 21, 1, smm_btc, 155025210263, False
btc_pax, None, 0.8, 3557.64, 21, 1, smm_btc, 155025210263, True
btc_pax, None, 0.8, 3558.39, 21, 1, smm_btc, 155025215265, False
btc_pax, None, 0.8, 3558.39, 21, 1, smm_btc, 155025215265, True
btc_pax, None, 0.8, 3558.65, 21, 1, smm_btc, 155025216667, False
btc_pax, None, 0.8, 3558.65, 21, 1, smm_btc, 155025216667, True
btc_pax, None, 0.8, 3567.14, 21, 1, smm_btc, 155025218969, False
btc_pax, None, 0.8, 3568.93, 23, 1, smm_btc, 155025219070, False
btc_pax, None, 0.8, 3567.14, 21, 1, smm_btc, 155025218969, True
btc_pax, None, 0.8, 3568.93, 23, 1, smm_btc, 155025219070, True
btc_pax, None, 0.8, 3567.86, 21, 1, smm_btc, 155025220973, False
btc_pax, None, 0.8, 3568.97, 23, 1, smm_btc, 155025220974, False
btc_pax, None, 0.8, 3567.86, 21, 1, smm_btc, 155025220973, True
btc_pax, None, 0.8, 3568.97, 23, 1, smm_btc, 155025220974, True
btc_pax, None, 0.8, 3567.9, 21, 1, smm_btc, 155025221577, False
btc_pax, None, 0.8, 3568.95, 23, 1, smm_btc, 155025221578, False
btc_pax, None, 0.8, 3568.95, 23, 1, smm_btc, 155025221578, True
btc_pax, None, 0.8, 3569.64, 23, 1, smm_btc, 155025222180, False
btc_pax, None, 0.8, 3569.64, 23, 1, smm_btc, 155025222180, True
btc_pax, None, 0.8, 3569.63, 23, 1, smm_btc, 155025222782, False
btc_pax, None, 0.8, 3567.9, 21, 1, smm_btc, 155025221577, True
btc_pax, None, 0.8, 3569.63, 23, 1, smm_btc, 155025222782, True
btc_pax, None, 0.8, 3568.7, 21, 1, smm_btc, 155025224685, False
btc_pax, None, 0.8, 3569.67, 23, 1, smm_btc, 155025224686, False
btc_pax, None, 0.8, 3568.7, 21, 1, smm_btc, 155025224685, True
btc_pax, None, 0.8, 3567.88, 21, 1, smm_btc, 155025226488, False
btc_pax, None, 0.8, 3567.88, 21, 1, smm_btc, 155025226488, True
btc_pax, None, 0.8, 3569.67, 23, 1, smm_btc, 155025224686, True
btc_pax, None, 0.8, 3567.91, 21, 1, smm_btc, 155025227891, False
btc_pax, None, 0.8, 3569.64, 23, 1, smm_btc, 155025227892, False
btc_pax, None, 0.8, 3567.91, 21, 1, smm_btc, 155025227891, True
btc_pax, None, 0.8, 3568.31, 21, 1, smm_btc, 155025229994, False
btc_pax, None, 0.8, 3569.64, 23, 1, smm_btc, 155025227892, True
btc_pax, None, 0.8, 3568.31, 21, 1, smm_btc, 155025229994, True
btc_pax, None, 0.8, 3569.0, 23, 1, smm_btc, 155025232997, False
btc_pax, None, 0.8, 3567.91, 21, 1, smm_btc, 155025233498, False
btc_pax, None, 0.8, 3569.0, 23, 1, smm_btc, 155025232997, False
btc_pax, None, 0.8, 3567.91, 21, 1, smm_btc, 155025233498, True
btc_pax, None, 0.8, 3568.23, 21, 1, smm_btc, 155025235801, False
btc_pax, None, 0.8, 3578.01, 23, 1, smm_btc, 155025235802, False
btc_pax, None, 0.8, 3578.01, 23, 1, smm_btc, 155025235802, True
btc_pax, None, 0.8, 3578.01, 23, 1, smm_btc, 155025237004, False
btc_pax, None, 0.8, 3578.01, 23, 1, smm_btc, 155025237004, True
btc_pax, None, 0.8, 3578.01, 23, 1, smm_btc, 155025239506, False
btc_pax, None, 0.8, 3578.01, 23, 1, smm_btc, 155025239506, True
btc_pax, None, 0.8, 3578.01, 23, 1, smm_btc, 155025240208, False
btc_pax, None, 0.8, 3568.23, 21, 1, smm_btc, 155025235801, True
btc_pax, None, 0.8, 3578.01, 23, 1, smm_btc, 155025240208, True
btc_pax, None, 0.8, 3567.98, 21, 1, smm_btc, 155025240811, False
btc_pax, None, 0.8, 3578.47, 23, 1, smm_btc, 155025240812, False
btc_pax, None, 0.8, 3567.98, 21, 1, smm_btc, 155025240811, True
btc_pax, None, 0.8, 3568.19, 21, 1, smm_btc, 155025241414, False
btc_pax, None, 0.8, 3568.19, 21, 1, smm_btc, 155025241414, True
btc_pax, None, 0.8, 3578.47, 23, 1, smm_btc, 155025240812, True
btc_pax, None, 0.8, 3568.21, 21, 1, smm_btc, 155025242017, False
btc_pax, None, 0.8, 3579.07, 23, 1, smm_btc, 155025242018, False
btc_pax, None, 0.8, 3568.21, 21, 1, smm_btc, 155025242017, True
btc_pax, None, 0.8, 3568.23, 21, 1, smm_btc, 155025242720, False
btc_pax, None, 0.8, 3579.07, 23, 1, smm_btc, 155025242018, True
btc_pax, None, 0.8, 3579.07, 23, 1, smm_btc, 155025243022, False
btc_pax, None, 0.8, 3579.07, 23, 1, smm_btc, 155025243022, True
btc_pax, None, 0.8, 3579.07, 23, 1, smm_btc, 155025245124, False
btc_pax, None, 0.8, 3568.23, 21, 1, smm_btc, 155025242720, True
btc_pax, None, 0.8, 3568.24, 21, 1, smm_btc, 155025246026, False
btc_pax, None, 0.8, 3579.07, 23, 1, smm_btc, 155025245124, True
btc_pax, None, 0.8, 3568.24, 21, 1, smm_btc, 155025246026, True
btc_pax, None, 0.8, 3579.07, 23, 1, smm_btc, 155025246329, False
btc_pax, None, 0.8, 3568.26, 21, 1, smm_btc, 155025247130, False
btc_pax, None, 0.8, 3579.07, 23, 1, smm_btc, 155025246329, True
btc_pax, None, 0.8, 3568.26, 21, 1, smm_btc, 155025247130, True
btc_pax, None, 0.8, 3579.1, 23, 1, smm_btc, 155025247533, False
btc_pax, None, 0.8, 3568.29, 21, 1, smm_btc, 155025247734, False
btc_pax, None, 0.8, 3568.29, 21, 1, smm_btc, 155025247734, True
btc_pax, None, 0.8, 3568.32, 21, 1, smm_btc, 155025248736, False
btc_pax, None, 0.8, 3579.1, 23, 1, smm_btc, 155025247533, True
btc_pax, None, 0.8, 3579.07, 23, 1, smm_btc, 155025249838, False
btc_pax, None, 0.8, 3579.07, 23, 1, smm_btc, 155025249838, True
btc_pax, None, 0.8, 3578.49, 23, 1, smm_btc, 155025250840, False
btc_pax, None, 0.8, 3568.32, 21, 1, smm_btc, 155025248736, True
btc_pax, None, 0.8, 3578.49, 23, 1, smm_btc, 155025250840, True
btc_pax, None, 0.8, 3568.35, 21, 1, smm_btc, 155025251443, False
btc_pax, None, 0.8, 3578.5, 23, 1, smm_btc, 155025251544, False
btc_pax, None, 0.8, 3568.35, 21, 1, smm_btc, 155025251443, True
btc_pax, None, 0.8, 3578.5, 23, 1, smm_btc, 155025251544, True
btc_pax, None, 0.8, 3568.41, 21, 1, smm_btc, 155025252047, False
btc_pax, None, 0.8, 3579.07, 23, 1, smm_btc, 155025252148, False
btc_pax, None, 0.8, 3568.41, 21, 1, smm_btc, 155025252047, True
btc_pax, None, 0.8, 3579.07, 23, 1, smm_btc, 155025252148, True
btc_pax, None, 0.8, 3568.43, 21, 1, smm_btc, 155025252751, False
btc_pax, None, 0.8, 3578.5, 23, 1, smm_btc, 155025252752, False
btc_pax, None, 0.8, 3568.43, 21, 1, smm_btc, 155025252751, True
btc_pax, None, 0.8, 3578.5, 23, 1, smm_btc, 155025252752, True
btc_pax, None, 0.8, 3568.45, 21, 1, smm_btc, 155025254055, False
btc_pax, None, 0.8, 3578.5, 23, 1, smm_btc, 155025254056, False
btc_pax, None, 0.8, 3568.45, 21, 1, smm_btc, 155025254055, True
btc_pax, None, 0.8, 3568.47, 21, 1, smm_btc, 155025255158, False
btc_pax, None, 0.8, 3578.5, 23, 1, smm_btc, 155025254056, True
btc_pax, None, 0.8, 3568.47, 21, 1, smm_btc, 155025255158, True
btc_pax, None, 0.8, 3578.49, 23, 1, smm_btc, 155025255461, False
btc_pax, None, 0.8, 3568.49, 21, 1, smm_btc, 155025255862, False
btc_pax, None, 0.8, 3578.49, 23, 1, smm_btc, 155025255461, True
btc_pax, None, 0.8, 3568.49, 21, 1, smm_btc, 155025255862, True
btc_pax, None, 0.8, 3578.49, 23, 1, smm_btc, 155025256165, False
btc_pax, None, 0.8, 3568.51, 21, 1, smm_btc, 155025256466, False
btc_pax, None, 0.8, 3578.49, 23, 1, smm_btc, 155025256165, True
btc_pax, None, 0.8, 3578.49, 23, 1, smm_btc, 155025258368, False
btc_pax, None, 0.8, 3578.49, 23, 1, smm_btc, 155025258368, True
btc_pax, None, 0.8, 3578.37, 23, 1, smm_btc, 155025259470, False
btc_pax, None, 0.8, 3578.37, 23, 1, smm_btc, 155025259470, True
btc_pax, None, 0.8, 3578.72, 23, 1, smm_btc, 155025264372, False
btc_pax, None, 0.8, 3578.72, 23, 1, smm_btc, 155025264372, True
btc_pax, None, 0.8, 3578.01, 23, 1, smm_btc, 155025264974, False
btc_pax, None, 0.8, 3578.01, 23, 1, smm_btc, 155025264974, True
btc_pax, None, 0.8, 3577.93, 23, 1, smm_btc, 155025267376, False
btc_pax, None, 0.8, 3577.93, 23, 1, smm_btc, 155025267376, True
btc_pax, None, 0.8, 3578.72, 23, 1, smm_btc, 155025269078, False
btc_pax, None, 0.8, 3578.72, 23, 1, smm_btc, 155025269078, True
btc_pax, None, 0.8, 3578.01, 23, 1, smm_btc, 155025269880, False
btc_pax, None, 0.8, 3578.01, 23, 1, smm_btc, 155025269880, True
btc_pax, None, 0.8, 3578.01, 23, 1, smm_btc, 155025270482, False
btc_pax, None, 0.8, 3578.01, 23, 1, smm_btc, 155025270482, True
btc_pax, None, 0.8, 3565.93, 21, 1, smm_btc, 155025272084, False
btc_pax, None, 0.8, 3567.46, 23, 1, smm_btc, 155025272085, False
btc_pax, None, 0.8, 3565.93, 21, 1, smm_btc, 155025272084, True
btc_pax, None, 0.8, 3567.46, 23, 1, smm_btc, 155025272085, True
btc_pax, None, 0.8, 3565.96, 21, 1, smm_btc, 155025273788, False
btc_pax, None, 0.8, 3567.43, 23, 1, smm_btc, 155025273789, False
btc_pax, None, 0.8, 3567.43, 23, 1, smm_btc, 155025273789, True
btc_pax, None, 0.629339, 3567.5, 23, 1, smm_btc, 155025275891, False
btc_pax, None, 0.8, 3565.96, 21, 1, smm_btc, 155025273788, True
btc_pax, None, 0.629339, 3567.5, 23, 1, smm_btc, 155025275891, True
btc_pax, None, 0.8, 3566.45, 21, 1, smm_btc, 155025276594, False
btc_pax, None, 0.629339, 3568.52, 23, 1, smm_btc, 155025276595, False
btc_pax, None, 0.629339, 3568.52, 23, 1, smm_btc, 155025276595, True
btc_pax, None, 0.629339, 3568.5, 23, 1, smm_btc, 155025277497, False
btc_pax, None, 0.8, 3566.45, 21, 1, smm_btc, 155025276594, True
btc_pax, None, 0.629339, 3568.5, 23, 1, smm_btc, 155025277497, True
btc_pax, None, 0.8, 3558.56, 21, 1, smm_btc, 155025280800, False
btc_pax, None, 0.629339, 3577.36, 23, 1, smm_btc, 155025280801, False
btc_pax, None, 0.8, 3558.56, 21, 1, smm_btc, 155025280800, True
btc_pax, None, 0.8, 3565.31, 21, 1, smm_btc, 155025281503, False
btc_pax, None, 0.629339, 3577.36, 23, 1, smm_btc, 155025280801, True
btc_pax, None, 0.629339, 3567.55, 23, 1, smm_btc, 155025281905, False
btc_pax, None, 0.629339, 3567.55, 23, 1, smm_btc, 155025281905, True
btc_pax, None, 0.629339, 3567.58, 23, 1, smm_btc, 155025283107, False
btc_pax, None, 0.8, 3565.31, 21, 1, smm_btc, 155025281503, True
btc_pax, None, 0.8, 3565.28, 21, 1, smm_btc, 155025283909, False
btc_pax, None, 0.8, 3565.28, 21, 1, smm_btc, 155025283909, True
btc_pax, None, 0.629339, 3567.58, 23, 1, smm_btc, 155025283107, True
btc_pax, None, 0.8, 3565.31, 21, 1, smm_btc, 155025285012, False
btc_pax, None, 0.629339, 3567.55, 23, 1, smm_btc, 155025285013, False
btc_pax, None, 0.8, 3565.31, 21, 1, smm_btc, 155025285012, True
btc_pax, None, 0.629339, 3567.55, 23, 1, smm_btc, 155025285013, True
btc_pax, None, 0.8, 3564.73, 21, 1, smm_btc, 155025285616, False
btc_pax, None, 0.629339, 3566.81, 23, 1, smm_btc, 155025285617, False
btc_pax, None, 0.8, 3564.73, 21, 1, smm_btc, 155025285616, True
btc_pax, None, 0.8, 3564.74, 21, 1, smm_btc, 155025290019, False
btc_pax, None, 0.8, 3564.74, 21, 1, smm_btc, 155025290019, True
btc_pax, None, 0.8, 3564.73, 21, 1, smm_btc, 155025291221, False
btc_pax, None, 0.8, 3564.73, 21, 1, smm_btc, 155025291221, True
btc_pax, None, 0.8, 3565.6, 21, 1, smm_btc, 155025292623, False
btc_pax, None, 0.8, 3565.6, 21, 1, smm_btc, 155025292623, True
btc_pax, None, 0.629339, 3566.81, 23, 1, smm_btc, 155025285617, True
btc_pax, None, 0.8, 3565.57, 21, 1, smm_btc, 155025298326, False
btc_pax, None, 0.629339, 3566.84, 23, 1, smm_btc, 155025298327, False
btc_pax, None, 0.8, 3565.57, 21, 1, smm_btc, 155025298326, True
btc_pax, None, 0.629339, 3566.84, 23, 1, smm_btc, 155025298327, True
btc_pax, None, 0.8, 3565.6, 21, 1, smm_btc, 155025299330, False
btc_pax, None, 0.629339, 3566.81, 23, 1, smm_btc, 155025299331, False
btc_pax, None, 0.8, 3565.6, 21, 1, smm_btc, 155025299330, True
btc_pax, None, 0.629339, 3566.81, 23, 1, smm_btc, 155025299331, True
btc_pax, None, 0.8, 3563.29, 21, 1, smm_btc, 155025300334, False
btc_pax, None, 0.8, 3563.29, 21, 1, smm_btc, 155025300334, True
btc_pax, None, 0.8, 3563.3, 21, 1, smm_btc, 155025302936, False
btc_pax, None, 0.629339, 3567.23, 23, 1, smm_btc, 155025303037, False
btc_pax, None, 0.8, 3563.3, 21, 1, smm_btc, 155025302936, True
btc_pax, None, 0.629339, 3567.23, 23, 1, smm_btc, 155025303037, True
btc_pax, None, 0.8, 3563.27, 21, 1, smm_btc, 155025303540, False
btc_pax, None, 0.629339, 3567.26, 23, 1, smm_btc, 155025303641, False
btc_pax, None, 0.8, 3563.27, 21, 1, smm_btc, 155025303540, True
btc_pax, None, 0.629339, 3567.26, 23, 1, smm_btc, 155025303641, True
btc_pax, None, 0.8, 3563.3, 21, 1, smm_btc, 155025304544, False
btc_pax, None, 0.629339, 3567.23, 23, 1, smm_btc, 155025304545, False
btc_pax, None, 0.629339, 3567.23, 23, 1, smm_btc, 155025304545, True
btc_pax, None, 0.629339, 3567.23, 23, 1, smm_btc, 155025305147, False
btc_pax, None, 0.8, 3563.3, 21, 1, smm_btc, 155025304544, True
btc_pax, None, 0.629339, 3567.23, 23, 1, smm_btc, 155025305147, True
btc_pax, None, 0.8, 3563.31, 21, 1, smm_btc, 155025306250, False
btc_pax, None, 0.629339, 3566.51, 23, 1, smm_btc, 155025306251, False
btc_pax, None, 0.8, 3563.31, 21, 1, smm_btc, 155025306250, True
btc_pax, None, 0.8, 3563.32, 21, 1, smm_btc, 155025309453, False
btc_pax, None, 0.8, 3563.32, 21, 1, smm_btc, 155025309453, True
btc_pax, None, 0.629339, 3566.51, 23, 1, smm_btc, 155025306251, True
btc_pax, None, 0.8, 3557.38, 21, 1, smm_btc, 155025311356, False
btc_pax, None, 0.629339, 3574.38, 23, 1, smm_btc, 155025311357, False
btc_pax, None, 0.8, 3557.38, 21, 1, smm_btc, 155025311356, True
btc_pax, None, 0.629339, 3574.38, 23, 1, smm_btc, 155025311357, True
btc_pax, None, 0.8, 3563.32, 21, 1, smm_btc, 155025312260, False
btc_pax, None, 0.629339, 3566.48, 23, 1, smm_btc, 155025312261, False
btc_pax, None, 0.8, 3563.32, 21, 1, smm_btc, 155025312260, True
btc_pax, None, 0.8, 3563.33, 21, 1, smm_btc, 155025312863, False
btc_pax, None, 0.8, 3563.33, 21, 1, smm_btc, 155025312863, True
btc_pax, None, 0.629339, 3566.48, 23, 1, smm_btc, 155025312261, True
btc_pax, None, 0.8, 3563.3, 21, 1, smm_btc, 155025314366, False
btc_pax, None, 0.629339, 3566.47, 23, 1, smm_btc, 155025314367, False
btc_pax, None, 0.629339, 3566.47, 23, 1, smm_btc, 155025314367, True
btc_pax, None, 0.629339, 3566.42, 23, 1, smm_btc, 155025316269, False
btc_pax, None, 0.8, 3563.3, 21, 1, smm_btc, 155025314366, True
btc_pax, None, 0.629339, 3566.42, 23, 1, smm_btc, 155025316269, True
btc_pax, None, 0.8, 3563.33, 21, 1, smm_btc, 155025317472, False
btc_pax, None, 0.629339, 3566.39, 23, 1, smm_btc, 155025317473, False
btc_pax, None, 0.8, 3563.33, 21, 1, smm_btc, 155025317472, True
btc_pax, None, 0.8, 3563.34, 21, 1, smm_btc, 155025318075, False
btc_pax, None, 0.8, 3563.34, 21, 1, smm_btc, 155025318075, True
btc_pax, None, 0.629339, 3566.39, 23, 1, smm_btc, 155025317473, True
btc_pax, None, 0.8, 3563.97, 21, 1, smm_btc, 155025319278, False
btc_pax, None, 0.629339, 3566.41, 23, 1, smm_btc, 155025319279, False
btc_pax, None, 0.8, 3563.97, 21, 1, smm_btc, 155025319278, True
btc_pax, None, 0.629339, 3566.41, 23, 1, smm_btc, 155025319279, True
btc_pax, None, 0.8, 3563.29, 21, 1, smm_btc, 155025320982, False
btc_pax, None, 0.629339, 3566.51, 23, 1, smm_btc, 155025320983, False
btc_pax, None, 0.8, 3563.29, 21, 1, smm_btc, 155025320982, True
btc_pax, None, 0.8, 3563.3, 21, 1, smm_btc, 155025324285, False
btc_pax, None, 0.8, 3563.3, 21, 1, smm_btc, 155025324285, True
btc_pax, None, 0.629339, 3566.51, 23, 1, smm_btc, 155025320983, True
btc_pax, None, 0.629339, 3566.55, 23, 1, smm_btc, 155025325988, False
btc_pax, None, 0.629339, 3566.55, 23, 1, smm_btc, 155025325988, True
btc_pax, None, 0.8, 3564.23, 21, 1, smm_btc, 155025326890, False
btc_pax, None, 0.629339, 3566.51, 23, 1, smm_btc, 155025326891, False
btc_pax, None, 0.8, 3564.23, 21, 1, smm_btc, 155025326890, True
btc_pax, None, 0.629339, 3566.51, 23, 1, smm_btc, 155025326891, True
btc_pax, None, 0.8, 3564.19, 21, 1, smm_btc, 155025329194, False
btc_pax, None, 0.629339, 3566.55, 23, 1, smm_btc, 155025329195, False
btc_pax, None, 0.8, 3564.19, 21, 1, smm_btc, 155025329194, True
btc_pax, None, 0.629339, 3566.55, 23, 1, smm_btc, 155025329195, True
btc_pax, None, 0.8, 3564.23, 21, 1, smm_btc, 155025330598, False
btc_pax, None, 0.629339, 3566.53, 23, 1, smm_btc, 155025330599, False
btc_pax, None, 0.629339, 3566.53, 23, 1, smm_btc, 155025330599, True
btc_pax, None, 0.629339, 3566.51, 23, 1, smm_btc, 155025331501, False
btc_pax, None, 0.8, 3564.23, 21, 1, smm_btc, 155025330598, True
btc_pax, None, 0.8, 3563.29, 21, 1, smm_btc, 155025332103, False
btc_pax, None, 0.8, 3563.29, 21, 1, smm_btc, 155025332103, True
btc_pax, None, 0.629339, 3566.51, 23, 1, smm_btc, 155025331501, True
btc_pax, None, 0.8, 3557.13, 21, 1, smm_btc, 155025333306, False
btc_pax, None, 0.629339, 3572.67, 23, 1, smm_btc, 155025333307, False
btc_pax, None, 0.8, 3557.13, 21, 1, smm_btc, 155025333306, True
btc_pax, None, 0.8, 3563.29, 21, 1, smm_btc, 155025334209, False
btc_pax, None, 0.629339, 3572.67, 23, 1, smm_btc, 155025333307, True
btc_pax, None, 0.8, 3563.29, 21, 1, smm_btc, 155025334209, True
btc_pax, None, 0.629339, 3566.45, 23, 1, smm_btc, 155025334512, False
btc_pax, None, 0.8, 3563.3, 21, 1, smm_btc, 155025334813, False
btc_pax, None, 0.8, 3563.3, 21, 1, smm_btc, 155025334813, True
btc_pax, None, 0.629339, 3566.45, 23, 1, smm_btc, 155025334512, True
btc_pax, None, 0.8, 3563.27, 21, 1, smm_btc, 155025335616, False
btc_pax, None, 0.629339, 3566.48, 23, 1, smm_btc, 155025335617, False
btc_pax, None, 0.8, 3563.27, 21, 1, smm_btc, 155025335616, True
btc_pax, None, 0.629339, 3566.48, 23, 1, smm_btc, 155025335617, True
btc_pax, None, 0.8, 3563.3, 21, 1, smm_btc, 155025336220, False
btc_pax, None, 0.629339, 3566.45, 23, 1, smm_btc, 155025336221, False
btc_pax, None, 0.8, 3563.3, 21, 1, smm_btc, 155025336220, True
btc_pax, None, 0.8, 3563.31, 21, 1, smm_btc, 155025337523, False
btc_pax, None, 0.629339, 3566.45, 23, 1, smm_btc, 155025336221, True
btc_pax, None, 0.629339, 3566.55, 23, 1, smm_btc, 155025338325, False
btc_pax, None, 0.629339, 3566.55, 23, 1, smm_btc, 155025338325, True
btc_pax, None, 0.629339, 3566.14, 23, 1, smm_btc, 155025339727, False
btc_pax, None, 0.8, 3563.31, 21, 1, smm_btc, 155025337523, True
btc_pax, None, 0.8, 3563.32, 21, 1, smm_btc, 155025340429, False
btc_pax, None, 0.629339, 3566.14, 23, 1, smm_btc, 155025339727, True
btc_pax, None, 0.629339, 3566.58, 23, 1, smm_btc, 155025342031, False
btc_pax, None, 0.8, 3563.32, 21, 1, smm_btc, 155025340429, True
btc_pax, None, 0.629339, 3566.58, 23, 1, smm_btc, 155025342031, True
btc_pax, None, 0.8, 3563.3, 21, 1, smm_btc, 155025343934, False
btc_pax, None, 0.629339, 3566.61, 23, 1, smm_btc, 155025343935, False
btc_pax, None, 0.629339, 3566.61, 23, 1, smm_btc, 155025343935, True
btc_pax, None, 0.629339, 3566.61, 23, 1, smm_btc, 155025346737, False
btc_pax, None, 0.8, 3563.3, 21, 1, smm_btc, 155025343934, True
btc_pax, None, 0.629339, 3566.61, 23, 1, smm_btc, 155025346737, True
btc_pax, None, 0.8, 3563.33, 21, 1, smm_btc, 155025347940, False
btc_pax, None, 0.629339, 3566.58, 23, 1, smm_btc, 155025347941, False
btc_pax, None, 0.8, 3563.33, 21, 1, smm_btc, 155025347940, True
btc_pax, None, 0.8, 3563.34, 21, 1, smm_btc, 155025348543, False
btc_pax, None, 0.8, 3563.34, 21, 1, smm_btc, 155025348543, True
btc_pax, None, 0.629339, 3566.58, 23, 1, smm_btc, 155025347941, True
btc_pax, None, 0.8, 3563.31, 21, 1, smm_btc, 155025349146, False
btc_pax, None, 0.629339, 3566.61, 23, 1, smm_btc, 155025349147, False
btc_pax, None, 0.8, 3563.31, 21, 1, smm_btc, 155025349146, True
btc_pax, None, 0.629339, 3566.61, 23, 1, smm_btc, 155025349147, True
btc_pax, None, 0.8, 3563.34, 21, 1, smm_btc, 155025351250, False
btc_pax, None, 0.629339, 3566.6, 23, 1, smm_btc, 155025351751, False
btc_pax, None, 0.629339, 3566.6, 23, 1, smm_btc, 155025351751, True
btc_pax, None, 0.8, 3563.34, 21, 1, smm_btc, 155025351250, True
btc_pax, None, 0.629339, 3566.61, 23, 1, smm_btc, 155025352354, False
btc_pax, None, 0.8, 3563.25, 21, 1, smm_btc, 155025352655, False
btc_pax, None, 0.8, 3563.25, 21, 1, smm_btc, 155025352655, True
btc_pax, None, 0.629339, 3566.61, 23, 1, smm_btc, 155025352354, True
btc_pax, None, 0.8, 3563.28, 21, 1, smm_btc, 155025353558, False
btc_pax, None, 0.629339, 3566.58, 23, 1, smm_btc, 155025353559, False
btc_pax, None, 0.8, 3563.28, 21, 1, smm_btc, 155025353558, True
btc_pax, None, 0.629339, 3566.58, 23, 1, smm_btc, 155025353559, True
btc_pax, None, 0.8, 3563.25, 21, 1, smm_btc, 155025355262, False
btc_pax, None, 0.629339, 3566.61, 23, 1, smm_btc, 155025355263, False
btc_pax, None, 0.8, 3563.25, 21, 1, smm_btc, 155025355262, True
btc_pax, None, 0.629339, 3566.61, 23, 1, smm_btc, 155025355263, True
btc_pax, None, 0.8, 3557.13, 21, 1, smm_btc, 155025356466, False
btc_pax, None, 0.629339, 3575.47, 23, 1, smm_btc, 155025356567, False
btc_pax, None, 0.8, 3557.13, 21, 1, smm_btc, 155025356466, True
btc_pax, None, 0.8, 3563.25, 21, 1, smm_btc, 155025357069, False
btc_pax, None, 0.629339, 3575.47, 23, 1, smm_btc, 155025356567, True
btc_pax, None, 0.8, 3563.25, 21, 1, smm_btc, 155025357069, True
btc_pax, None, 0.629339, 3567.56, 23, 1, smm_btc, 155025357472, False
btc_pax, None, 0.8, 3563.28, 21, 1, smm_btc, 155025357773, False
btc_pax, None, 0.629339, 3567.56, 23, 1, smm_btc, 155025357472, True
btc_pax, None, 0.629339, 3566.26, 23, 1, smm_btc, 155025360975, False
btc_pax, None, 0.8, 3563.28, 21, 1, smm_btc, 155025357773, True
btc_pax, None, 0.629339, 3566.26, 23, 1, smm_btc, 155025360975, True
btc_pax, None, 0.8, 3563.25, 21, 1, smm_btc, 155025363078, False
btc_pax, None, 0.629339, 3566.29, 23, 1, smm_btc, 155025363079, False
btc_pax, None, 0.8, 3563.25, 21, 1, smm_btc, 155025363078, True
btc_pax, None, 0.629339, 3566.29, 23, 1, smm_btc, 155025363079, True
btc_pax, None, 0.8, 3563.28, 21, 1, smm_btc, 155025364882, False
btc_pax, None, 0.629339, 3566.26, 23, 1, smm_btc, 155025364883, False
btc_pax, None, 0.8, 3563.28, 21, 1, smm_btc, 155025364882, True
btc_pax, None, 0.629339, 3566.26, 23, 1, smm_btc, 155025364883, True
btc_pax, None, 0.8, 3563.24, 21, 1, smm_btc, 155025377886, False
btc_pax, None, 0.629339, 3566.3, 23, 1, smm_btc, 155025377887, False
btc_pax, None, 0.8, 3563.24, 21, 1, smm_btc, 155025377886, True
btc_pax, None, 0.629339, 3566.3, 23, 1, smm_btc, 155025377887, True
btc_pax, None, 0.8, 3563.28, 21, 1, smm_btc, 155025378490, False
btc_pax, None, 0.629339, 3566.26, 23, 1, smm_btc, 155025378491, False
btc_pax, None, 0.629339, 3566.26, 23, 1, smm_btc, 155025378491, True
btc_pax, None, 0.629339, 3567.97, 23, 1, smm_btc, 155025379393, False
btc_pax, None, 0.8, 3563.28, 21, 1, smm_btc, 155025378490, True
btc_pax, None, 0.629339, 3567.97, 23, 1, smm_btc, 155025379393, True
btc_pax, None, 0.8, 3557.63, 21, 1, smm_btc, 155025380596, False
btc_pax, None, 0.629339, 3574.95, 23, 1, smm_btc, 155025380597, False
btc_pax, None, 0.8, 3557.63, 21, 1, smm_btc, 155025380596, True
btc_pax, None, 0.629339, 3574.95, 23, 1, smm_btc, 155025380597, True
btc_pax, None, 0.8, 3563.28, 21, 1, smm_btc, 155025381300, False
btc_pax, None, 0.629339, 3566.19, 23, 1, smm_btc, 155025381301, False
btc_pax, None, 0.8, 3563.28, 21, 1, smm_btc, 155025381300, True
btc_pax, None, 0.8, 3563.37, 21, 1, smm_btc, 155025384703, False
btc_pax, None, 0.629339, 3566.19, 23, 1, smm_btc, 155025381301, True
btc_pax, None, 0.8, 3563.37, 21, 1, smm_btc, 155025384703, True
btc_pax, None, 0.629339, 3567.96, 23, 1, smm_btc, 155025386206, False
btc_pax, None, 0.8, 3563.38, 21, 1, smm_btc, 155025386707, False
btc_pax, None, 0.8, 3563.38, 21, 1, smm_btc, 155025386707, True
btc_pax, None, 0.629339, 3567.96, 23, 1, smm_btc, 155025386206, True
btc_pax, None, 0.8, 3563.47, 21, 1, smm_btc, 155025390610, False
btc_pax, None, 0.8, 3563.47, 21, 1, smm_btc, 155025390610, True
btc_pax, None, 0.629339, 3572.93, 23, 1, smm_btc, 155025390912, False
btc_pax, None, 0.629339, 3572.93, 23, 1, smm_btc, 155025390912, True
btc_pax, None, 0.629339, 3567.96, 23, 1, smm_btc, 155025391614, False
btc_pax, None, 0.8, 3563.47, 21, 1, smm_btc, 155025392815, False
btc_pax, None, 0.8, 3563.47, 21, 1, smm_btc, 155025392815, True
btc_pax, None, 0.8, 3563.64, 21, 1, smm_btc, 155025394117, False
btc_pax, None, 0.8, 3563.64, 21, 1, smm_btc, 155025394117, True
btc_pax, None, 0.8, 3557.64, 21, 1, smm_btc, 155025396019, False
btc_pax, None, 0.629339, 3567.96, 23, 1, smm_btc, 155025391614, True
btc_pax, None, 0.629339, 3567.99, 23, 1, smm_btc, 155025396321, False
btc_pax, None, 0.629339, 3567.99, 23, 1, smm_btc, 155025396321, True
btc_pax, None, 0.629339, 3567.96, 23, 1, smm_btc, 155025396923, False
btc_pax, None, 0.8, 3557.64, 21, 1, smm_btc, 155025396019, True
btc_pax, None, 0.8, 3563.66, 21, 1, smm_btc, 155025397925, False
btc_pax, None, 0.629339, 3567.96, 23, 1, smm_btc, 155025396923, True
btc_pax, None, 0.629339, 3567.41, 23, 1, smm_btc, 155025399327, False
btc_pax, None, 0.8, 3563.66, 21, 1, smm_btc, 155025397925, True
btc_pax, None, 0.8, 3563.67, 21, 1, smm_btc, 155025404229, False
btc_pax, None, 0.8, 3563.67, 21, 1, smm_btc, 155025404229, True
btc_pax, None, 0.8, 3563.66, 21, 1, smm_btc, 155025407631, False
btc_pax, None, 0.8, 3563.66, 21, 1, smm_btc, 155025407631, True
btc_pax, None, 0.8, 3563.28, 21, 1, smm_btc, 155025410833, False
btc_pax, None, 0.8, 3563.28, 21, 1, smm_btc, 155025410833, True
btc_pax, None, 0.8, 3563.26, 21, 1, smm_btc, 155025412735, False
btc_pax, None, 0.629339, 3567.41, 23, 1, smm_btc, 155025399327, True
btc_pax, None, 0.8, 3563.26, 21, 1, smm_btc, 155025412735, True
btc_pax, None, 0.629339, 3567.41, 23, 1, smm_btc, 155025413638, False
btc_pax, None, 0.8, 3563.29, 21, 1, smm_btc, 155025413939, False
btc_pax, None, 0.8, 3563.29, 21, 1, smm_btc, 155025413939, True
btc_pax, None, 0.8, 3563.3, 21, 1, smm_btc, 155025415841, False
btc_pax, None, 0.629339, 3567.41, 23, 1, smm_btc, 155025413638, True
btc_pax, None, 0.629339, 3567.4, 23, 1, smm_btc, 155025419343, False
btc_pax, None, 0.8, 3563.3, 21, 1, smm_btc, 155025415841, True
btc_pax, None, 0.8, 3563.31, 21, 1, smm_btc, 155025419945, False
btc_pax, None, 0.8, 3563.31, 21, 1, smm_btc, 155025419945, True
btc_pax, None, 0.8, 3565.36, 21, 1, smm_btc, 155025420647, False
btc_pax, None, 0.8, 3565.36, 21, 1, smm_btc, 155025420647, True
btc_pax, None, 0.8, 3563.31, 21, 1, smm_btc, 155025421349, False
btc_pax, None, 0.629339, 3567.4, 23, 1, smm_btc, 155025419343, True
btc_pax, None, 0.629339, 3567.41, 23, 1, smm_btc, 155025422251, False
btc_pax, None, 0.8, 3563.31, 21, 1, smm_btc, 155025421349, True
btc_pax, None, 0.8, 3565.36, 21, 1, smm_btc, 155025423653, False
btc_pax, None, 0.629339, 3567.41, 23, 1, smm_btc, 155025422251, True
btc_pax, None, 0.629339, 3566.81, 23, 1, smm_btc, 155025429055, False
btc_pax, None, 0.8, 3565.36, 21, 1, smm_btc, 155025423653, True
btc_pax, None, 0.629339, 3566.81, 23, 1, smm_btc, 155025429055, True
btc_pax, None, 0.8, 3565.32, 21, 1, smm_btc, 155025430858, False
btc_pax, None, 0.629339, 3566.85, 23, 1, smm_btc, 155025430859, False
btc_pax, None, 0.8, 3565.32, 21, 1, smm_btc, 155025430858, True
btc_pax, None, 0.629339, 3566.85, 23, 1, smm_btc, 155025430859, True
btc_pax, None, 0.8, 3565.36, 21, 1, smm_btc, 155025431462, False
btc_pax, None, 0.629339, 3566.81, 23, 1, smm_btc, 155025431463, False
btc_pax, None, 0.8, 3565.36, 21, 1, smm_btc, 155025431462, True
btc_pax, None, 0.249006, 3563.37, 21, 1, smm_btc, 155025435465, False
btc_pax, None, 0.629339, 3566.81, 23, 1, smm_btc, 155025431463, True
btc_pax, None, 0.249006, 3563.37, 21, 1, smm_btc, 155025435465, True
btc_pax, None, 0.629339, 3566.79, 23, 1, smm_btc, 155025435768, False
btc_pax, None, 0.249006, 3563.41, 21, 1, smm_btc, 155025436169, False
btc_pax, None, 0.629339, 3566.79, 23, 1, smm_btc, 155025435768, True
btc_pax, None, 0.249006, 3563.41, 21, 1, smm_btc, 155025436169, True
btc_pax, None, 0.629339, 3566.84, 23, 1, smm_btc, 155025436472, False
btc_pax, None, 0.249006, 3563.37, 21, 1, smm_btc, 155025436773, False
btc_pax, None, 0.629339, 3566.84, 23, 1, smm_btc, 155025436472, True
btc_pax, None, 0.249006, 3563.37, 21, 1, smm_btc, 155025436773, True
btc_pax, None, 0.629339, 3566.84, 23, 1, smm_btc, 155025437676, False
btc_pax, None, 0.249006, 3563.37, 21, 1, smm_btc, 155025437977, False
btc_pax, None, 0.629339, 3566.84, 23, 1, smm_btc, 155025437676, True
btc_pax, None, 0.629339, 3566.85, 23, 1, smm_btc, 155025438279, False
btc_pax, None, 0.249006, 3563.37, 21, 1, smm_btc, 155025437977, True
btc_pax, None, 0.629339, 3566.85, 23, 1, smm_btc, 155025438279, True
btc_pax, None, 0.629339, 3566.81, 23, 1, smm_btc, 155025439582, False
btc_pax, None, 0.249006, 3565.48, 21, 1, smm_btc, 155025440183, False
btc_pax, None, 0.629339, 3566.81, 23, 1, smm_btc, 155025439582, True
btc_pax, None, 0.629339, 3566.83, 23, 1, smm_btc, 155025440485, False
btc_pax, None, 0.629339, 3566.83, 23, 1, smm_btc, 155025440485, True
btc_pax, None, 0.249006, 3565.48, 21, 1, smm_btc, 155025440183, True
btc_pax, None, 0.629339, 3566.81, 23, 1, smm_btc, 155025441988, False
btc_pax, None, 0.249006, 3563.41, 21, 1, smm_btc, 155025442589, False
btc_pax, None, 0.249006, 3563.41, 21, 1, smm_btc, 155025442589, True
btc_pax, None, 0.249006, 3565.42, 21, 1, smm_btc, 155025445291, False
btc_pax, None, 0.249006, 3565.42, 21, 1, smm_btc, 155025445291, True
btc_pax, None, 0.249006, 3557.64, 21, 1, smm_btc, 155025446993, False
btc_pax, None, 0.8, 3576.41, 23, 1, smm_btc, 155025446994, False
btc_pax, None, 0.249006, 3557.64, 21, 1, smm_btc, 155025446993, True
btc_pax, None, 0.8, 3576.41, 23, 1, smm_btc, 155025446994, True
btc_pax, None, 0.8, 3568.63, 23, 1, smm_btc, 155025448497, False
btc_pax, None, 0.249006, 3558.67, 21, 1, smm_btc, 155025448898, False
btc_pax, None, 0.8, 3568.63, 23, 1, smm_btc, 155025448497, True
btc_pax, None, 0.8, 3577.33, 23, 1, smm_btc, 155025449100, False
btc_pax, None, 0.8, 3577.33, 23, 1, smm_btc, 155025449100, True
btc_pax, None, 0.249006, 3558.67, 21, 1, smm_btc, 155025448898, True
btc_pax, None, 0.8, 3568.63, 23, 1, smm_btc, 155025449803, False
btc_pax, None, 0.249006, 3563.41, 21, 1, smm_btc, 155025450104, False
btc_pax, None, 0.249006, 3563.41, 21, 1, smm_btc, 155025450104, True
btc_pax, None, 0.8, 3568.63, 23, 1, smm_btc, 155025449803, True
btc_pax, None, 0.8, 3568.66, 23, 1, smm_btc, 155025451707, False
btc_pax, None, 0.249006, 3563.38, 21, 1, smm_btc, 155025452008, False
btc_pax, None, 0.249006, 3563.38, 21, 1, smm_btc, 155025452008, True
btc_pax, None, 0.8, 3568.66, 23, 1, smm_btc, 155025451707, True
btc_pax, None, 0.249006, 3563.41, 21, 1, smm_btc, 155025452611, False
btc_pax, None, 0.8, 3568.63, 23, 1, smm_btc, 155025452612, False
btc_pax, None, 0.249006, 3563.41, 21, 1, smm_btc, 155025452611, True
btc_pax, None, 0.249006, 3563.42, 21, 1, smm_btc, 155025453214, False
btc_pax, None, 0.249006, 3563.42, 21, 1, smm_btc, 155025453214, True
btc_pax, None, 0.249006, 3563.43, 21, 1, smm_btc, 155025456516, False
btc_pax, None, 0.249006, 3563.43, 21, 1, smm_btc, 155025456516, True
btc_pax, None, 0.249006, 3563.44, 21, 1, smm_btc, 155025460018, False
btc_pax, None, 0.249006, 3563.44, 21, 1, smm_btc, 155025460018, True
btc_pax, None, 0.8, 3568.63, 23, 1, smm_btc, 155025452612, True
btc_pax, None, 0.249006, 3567.24, 21, 1, smm_btc, 155025463121, False
btc_pax, None, 0.687596, 3576.93, 23, 1, smm_btc, 155025463222, False
btc_pax, None, 0.249006, 3567.24, 21, 1, smm_btc, 155025463121, True
btc_pax, None, 0.249006, 3567.32, 21, 1, smm_btc, 155025463824, False
btc_pax, None, 0.687596, 3576.93, 23, 1, smm_btc, 155025463222, True
btc_pax, None, 0.249006, 3567.32, 21, 1, smm_btc, 155025463824, True
btc_pax, None, 0.687596, 3576.42, 23, 1, smm_btc, 155025464327, False
btc_pax, None, 0.249006, 3567.22, 21, 1, smm_btc, 155025465128, False
btc_pax, None, 0.249006, 3567.22, 21, 1, smm_btc, 155025465128, True
btc_pax, None, 0.249006, 3567.24, 21, 1, smm_btc, 155025465830, False
btc_pax, None, 0.687596, 3576.42, 23, 1, smm_btc, 155025464327, True
btc_pax, None, 0.249006, 3567.24, 21, 1, smm_btc, 155025465830, True
btc_pax, None, 0.687596, 3576.93, 23, 1, smm_btc, 155025466633, False
btc_pax, None, 0.249006, 3567.22, 21, 1, smm_btc, 155025466834, False
btc_pax, None, 0.249006, 3567.22, 21, 1, smm_btc, 155025466834, True
btc_pax, None, 0.249006, 3567.24, 21, 1, smm_btc, 155025467936, False
btc_pax, None, 0.687596, 3576.93, 23, 1, smm_btc, 155025466633, True
btc_pax, None, 0.249006, 3567.24, 21, 1, smm_btc, 155025467936, True
btc_pax, None, 0.687596, 3577.64, 23, 1, smm_btc, 155025468239, False
btc_pax, None, 0.249006, 3567.3, 21, 1, smm_btc, 155025468540, False
btc_pax, None, 0.687596, 3577.64, 23, 1, smm_btc, 155025468239, True
btc_pax, None, 0.249006, 3567.3, 21, 1, smm_btc, 155025468540, True
btc_pax, None, 0.687596, 3576.93, 23, 1, smm_btc, 155025468843, False
btc_pax, None, 0.249006, 3567.33, 21, 1, smm_btc, 155025469244, False
btc_pax, None, 0.249006, 3567.33, 21, 1, smm_btc, 155025469244, True
btc_pax, None, 0.249006, 3567.37, 21, 1, smm_btc, 155025469946, False
btc_pax, None, 0.687596, 3576.93, 23, 1, smm_btc, 155025468843, True
btc_pax, None, 0.249006, 3567.37, 21, 1, smm_btc, 155025469946, True
btc_pax, None, 0.687596, 3576.93, 23, 1, smm_btc, 155025470249, False
btc_pax, None, 0.249006, 3567.39, 21, 1, smm_btc, 155025470650, False
btc_pax, None, 0.249006, 3567.39, 21, 1, smm_btc, 155025470650, True
btc_pax, None, 0.687596, 3576.93, 23, 1, smm_btc, 155025470249, True
btc_pax, None, 0.249006, 3567.42, 21, 1, smm_btc, 155025471353, False
btc_pax, None, 0.687596, 3576.42, 23, 1, smm_btc, 155025471354, False
btc_pax, None, 0.249006, 3567.42, 21, 1, smm_btc, 155025471353, True
btc_pax, None, 0.687596, 3576.42, 23, 1, smm_btc, 155025471354, True
btc_pax, None, 0.249006, 3567.44, 21, 1, smm_btc, 155025472057, False
btc_pax, None, 0.687596, 3576.42, 23, 1, smm_btc, 155025472058, False
btc_pax, None, 0.249006, 3567.44, 21, 1, smm_btc, 155025472057, True
btc_pax, None, 0.249006, 3567.46, 21, 1, smm_btc, 155025472760, False
btc_pax, None, 0.687596, 3576.42, 23, 1, smm_btc, 155025472058, True
btc_pax, None, 0.249006, 3567.46, 21, 1, smm_btc, 155025472760, True
btc_pax, None, 0.687596, 3576.06, 23, 1, smm_btc, 155025473963, False
btc_pax, None, 0.249006, 3567.48, 21, 1, smm_btc, 155025474264, False
btc_pax, None, 0.687596, 3576.06, 23, 1, smm_btc, 155025473963, True
btc_pax, None, 0.249006, 3567.48, 21, 1, smm_btc, 155025474264, True
btc_pax, None, 0.687596, 3576.06, 23, 1, smm_btc, 155025474567, False
btc_pax, None, 0.249006, 3567.5, 21, 1, smm_btc, 155025475168, False
btc_pax, None, 0.249006, 3567.5, 21, 1, smm_btc, 155025475168, True
btc_pax, None, 0.687596, 3576.06, 23, 1, smm_btc, 155025474567, True
btc_pax, None, 0.249006, 3567.52, 21, 1, smm_btc, 155025475771, False
btc_pax, None, 0.687596, 3576.93, 23, 1, smm_btc, 155025475772, False
btc_pax, None, 0.687596, 3576.93, 23, 1, smm_btc, 155025475772, True
btc_pax, None, 0.687596, 3576.42, 23, 1, smm_btc, 155025479174, False
btc_pax, None, 0.687596, 3576.42, 23, 1, smm_btc, 155025479174, True
btc_pax, None, 0.687596, 3576.06, 23, 1, smm_btc, 155025479776, False
btc_pax, None, 0.249006, 3567.52, 21, 1, smm_btc, 155025475771, True
btc_pax, None, 0.687596, 3576.06, 23, 1, smm_btc, 155025479776, True
btc_pax, None, 0.249006, 3567.54, 21, 1, smm_btc, 155025481679, False
btc_pax, None, 0.687596, 3577.37, 23, 1, smm_btc, 155025481680, False
btc_pax, None, 0.249006, 3567.54, 21, 1, smm_btc, 155025481679, True
btc_pax, None, 0.249006, 3567.69, 21, 1, smm_btc, 155025482282, False
btc_pax, None, 0.687596, 3577.37, 23, 1, smm_btc, 155025481680, True
btc_pax, None, 0.249006, 3567.69, 21, 1, smm_btc, 155025482282, True
btc_pax, None, 0.687596, 3576.42, 23, 1, smm_btc, 155025482685, False
btc_pax, None, 0.249006, 3567.88, 21, 1, smm_btc, 155025482886, False
btc_pax, None, 0.249006, 3567.88, 21, 1, smm_btc, 155025482886, True
btc_pax, None, 0.687596, 3576.42, 23, 1, smm_btc, 155025482685, True
btc_pax, None, 0.249006, 3567.9, 21, 1, smm_btc, 155025483589, False
btc_pax, None, 0.687596, 3576.06, 23, 1, smm_btc, 155025483590, False
btc_pax, None, 0.249006, 3567.9, 21, 1, smm_btc, 155025483589, True
btc_pax, None, 0.249006, 3568.01, 21, 1, smm_btc, 155025484392, False
btc_pax, None, 0.249006, 3568.01, 21, 1, smm_btc, 155025484392, True
btc_pax, None, 0.687596, 3576.06, 23, 1, smm_btc, 155025483590, True
btc_pax, None, 0.249006, 3568.17, 21, 1, smm_btc, 155025484995, False
btc_pax, None, 0.687596, 3576.06, 23, 1, smm_btc, 155025484996, False
btc_pax, None, 0.249006, 3568.17, 21, 1, smm_btc, 155025484995, True
btc_pax, None, 0.687596, 3576.06, 23, 1, smm_btc, 155025484996, True
btc_pax, None, 0.249006, 3568.19, 21, 1, smm_btc, 155025485799, False
btc_pax, None, 0.687596, 3576.42, 23, 1, smm_btc, 155025485700, False
btc_pax, None, 0.249006, 3568.19, 21, 1, smm_btc, 155025485799, True
btc_pax, None, 0.687596, 3576.42, 23, 1, smm_btc, 155025485700, True
btc_pax, None, 0.249006, 3568.28, 21, 1, smm_btc, 155025486303, False
btc_pax, None, 0.687596, 3576.06, 23, 1, smm_btc, 155025486304, False
btc_pax, None, 0.249006, 3568.28, 21, 1, smm_btc, 155025486303, True
btc_pax, None, 0.687596, 3576.06, 23, 1, smm_btc, 155025486304, True
btc_pax, None, 0.249006, 3568.32, 21, 1, smm_btc, 155025487007, False
btc_pax, None, 0.687596, 3576.42, 23, 1, smm_btc, 155025487108, False
btc_pax, None, 0.249006, 3568.32, 21, 1, smm_btc, 155025487007, True
btc_pax, None, 0.249006, 3568.34, 21, 1, smm_btc, 155025488510, False
btc_pax, None, 0.687596, 3576.42, 23, 1, smm_btc, 155025487108, True
btc_pax, None, 0.249006, 3568.34, 21, 1, smm_btc, 155025488510, True
btc_pax, None, 0.687596, 3576.42, 23, 1, smm_btc, 155025488813, False
btc_pax, None, 0.249006, 3568.36, 21, 1, smm_btc, 155025489114, False
btc_pax, None, 0.249006, 3568.36, 21, 1, smm_btc, 155025489114, True
btc_pax, None, 0.249006, 3568.39, 21, 1, smm_btc, 155025489816, False
btc_pax, None, 0.687596, 3576.42, 23, 1, smm_btc, 155025488813, True
btc_pax, None, 0.249006, 3568.39, 21, 1, smm_btc, 155025489816, True
btc_pax, None, 0.687596, 3575.7, 23, 1, smm_btc, 155025490119, False
btc_pax, None, 0.249006, 3568.44, 21, 1, smm_btc, 155025490720, False
btc_pax, None, 0.249006, 3568.44, 21, 1, smm_btc, 155025490720, True
btc_pax, None, 0.249006, 3568.46, 21, 1, smm_btc, 155025491422, False
btc_pax, None, 0.249006, 3568.46, 21, 1, smm_btc, 155025491422, True
btc_pax, None, 0.687596, 3575.7, 23, 1, smm_btc, 155025490119, True
btc_pax, None, 0.249006, 3568.48, 21, 1, smm_btc, 155025492225, False
btc_pax, None, 0.687596, 3576.06, 23, 1, smm_btc, 155025492226, False
btc_pax, None, 0.249006, 3568.48, 21, 1, smm_btc, 155025492225, True
btc_pax, None, 0.687596, 3576.06, 23, 1, smm_btc, 155025492226, True
btc_pax, None, 0.249006, 3568.5, 21, 1, smm_btc, 155025492829, False
btc_pax, None, 0.687596, 3575.7, 23, 1, smm_btc, 155025492930, False
btc_pax, None, 0.249006, 3568.5, 21, 1, smm_btc, 155025492829, True
btc_pax, None, 0.249006, 3568.52, 21, 1, smm_btc, 155025494632, False
btc_pax, None, 0.687596, 3575.7, 23, 1, smm_btc, 155025492930, True
btc_pax, None, 0.249006, 3568.52, 21, 1, smm_btc, 155025494632, True
btc_pax, None, 0.687596, 3575.7, 23, 1, smm_btc, 155025495035, False
btc_pax, None, 0.249006, 3568.54, 21, 1, smm_btc, 155025495436, False
btc_pax, None, 0.687596, 3575.7, 23, 1, smm_btc, 155025495035, True
btc_pax, None, 0.249006, 3568.54, 21, 1, smm_btc, 155025495436, True
btc_pax, None, 0.687596, 3575.7, 23, 1, smm_btc, 155025495939, False
btc_pax, None, 0.249006, 3568.56, 21, 1, smm_btc, 155025496440, False
btc_pax, None, 0.687596, 3575.7, 23, 1, smm_btc, 155025495939, True
btc_pax, None, 0.249006, 3568.56, 21, 1, smm_btc, 155025496440, True
btc_pax, None, 0.687596, 3575.7, 23, 1, smm_btc, 155025497043, False
btc_pax, None, 0.249006, 3568.58, 21, 1, smm_btc, 155025497544, False
btc_pax, None, 0.249006, 3568.58, 21, 1, smm_btc, 155025497544, True
btc_pax, None, 0.249006, 3568.6, 21, 1, smm_btc, 155025498146, False
btc_pax, None, 0.687596, 3575.7, 23, 1, smm_btc, 155025497043, True
btc_pax, None, 0.249006, 3568.6, 21, 1, smm_btc, 155025498146, True
btc_pax, None, 0.687596, 3575.7, 23, 1, smm_btc, 155025498649, False
btc_pax, None, 0.249006, 3568.62, 21, 1, smm_btc, 155025499150, False
btc_pax, None, 0.249006, 3568.62, 21, 1, smm_btc, 155025499150, True
btc_pax, None, 0.249006, 3568.64, 21, 1, smm_btc, 155025500752, False
btc_pax, None, 0.687596, 3575.7, 23, 1, smm_btc, 155025498649, True
btc_pax, None, 0.249006, 3568.64, 21, 1, smm_btc, 155025500752, True
btc_pax, None, 0.687596, 3575.7, 23, 1, smm_btc, 155025501055, False
btc_pax, None, 0.249006, 3568.66, 21, 1, smm_btc, 155025501356, False
btc_pax, None, 0.249006, 3568.66, 21, 1, smm_btc, 155025501356, True
btc_pax, None, 0.230436, 3567.65, 21, 1, smm_btc, 155025503258, False
btc_pax, None, 0.687596, 3575.7, 23, 1, smm_btc, 155025501055, True
btc_pax, None, 0.230436, 3567.65, 21, 1, smm_btc, 155025503258, True
btc_pax, None, 0.687596, 3575.68, 23, 1, smm_btc, 155025503561, False
btc_pax, None, 0.230436, 3567.87, 21, 1, smm_btc, 155025503862, False
btc_pax, None, 0.230436, 3567.87, 21, 1, smm_btc, 155025503862, True
btc_pax, None, 0.687596, 3575.68, 23, 1, smm_btc, 155025503561, True
btc_pax, None, 0.230436, 3567.93, 21, 1, smm_btc, 155025504565, False
btc_pax, None, 0.687596, 3575.68, 23, 1, smm_btc, 155025504566, False
btc_pax, None, 0.230436, 3567.93, 21, 1, smm_btc, 155025504565, True
btc_pax, None, 0.230436, 3567.95, 21, 1, smm_btc, 155025505268, False
btc_pax, None, 0.687596, 3575.68, 23, 1, smm_btc, 155025504566, True
btc_pax, None, 0.687596, 3575.7, 23, 1, smm_btc, 155025506270, False
btc_pax, None, 0.687596, 3575.7, 23, 1, smm_btc, 155025506270, True
btc_pax, None, 0.230436, 3567.95, 21, 1, smm_btc, 155025505268, True
btc_pax, None, 0.687596, 3576.06, 23, 1, smm_btc, 155025506973, False
btc_pax, None, 0.230436, 3567.98, 21, 1, smm_btc, 155025507274, False
btc_pax, None, 0.687596, 3576.06, 23, 1, smm_btc, 155025506973, True
btc_pax, None, 0.230436, 3567.98, 21, 1, smm_btc, 155025507274, True
btc_pax, None, 0.687596, 3576.42, 23, 1, smm_btc, 155025507577, False
btc_pax, None, 0.230436, 3568.15, 21, 1, smm_btc, 155025507978, False
btc_pax, None, 0.230436, 3568.15, 21, 1, smm_btc, 155025507978, True
btc_pax, None, 0.230436, 3568.19, 21, 1, smm_btc, 155025509380, False
btc_pax, None, 0.687596, 3576.42, 23, 1, smm_btc, 155025507577, True
btc_pax, None, 0.230436, 3568.19, 21, 1, smm_btc, 155025509380, True
btc_pax, None, 0.687596, 3576.06, 23, 1, smm_btc, 155025509983, False
btc_pax, None, 0.230436, 3568.23, 21, 1, smm_btc, 155025510284, False
btc_pax, None, 0.687596, 3576.06, 23, 1, smm_btc, 155025509983, True
btc_pax, None, 0.230436, 3568.23, 21, 1, smm_btc, 155025510284, True
btc_pax, None, 0.687596, 3576.06, 23, 1, smm_btc, 155025510587, False
btc_pax, None, 0.230436, 3568.39, 21, 1, smm_btc, 155025510888, False
btc_pax, None, 0.687596, 3576.06, 23, 1, smm_btc, 155025510587, True
btc_pax, None, 0.230436, 3568.39, 21, 1, smm_btc, 155025510888, True
btc_pax, None, 0.687596, 3577.5, 23, 1, smm_btc, 155025511191, False
btc_pax, None, 0.230436, 3568.67, 21, 1, smm_btc, 155025511492, False
btc_pax, None, 0.687596, 3577.5, 23, 1, smm_btc, 155025511191, True
btc_pax, None, 0.687596, 3577.51, 23, 1, smm_btc, 155025511894, False
btc_pax, None, 0.687596, 3577.51, 23, 1, smm_btc, 155025511894, True
btc_pax, None, 0.230436, 3568.67, 21, 1, smm_btc, 155025511492, True
btc_pax, None, 0.687596, 3577.64, 23, 1, smm_btc, 155025512497, False
btc_pax, None, 0.230436, 3568.69, 21, 1, smm_btc, 155025512798, False
btc_pax, None, 0.230436, 3568.69, 21, 1, smm_btc, 155025512798, True
btc_pax, None, 0.230436, 3568.71, 21, 1, smm_btc, 155025513400, False
btc_pax, None, 0.687596, 3577.64, 23, 1, smm_btc, 155025512497, True
btc_pax, None, 0.230436, 3568.71, 21, 1, smm_btc, 155025513400, True
btc_pax, None, 0.687596, 3577.78, 23, 1, smm_btc, 155025513803, False
btc_pax, None, 0.230436, 3568.73, 21, 1, smm_btc, 155025514104, False
btc_pax, None, 0.230436, 3568.73, 21, 1, smm_btc, 155025514104, True
btc_pax, None, 0.230436, 3568.75, 21, 1, smm_btc, 155025514706, False
btc_pax, None, 0.230436, 3568.75, 21, 1, smm_btc, 155025514706, True
btc_pax, None, 0.230436, 3568.84, 21, 1, smm_btc, 155025515408, False
btc_pax, None, 0.687596, 3577.78, 23, 1, smm_btc, 155025513803, True
btc_pax, None, 0.230436, 3568.84, 21, 1, smm_btc, 155025515408, True
btc_pax, None, 0.687596, 3578.01, 23, 1, smm_btc, 155025515711, False
btc_pax, None, 0.230436, 3568.89, 21, 1, smm_btc, 155025516012, False
btc_pax, None, 0.687596, 3578.01, 23, 1, smm_btc, 155025515711, True
btc_pax, None, 0.230436, 3568.89, 21, 1, smm_btc, 155025516012, True
btc_pax, None, 0.687596, 3578.01, 23, 1, smm_btc, 155025516615, False
btc_pax, None, 0.230436, 3568.74, 21, 1, smm_btc, 155025517116, False
btc_pax, None, 0.230436, 3568.74, 21, 1, smm_btc, 155025517116, True
btc_pax, None, 0.230436, 3568.69, 21, 1, smm_btc, 155025517918, False
btc_pax, None, 0.230436, 3568.69, 21, 1, smm_btc, 155025517918, True
btc_pax, None, 0.687596, 3578.01, 23, 1, smm_btc, 155025516615, True
btc_pax, None, 0.230436, 3568.67, 21, 1, smm_btc, 155025519621, False
btc_pax, None, 0.687596, 3578.01, 23, 1, smm_btc, 155025519622, False
btc_pax, None, 0.230436, 3568.67, 21, 1, smm_btc, 155025519621, True
btc_pax, None, 0.687596, 3578.01, 23, 1, smm_btc, 155025519622, True
btc_pax, None, 0.230436, 3568.68, 21, 1, smm_btc, 155025520325, False
btc_pax, None, 0.687596, 3577.78, 23, 1, smm_btc, 155025520326, False
btc_pax, None, 0.687596, 3577.78, 23, 1, smm_btc, 155025520326, True
btc_pax, None, 0.230436, 3568.68, 21, 1, smm_btc, 155025520325, True
btc_pax, None, 0.687596, 3578.01, 23, 1, smm_btc, 155025521829, False
btc_pax, None, 0.230436, 3568.7, 21, 1, smm_btc, 155025522130, False
btc_pax, None, 0.687596, 3578.01, 23, 1, smm_btc, 155025521829, True
btc_pax, None, 0.687596, 3577.79, 23, 1, smm_btc, 155025522832, False
btc_pax, None, 0.687596, 3577.79, 23, 1, smm_btc, 155025522832, True
btc_pax, None, 0.687596, 3578.06, 23, 1, smm_btc, 155025524634, False
btc_pax, None, 0.230436, 3568.7, 21, 1, smm_btc, 155025522130, True
btc_pax, None, 0.687596, 3578.06, 23, 1, smm_btc, 155025524634, True
btc_pax, None, 0.230436, 3568.72, 21, 1, smm_btc, 155025525537, False
btc_pax, None, 0.687596, 3578.1, 23, 1, smm_btc, 155025525538, False
btc_pax, None, 0.230436, 3568.72, 21, 1, smm_btc, 155025525537, True
btc_pax, None, 0.687596, 3578.1, 23, 1, smm_btc, 155025525538, True
btc_pax, None, 0.230436, 3568.81, 21, 1, smm_btc, 155025526141, False
btc_pax, None, 0.687596, 3578.04, 23, 1, smm_btc, 155025526142, False
btc_pax, None, 0.230436, 3568.81, 21, 1, smm_btc, 155025526141, True
btc_pax, None, 0.687596, 3578.04, 23, 1, smm_btc, 155025526142, True
btc_pax, None, 0.230436, 3568.88, 21, 1, smm_btc, 155025527045, False
btc_pax, None, 0.687596, 3578.06, 23, 1, smm_btc, 155025527046, False
btc_pax, None, 0.230436, 3568.88, 21, 1, smm_btc, 155025527045, True
btc_pax, None, 0.687596, 3578.06, 23, 1, smm_btc, 155025527046, True
btc_pax, None, 0.230436, 3568.8, 21, 1, smm_btc, 155025528049, False
btc_pax, None, 0.687596, 3578.06, 23, 1, smm_btc, 155025528050, False
btc_pax, None, 0.230436, 3568.8, 21, 1, smm_btc, 155025528049, True
btc_pax, None, 0.230436, 3568.78, 21, 1, smm_btc, 155025528652, False
btc_pax, None, 0.687596, 3578.06, 23, 1, smm_btc, 155025528050, True
btc_pax, None, 0.687596, 3578.04, 23, 1, smm_btc, 155025528954, False
btc_pax, None, 0.230436, 3568.78, 21, 1, smm_btc, 155025528652, True
btc_pax, None, 0.230436, 3568.78, 21, 1, smm_btc, 155025529856, False
btc_pax, None, 0.687596, 3578.04, 23, 1, smm_btc, 155025528954, True
btc_pax, None, 0.687596, 3578.04, 23, 1, smm_btc, 155025531158, False
btc_pax, None, 0.687596, 3578.04, 23, 1, smm_btc, 155025531158, True
btc_pax, None, 0.687596, 3578.01, 23, 1, smm_btc, 155025532460, False
btc_pax, None, 0.687596, 3578.01, 23, 1, smm_btc, 155025532460, True
btc_pax, None, 0.687596, 3578.01, 23, 1, smm_btc, 155025534062, False
btc_pax, None, 0.230436, 3568.78, 21, 1, smm_btc, 155025529856, True
btc_pax, None, 0.230436, 3568.84, 21, 1, smm_btc, 155025534664, False
btc_pax, None, 0.687596, 3578.01, 23, 1, smm_btc, 155025534062, True
btc_pax, None, 0.230436, 3568.84, 21, 1, smm_btc, 155025534664, True
btc_pax, None, 0.687596, 3578.01, 23, 1, smm_btc, 155025534967, False
btc_pax, None, 0.230436, 3568.89, 21, 1, smm_btc, 155025535268, False
btc_pax, None, 0.687596, 3578.01, 23, 1, smm_btc, 155025534967, True
btc_pax, None, 0.230436, 3568.89, 21, 1, smm_btc, 155025535268, True
btc_pax, None, 0.687596, 3578.04, 23, 1, smm_btc, 155025535971, False
btc_pax, None, 0.230436, 3568.92, 21, 1, smm_btc, 155025536772, False
btc_pax, None, 0.230436, 3568.92, 21, 1, smm_btc, 155025536772, True
btc_pax, None, 0.230436, 3568.94, 21, 1, smm_btc, 155025538574, False
btc_pax, None, 0.230436, 3568.94, 21, 1, smm_btc, 155025538574, True
btc_pax, None, 0.230436, 3568.78, 21, 1, smm_btc, 155025539776, False
btc_pax, None, 0.687596, 3578.04, 23, 1, smm_btc, 155025535971, True
btc_pax, None, 0.687596, 3577.99, 23, 1, smm_btc, 155025540678, False
btc_pax, None, 0.687596, 3577.99, 23, 1, smm_btc, 155025540678, True
btc_pax, None, 0.687596, 3577.99, 23, 1, smm_btc, 155025541380, False
btc_pax, None, 0.687596, 3577.99, 23, 1, smm_btc, 155025541380, True
btc_pax, None, 0.687596, 3577.89, 23, 1, smm_btc, 155025543182, False
btc_pax, None, 0.230436, 3568.78, 21, 1, smm_btc, 155025539776, True
btc_pax, None, 0.687596, 3577.89, 23, 1, smm_btc, 155025543182, True
btc_pax, None, 0.230436, 3568.82, 21, 1, smm_btc, 155025545985, False
btc_pax, None, 0.687596, 3577.91, 23, 1, smm_btc, 155025546086, False
btc_pax, None, 0.687596, 3577.91, 23, 1, smm_btc, 155025546086, True
btc_pax, None, 0.687596, 3577.89, 23, 1, smm_btc, 155025546788, False
btc_pax, None, 0.687596, 3577.89, 23, 1, smm_btc, 155025546788, True
btc_pax, None, 0.687596, 3577.89, 23, 1, smm_btc, 155025548390, False
btc_pax, None, 0.687596, 3577.89, 23, 1, smm_btc, 155025548390, True
btc_pax, None, 0.687596, 3577.64, 23, 1, smm_btc, 155025549192, False
btc_pax, None, 0.687596, 3577.64, 23, 1, smm_btc, 155025549192, True
btc_pax, None, 0.687596, 3577.64, 23, 1, smm_btc, 155025549894, False
btc_pax, None, 0.687596, 3577.64, 23, 1, smm_btc, 155025549894, True
btc_pax, None, 0.687596, 3577.91, 23, 1, smm_btc, 155025551496, False
btc_pax, None, 0.687596, 3577.91, 23, 1, smm_btc, 155025551496, True
btc_pax, None, 0.687596, 3577.64, 23, 1, smm_btc, 155025552598, False
btc_pax, None, 0.687596, 3577.64, 23, 1, smm_btc, 155025552598, True
btc_pax, None, 0.687596, 3577.91, 23, 1, smm_btc, 155025553300, False
btc_pax, None, 0.687596, 3577.91, 23, 1, smm_btc, 155025553300, True
btc_pax, None, 0.687596, 3577.91, 23, 1, smm_btc, 155025555802, False
btc_pax, None, 0.687596, 3577.91, 23, 1, smm_btc, 155025555802, True
btc_pax, None, 0.687596, 3577.91, 23, 1, smm_btc, 155025558504, False
btc_pax, None, 0.230436, 3568.82, 21, 1, smm_btc, 155025545985, True
btc_pax, None, 0.687596, 3577.91, 23, 1, smm_btc, 155025558504, True
btc_pax, None, 0.184424, 3565.31, 21, 1, smm_btc, 155025560807, False
btc_pax, None, 0.687596, 3570.15, 23, 1, smm_btc, 155025560808, False
btc_pax, None, 0.184424, 3565.31, 21, 1, smm_btc, 155025560807, True
btc_pax, None, 0.687596, 3570.15, 23, 1, smm_btc, 155025560808, True
btc_pax, None, 0.184424, 3565.34, 21, 1, smm_btc, 155025563911, False
btc_pax, None, 0.687596, 3570.12, 23, 1, smm_btc, 155025563912, False
btc_pax, None, 0.184424, 3565.34, 21, 1, smm_btc, 155025563911, True
btc_pax, None, 0.184424, 3565.35, 21, 1, smm_btc, 155025564614, False
btc_pax, None, 0.184424, 3565.35, 21, 1, smm_btc, 155025564614, True
btc_pax, None, 0.687596, 3570.12, 23, 1, smm_btc, 155025563912, True
btc_pax, None, 0.184424, 3565.31, 21, 1, smm_btc, 155025569517, False
btc_pax, None, 0.687596, 3570.16, 23, 1, smm_btc, 155025569518, False
btc_pax, None, 0.184424, 3565.31, 21, 1, smm_btc, 155025569517, True
btc_pax, None, 0.687596, 3570.16, 23, 1, smm_btc, 155025569518, True
btc_pax, None, 0.184424, 3565.35, 21, 1, smm_btc, 155025570521, False
btc_pax, None, 0.687596, 3570.12, 23, 1, smm_btc, 155025570522, False
btc_pax, None, 0.184424, 3565.35, 21, 1, smm_btc, 155025570521, True
btc_pax, None, 0.184424, 3565.36, 21, 1, smm_btc, 155025571224, False
btc_pax, None, 0.184424, 3565.36, 21, 1, smm_btc, 155025571224, True
btc_pax, None, 0.687596, 3570.12, 23, 1, smm_btc, 155025570522, True
btc_pax, None, 0.184424, 3565.32, 21, 1, smm_btc, 155025573627, False
btc_pax, None, 0.184424, 3565.32, 21, 1, smm_btc, 155025573627, True
btc_pax, None, 0.687596, 3569.38, 23, 1, smm_btc, 155025574029, False
btc_pax, None, 0.184424, 3565.33, 21, 1, smm_btc, 155025574630, False
btc_pax, None, 0.184424, 3565.33, 21, 1, smm_btc, 155025574630, True
btc_pax, None, 0.687596, 3569.38, 23, 1, smm_btc, 155025574029, True
btc_pax, None, 0.184424, 3565.36, 21, 1, smm_btc, 155025577333, False
btc_pax, None, 0.687596, 3569.35, 23, 1, smm_btc, 155025577434, False
btc_pax, None, 0.184424, 3565.36, 21, 1, smm_btc, 155025577333, True
btc_pax, None, 0.687596, 3569.35, 23, 1, smm_btc, 155025577434, True
btc_pax, None, 0.184424, 3559.12, 21, 1, smm_btc, 155025578637, False
btc_pax, None, 0.687596, 3577.64, 23, 1, smm_btc, 155025578638, False
btc_pax, None, 0.184424, 3559.12, 21, 1, smm_btc, 155025578637, True
btc_pax, None, 0.184424, 3565.34, 21, 1, smm_btc, 155025579240, False
btc_pax, None, 0.184424, 3565.34, 21, 1, smm_btc, 155025579240, True
btc_pax, None, 0.184424, 3565.37, 21, 1, smm_btc, 155025579842, False
btc_pax, None, 0.184424, 3565.37, 21, 1, smm_btc, 155025579842, True
btc_pax, None, 0.687596, 3577.64, 23, 1, smm_btc, 155025578638, True
btc_pax, None, 0.184424, 3565.34, 21, 1, smm_btc, 155025580645, False
btc_pax, None, 0.687596, 3570.24, 23, 1, smm_btc, 155025580746, False
btc_pax, None, 0.184424, 3565.34, 21, 1, smm_btc, 155025580645, True
btc_pax, None, 0.184424, 3565.39, 21, 1, smm_btc, 155025581248, False
btc_pax, None, 0.687596, 3570.24, 23, 1, smm_btc, 155025580746, True
btc_pax, None, 0.687596, 3570.21, 23, 1, smm_btc, 155025582550, False
btc_pax, None, 0.184424, 3565.39, 21, 1, smm_btc, 155025581248, True
btc_pax, None, 0.687596, 3570.21, 23, 1, smm_btc, 155025582550, True
btc_pax, None, 0.184424, 3565.36, 21, 1, smm_btc, 155025583553, False
btc_pax, None, 0.687596, 3570.21, 23, 1, smm_btc, 155025583854, False
btc_pax, None, 0.184424, 3565.36, 21, 1, smm_btc, 155025583553, True
btc_pax, None, 0.184424, 3565.39, 21, 1, smm_btc, 155025585456, False
btc_pax, None, 0.687596, 3570.21, 23, 1, smm_btc, 155025583854, True
btc_pax, None, 0.184424, 3565.39, 21, 1, smm_btc, 155025585456, True
btc_pax, None, 0.687596, 3568.91, 23, 1, smm_btc, 155025585759, False
btc_pax, None, 0.184424, 3565.4, 21, 1, smm_btc, 155025586060, False
btc_pax, None, 0.687596, 3568.91, 23, 1, smm_btc, 155025585759, True
btc_pax, None, 0.687596, 3570.32, 23, 1, smm_btc, 155025586362, False
btc_pax, None, 0.687596, 3570.32, 23, 1, smm_btc, 155025586362, True
btc_pax, None, 0.687596, 3570.36, 23, 1, smm_btc, 155025587664, False
btc_pax, None, 0.184424, 3565.4, 21, 1, smm_btc, 155025586060, True
btc_pax, None, 0.184424, 3565.4, 21, 1, smm_btc, 155025588266, False
btc_pax, None, 0.687596, 3570.36, 23, 1, smm_btc, 155025587664, True
btc_pax, None, 0.687596, 3570.32, 23, 1, smm_btc, 155025588568, False
btc_pax, None, 0.687596, 3570.32, 23, 1, smm_btc, 155025588568, True
btc_pax, None, 0.184424, 3565.4, 21, 1, smm_btc, 155025588266, True
btc_pax, None, 0.687596, 3568.9, 23, 1, smm_btc, 155025589771, False
btc_pax, None, 0.184424, 3565.41, 21, 1, smm_btc, 155025590172, False
btc_pax, None, 0.184424, 3565.41, 21, 1, smm_btc, 155025590172, True
btc_pax, None, 0.184424, 3568.0, 21, 1, smm_btc, 155025592774, False
btc_pax, None, 0.687596, 3568.9, 23, 1, smm_btc, 155025589771, True
btc_pax, None, 0.687596, 3570.32, 23, 1, smm_btc, 155025595176, False
btc_pax, None, 0.184424, 3568.0, 21, 1, smm_btc, 155025592774, True
btc_pax, None, 0.184424, 3565.34, 21, 1, smm_btc, 155025595878, False
btc_pax, None, 0.184424, 3565.34, 21, 1, smm_btc, 155025595878, True
btc_pax, None, 0.687596, 3570.32, 23, 1, smm_btc, 155025595176, True
btc_pax, None, 0.184424, 3559.44, 21, 1, smm_btc, 155025596781, False
btc_pax, None, 0.687596, 3576.23, 23, 1, smm_btc, 155025596782, False
btc_pax, None, 0.687596, 3576.23, 23, 1, smm_btc, 155025596782, True
btc_pax, None, 0.687596, 3570.48, 23, 1, smm_btc, 155025597984, False
btc_pax, None, 0.687596, 3570.48, 23, 1, smm_btc, 155025597984, True
btc_pax, None, 0.184424, 3559.44, 21, 1, smm_btc, 155025596781, True
btc_pax, None, 0.687596, 3576.42, 23, 1, smm_btc, 155025598587, False
btc_pax, None, 0.184424, 3565.31, 21, 1, smm_btc, 155025599988, False
btc_pax, None, 0.687596, 3576.42, 23, 1, smm_btc, 155025598587, True
btc_pax, None, 0.184424, 3565.31, 21, 1, smm_btc, 155025599988, True
btc_pax, None, 0.687596, 3570.64, 23, 1, smm_btc, 155025600291, False
btc_pax, None, 0.184424, 3565.36, 21, 1, smm_btc, 155025600592, False
btc_pax, None, 0.184424, 3565.36, 21, 1, smm_btc, 155025600592, True
btc_pax, None, 0.184424, 3567.89, 21, 1, smm_btc, 155025601194, False
btc_pax, None, 0.8, 3577.63, 23, 1, smm_btc, 155025601195, False
btc_pax, None, 0.184424, 3567.89, 21, 1, smm_btc, 155025601194, True
btc_pax, None, 0.8, 3577.63, 23, 1, smm_btc, 155025601195, True
btc_pax, None, 0.184424, 3568.04, 21, 1, smm_btc, 155025601798, False
btc_pax, None, 0.8, 3577.63, 23, 1, smm_btc, 155025601799, False
btc_pax, None, 0.184424, 3568.04, 21, 1, smm_btc, 155025601798, True
btc_pax, None, 0.184424, 3568.17, 21, 1, smm_btc, 155025602301, False
btc_pax, None, 0.184424, 3568.17, 21, 1, smm_btc, 155025602301, True
btc_pax, None, 0.184424, 3568.25, 21, 1, smm_btc, 155025603803, False
btc_pax, None, 0.184424, 3568.25, 21, 1, smm_btc, 155025603803, True
btc_pax, None, 0.184424, 3568.4, 21, 1, smm_btc, 155025604405, False
btc_pax, None, 0.184424, 3568.4, 21, 1, smm_btc, 155025604405, True
btc_pax, None, 0.184424, 3568.52, 21, 1, smm_btc, 155025605007, False
btc_pax, None, 0.184424, 3568.52, 21, 1, smm_btc, 155025605007, True
btc_pax, None, 0.184424, 3568.61, 21, 1, smm_btc, 155025606009, False
btc_pax, None, 0.8, 3577.63, 23, 1, smm_btc, 155025601799, True
btc_pax, None, 0.184424, 3568.61, 21, 1, smm_btc, 155025606009, True
btc_pax, None, 0.8, 3577.64, 23, 1, smm_btc, 155025606312, False
btc_pax, None, 0.184424, 3568.63, 21, 1, smm_btc, 155025606613, False
btc_pax, None, 0.184424, 3568.63, 21, 1, smm_btc, 155025606613, True
btc_pax, None, 0.184424, 3568.65, 21, 1, smm_btc, 155025607315, False
btc_pax, None, 0.184424, 3568.65, 21, 1, smm_btc, 155025607315, True
btc_pax, None, 0.8, 3577.64, 23, 1, smm_btc, 155025606312, True
btc_pax, None, 0.184424, 3568.67, 21, 1, smm_btc, 155025610418, False
btc_pax, None, 0.8, 3577.63, 23, 1, smm_btc, 155025610419, False
btc_pax, None, 0.184424, 3568.67, 21, 1, smm_btc, 155025610418, True
btc_pax, None, 0.184424, 3568.69, 21, 1, smm_btc, 155025611821, False
btc_pax, None, 0.184424, 3568.69, 21, 1, smm_btc, 155025611821, True
btc_pax, None, 0.184424, 3568.78, 21, 1, smm_btc, 155025612423, False
btc_pax, None, 0.8, 3577.63, 23, 1, smm_btc, 155025610419, True
btc_pax, None, 0.184424, 3568.78, 21, 1, smm_btc, 155025612423, True
btc_pax, None, 0.8, 3577.61, 23, 1, smm_btc, 155025613026, False
btc_pax, None, 0.184424, 3568.82, 21, 1, smm_btc, 155025613327, False
btc_pax, None, 0.184424, 3568.82, 21, 1, smm_btc, 155025613327, True
btc_pax, None, 0.184424, 3568.84, 21, 1, smm_btc, 155025614229, False
btc_pax, None, 0.8, 3577.61, 23, 1, smm_btc, 155025613026, True
btc_pax, None, 0.184424, 3568.84, 21, 1, smm_btc, 155025614229, True
btc_pax, None, 0.8, 3577.64, 23, 1, smm_btc, 155025614632, False
btc_pax, None, 0.184424, 3568.86, 21, 1, smm_btc, 155025614933, False
btc_pax, None, 0.184424, 3568.86, 21, 1, smm_btc, 155025614933, True
btc_pax, None, 0.8, 3577.64, 23, 1, smm_btc, 155025614632, True
btc_pax, None, 0.184424, 3568.88, 21, 1, smm_btc, 155025615936, False
btc_pax, None, 0.8, 3577.64, 23, 1, smm_btc, 155025615937, False
btc_pax, None, 0.184424, 3568.88, 21, 1, smm_btc, 155025615936, True
btc_pax, None, 0.184424, 3568.9, 21, 1, smm_btc, 155025616539, False
btc_pax, None, 0.184424, 3568.9, 21, 1, smm_btc, 155025616539, True
btc_pax, None, 0.184424, 3568.92, 21, 1, smm_btc, 155025617941, False
btc_pax, None, 0.184424, 3568.92, 21, 1, smm_btc, 155025617941, True
btc_pax, None, 0.184424, 3568.94, 21, 1, smm_btc, 155025618543, False
btc_pax, None, 0.184424, 3568.94, 21, 1, smm_btc, 155025618543, True
btc_pax, None, 0.184424, 3568.96, 21, 1, smm_btc, 155025619145, False
btc_pax, None, 0.8, 3577.64, 23, 1, smm_btc, 155025615937, True
btc_pax, None, 0.8, 3577.61, 23, 1, smm_btc, 155025619747, False
btc_pax, None, 0.8, 3577.61, 23, 1, smm_btc, 155025619747, True
btc_pax, None, 0.8, 3577.64, 23, 1, smm_btc, 155025621049, False
btc_pax, None, 0.8, 3577.64, 23, 1, smm_btc, 155025621049, True
btc_pax, None, 0.8, 3578.01, 23, 1, smm_btc, 155025623251, False
btc_pax, None, 0.184424, 3568.96, 21, 1, smm_btc, 155025619145, True
btc_pax, None, 0.8, 3578.01, 23, 1, smm_btc, 155025623251, True
btc_pax, None, 0.184424, 3568.99, 21, 1, smm_btc, 155025624554, False
btc_pax, None, 0.8, 3577.64, 23, 1, smm_btc, 155025624555, False
btc_pax, None, 0.184424, 3568.99, 21, 1, smm_btc, 155025624554, True
btc_pax, None, 0.184424, 3569.1, 21, 1, smm_btc, 155025625157, False
btc_pax, None, 0.184424, 3569.1, 21, 1, smm_btc, 155025625157, True
btc_pax, None, 0.8, 3577.64, 23, 1, smm_btc, 155025624555, True
btc_pax, None, 0.184424, 3569.18, 21, 1, smm_btc, 155025625760, False
btc_pax, None, 0.8, 3578.01, 23, 1, smm_btc, 155025625761, False
btc_pax, None, 0.184424, 3569.18, 21, 1, smm_btc, 155025625760, True
btc_pax, None, 0.184424, 3569.2, 21, 1, smm_btc, 155025626363, False
btc_pax, None, 0.8, 3578.01, 23, 1, smm_btc, 155025625761, True
btc_pax, None, 0.8, 3578.01, 23, 1, smm_btc, 155025628265, False
btc_pax, None, 0.8, 3578.01, 23, 1, smm_btc, 155025628265, True
btc_pax, None, 0.8, 3577.88, 23, 1, smm_btc, 155025628967, False
btc_pax, None, 0.8, 3577.88, 23, 1, smm_btc, 155025628967, True
btc_pax, None, 0.8, 3577.64, 23, 1, smm_btc, 155025630269, False
btc_pax, None, 0.8, 3577.64, 23, 1, smm_btc, 155025630269, True
btc_pax, None, 0.8, 3578.29, 23, 1, smm_btc, 155025632671, False
btc_pax, None, 0.8, 3578.29, 23, 1, smm_btc, 155025632671, True
btc_pax, None, 0.8, 3577.64, 23, 1, smm_btc, 155025633473, False
btc_pax, None, 0.8, 3577.64, 23, 1, smm_btc, 155025633473, True
btc_pax, None, 0.8, 3578.01, 23, 1, smm_btc, 155025635075, False
btc_pax, None, 0.8, 3578.01, 23, 1, smm_btc, 155025635075, True
btc_pax, None, 0.8, 3565.66, 21, 1, smm_btc, 155025637177, False
btc_pax, None, 0.8, 3576.23, 23, 1, smm_btc, 155025637178, False
btc_pax, None, 0.8, 3565.66, 21, 1, smm_btc, 155025637177, True
btc_pax, None, 0.8, 3565.84, 21, 1, smm_btc, 155025637780, False
btc_pax, None, 0.8, 3565.84, 21, 1, smm_btc, 155025637780, True
btc_pax, None, 0.8, 3565.92, 21, 1, smm_btc, 155025638382, False
btc_pax, None, 0.8, 3565.92, 21, 1, smm_btc, 155025638382, True
btc_pax, None, 0.8, 3576.23, 23, 1, smm_btc, 155025637178, True
btc_pax, None, 0.8, 3565.93, 21, 1, smm_btc, 155025639285, False
btc_pax, None, 0.8, 3576.34, 23, 1, smm_btc, 155025639286, False
btc_pax, None, 0.8, 3565.93, 21, 1, smm_btc, 155025639285, True
btc_pax, None, 0.8, 3576.34, 23, 1, smm_btc, 155025639286, True
btc_pax, None, 0.8, 3565.93, 21, 1, smm_btc, 155025639889, False
btc_pax, None, 0.8, 3576.34, 23, 1, smm_btc, 155025639890, False
btc_pax, None, 0.8, 3576.34, 23, 1, smm_btc, 155025639890, True
btc_pax, None, 0.8, 3563.93, 21, 1, smm_btc, 155025641592, False
btc_pax, None, 0.8, 3568.95, 23, 1, smm_btc, 155025641693, False
btc_pax, None, 0.8, 3563.93, 21, 1, smm_btc, 155025641592, True
btc_pax, None, 0.8, 3568.95, 23, 1, smm_btc, 155025641693, True
btc_pax, None, 0.8, 3563.9, 21, 1, smm_btc, 155025647296, False
btc_pax, None, 0.8, 3568.88, 23, 1, smm_btc, 155025647297, False
btc_pax, None, 0.8, 3563.9, 21, 1, smm_btc, 155025647296, True
btc_pax, None, 0.8, 3568.88, 23, 1, smm_btc, 155025647297, True
btc_pax, None, 0.8, 3563.93, 21, 1, smm_btc, 155025648000, False
btc_pax, None, 0.8, 3568.85, 23, 1, smm_btc, 155025648001, False
btc_pax, None, 0.8, 3568.85, 23, 1, smm_btc, 155025648001, True
btc_pax, None, 0.8, 3567.86, 23, 1, smm_btc, 155025662703, False
btc_pax, None, 0.8, 3567.86, 23, 1, smm_btc, 155025662703, True
btc_pax, None, 0.8, 3563.93, 21, 1, smm_btc, 155025648000, True
btc_pax, None, 0.8, 3567.89, 23, 1, smm_btc, 155025669506, False
btc_pax, None, 0.8, 3564.01, 21, 1, smm_btc, 155025669807, False
btc_pax, None, 0.8, 3564.01, 21, 1, smm_btc, 155025669807, True
btc_pax, None, 0.8, 3567.89, 23, 1, smm_btc, 155025669506, True
btc_pax, None, 0.8, 3563.96, 21, 1, smm_btc, 155025671210, False
btc_pax, None, 0.8, 3567.94, 23, 1, smm_btc, 155025671211, False
btc_pax, None, 0.8, 3563.96, 21, 1, smm_btc, 155025671210, True
btc_pax, None, 0.8, 3567.94, 23, 1, smm_btc, 155025671211, True
btc_pax, None, 0.8, 3564.01, 21, 1, smm_btc, 155025672214, False
btc_pax, None, 0.8, 3567.89, 23, 1, smm_btc, 155025672215, False
btc_pax, None, 0.8, 3564.01, 21, 1, smm_btc, 155025672214, True
btc_pax, None, 0.8, 3564.02, 21, 1, smm_btc, 155025672917, False
btc_pax, None, 0.8, 3564.02, 21, 1, smm_btc, 155025672917, True
btc_pax, None, 0.8, 3567.89, 23, 1, smm_btc, 155025672215, False
btc_pax, None, 0.8, 3567.93, 21, 1, smm_btc, 155025676520, False
btc_pax, None, 0.8, 3567.93, 21, 1, smm_btc, 155025676520, True
btc_pax, None, 0.8, 3579.72, 23, 1, smm_btc, 155025676822, False
btc_pax, None, 0.8, 3568.56, 21, 1, smm_btc, 155025677123, False
btc_pax, None, 0.8, 3579.72, 23, 1, smm_btc, 155025676822, True
btc_pax, None, 0.8, 3568.56, 21, 1, smm_btc, 155025677123, True
btc_pax, None, 0.8, 3579.6, 23, 1, smm_btc, 155025677426, False
btc_pax, None, 0.8, 3569.07, 21, 1, smm_btc, 155025677727, False
btc_pax, None, 0.8, 3579.6, 23, 1, smm_btc, 155025677426, True
btc_pax, None, 0.8, 3569.07, 21, 1, smm_btc, 155025677727, True
btc_pax, None, 0.8, 3580.01, 23, 1, smm_btc, 155025678130, False
btc_pax, None, 0.8, 3569.16, 21, 1, smm_btc, 155025678431, False
btc_pax, None, 0.8, 3580.01, 23, 1, smm_btc, 155025678130, True
btc_pax, None, 0.8, 3569.16, 21, 1, smm_btc, 155025678431, True
btc_pax, None, 0.8, 3579.6, 23, 1, smm_btc, 155025678834, False
btc_pax, None, 0.8, 3569.19, 21, 1, smm_btc, 155025679135, False
btc_pax, None, 0.8, 3569.19, 21, 1, smm_btc, 155025679135, True
btc_pax, None, 0.8, 3569.21, 21, 1, smm_btc, 155025679737, False
btc_pax, None, 0.8, 3579.6, 23, 1, smm_btc, 155025678834, True
btc_pax, None, 0.8, 3579.6, 23, 1, smm_btc, 155025680539, False
btc_pax, None, 0.8, 3569.21, 21, 1, smm_btc, 155025679737, True
btc_pax, None, 0.8, 3579.6, 23, 1, smm_btc, 155025680539, True
btc_pax, None, 0.8, 3569.14, 21, 1, smm_btc, 155025681442, False
btc_pax, None, 0.8, 3579.6, 23, 1, smm_btc, 155025681443, False
btc_pax, None, 0.8, 3579.6, 23, 1, smm_btc, 155025681443, True
btc_pax, None, 0.8, 3579.6, 23, 1, smm_btc, 155025682145, False
btc_pax, None, 0.8, 3569.14, 21, 1, smm_btc, 155025681442, True
btc_pax, None, 0.8, 3579.6, 23, 1, smm_btc, 155025682145, True
btc_pax, None, 0.8, 3569.19, 21, 1, smm_btc, 155025682748, False
btc_pax, None, 0.8, 3579.72, 23, 1, smm_btc, 155025682749, False
btc_pax, None, 0.8, 3569.19, 21, 1, smm_btc, 155025682748, True
btc_pax, None, 0.8, 3579.72, 23, 1, smm_btc, 155025682749, True
btc_pax, None, 0.8, 3569.24, 21, 1, smm_btc, 155025683752, False
btc_pax, None, 0.8, 3579.0, 23, 1, smm_btc, 155025683753, False
btc_pax, None, 0.8, 3569.24, 21, 1, smm_btc, 155025683752, True
btc_pax, None, 0.8, 3569.28, 21, 1, smm_btc, 155025684555, False
btc_pax, None, 0.8, 3579.0, 23, 1, smm_btc, 155025683753, True
btc_pax, None, 0.8, 3569.28, 21, 1, smm_btc, 155025684555, True
btc_pax, None, 0.8, 3578.78, 23, 1, smm_btc, 155025685258, False
btc_pax, None, 0.8, 3569.41, 21, 1, smm_btc, 155025685559, False
btc_pax, None, 0.8, 3578.78, 23, 1, smm_btc, 155025685258, True
btc_pax, None, 0.8, 3569.41, 21, 1, smm_btc, 155025685559, True
btc_pax, None, 0.8, 3578.7, 23, 1, smm_btc, 155025685862, False
btc_pax, None, 0.8, 3569.47, 21, 1, smm_btc, 155025686963, False
btc_pax, None, 0.8, 3578.7, 23, 1, smm_btc, 155025685862, True
btc_pax, None, 0.8, 3569.47, 21, 1, smm_btc, 155025686963, True
btc_pax, None, 0.8, 3578.78, 23, 1, smm_btc, 155025687266, False
btc_pax, None, 0.8, 3569.96, 21, 1, smm_btc, 155025687567, False
btc_pax, None, 0.8, 3578.78, 23, 1, smm_btc, 155025687266, True
btc_pax, None, 0.8, 3578.78, 23, 1, smm_btc, 155025690669, False
btc_pax, None, 0.8, 3578.78, 23, 1, smm_btc, 155025690669, True
btc_pax, None, 0.8, 3566.29, 21, 1, smm_btc, 155025692271, False
btc_pax, None, 0.8, 3570.58, 23, 1, smm_btc, 155025692372, False
btc_pax, None, 0.8, 3566.29, 21, 1, smm_btc, 155025692271, True
btc_pax, None, 0.8, 3570.58, 23, 1, smm_btc, 155025692372, True
btc_pax, None, 0.8, 3566.32, 21, 1, smm_btc, 155025693875, False
btc_pax, None, 0.8, 3570.55, 23, 1, smm_btc, 155025693876, False
btc_pax, None, 0.8, 3566.32, 21, 1, smm_btc, 155025693875, True
btc_pax, None, 0.8, 3566.29, 21, 1, smm_btc, 155025699578, False
btc_pax, None, 0.8, 3570.55, 23, 1, smm_btc, 155025693876, True
btc_pax, None, 0.8, 3570.39, 23, 1, smm_btc, 155025699980, False
btc_pax, None, 0.8, 3566.29, 21, 1, smm_btc, 155025699578, True
btc_pax, None, 0.8, 3566.32, 21, 1, smm_btc, 155025702382, False
btc_pax, None, 0.8, 3570.39, 23, 1, smm_btc, 155025699980, True
btc_pax, None, 0.8, 3570.36, 23, 1, smm_btc, 155025702684, False
btc_pax, None, 0.8, 3570.36, 23, 1, smm_btc, 155025702684, True
btc_pax, None, 0.8, 3571.25, 23, 1, smm_btc, 155025709086, False
btc_pax, None, 0.8, 3566.32, 21, 1, smm_btc, 155025702382, True
btc_pax, None, 0.8, 3566.33, 21, 1, smm_btc, 155025712688, False
btc_pax, None, 0.8, 3566.33, 21, 1, smm_btc, 155025712688, True
btc_pax, None, 0.8, 3571.25, 23, 1, smm_btc, 155025709086, True
btc_pax, None, 0.8, 3566.29, 21, 1, smm_btc, 155025713391, False
btc_pax, None, 0.8, 3571.14, 23, 1, smm_btc, 155025713392, False
btc_pax, None, 0.8, 3566.29, 21, 1, smm_btc, 155025713391, True
btc_pax, None, 0.8, 3566.32, 21, 1, smm_btc, 155025714394, False
btc_pax, None, 0.8, 3571.14, 23, 1, smm_btc, 155025713392, True
btc_pax, None, 0.8, 3566.32, 21, 1, smm_btc, 155025714394, True
btc_pax, None, 0.8, 3571.14, 23, 1, smm_btc, 155025715797, False
btc_pax, None, 0.8, 3566.29, 21, 1, smm_btc, 155025716098, False
btc_pax, None, 0.8, 3566.29, 21, 1, smm_btc, 155025716098, True
btc_pax, None, 0.8, 3571.14, 23, 1, smm_btc, 155025715797, True
btc_pax, None, 0.8, 3566.32, 21, 1, smm_btc, 155025720201, False
btc_pax, None, 0.8, 3571.25, 23, 1, smm_btc, 155025720202, False
btc_pax, None, 0.8, 3566.32, 21, 1, smm_btc, 155025720201, True
btc_pax, None, 0.8, 3567.45, 21, 1, smm_btc, 155025722004, False
btc_pax, None, 0.8, 3571.25, 23, 1, smm_btc, 155025720202, True
btc_pax, None, 0.8, 3571.28, 23, 1, smm_btc, 155025722306, False
btc_pax, None, 0.8, 3567.45, 21, 1, smm_btc, 155025722004, True
btc_pax, None, 0.8, 3571.28, 23, 1, smm_btc, 155025722306, True
btc_pax, None, 0.8, 3567.48, 21, 1, smm_btc, 155025723709, False
btc_pax, None, 0.8, 3571.25, 23, 1, smm_btc, 155025723710, False
btc_pax, None, 0.8, 3567.48, 21, 1, smm_btc, 155025723709, True
btc_pax, None, 0.8, 3567.48, 21, 1, smm_btc, 155025724312, False
btc_pax, None, 0.8, 3567.48, 21, 1, smm_btc, 155025724312, True
btc_pax, None, 0.8, 3571.25, 23, 1, smm_btc, 155025723710, True
btc_pax, None, 0.8, 3567.44, 21, 1, smm_btc, 155025728215, False
btc_pax, None, 0.8, 3571.29, 23, 1, smm_btc, 155025728216, False
btc_pax, None, 0.8, 3567.44, 21, 1, smm_btc, 155025728215, True
btc_pax, None, 0.8, 3571.29, 23, 1, smm_btc, 155025728216, True
btc_pax, None, 0.8, 3567.44, 21, 1, smm_btc, 155025729419, False
btc_pax, None, 0.8, 3571.29, 23, 1, smm_btc, 155025729420, False
btc_pax, None, 0.8, 3567.44, 21, 1, smm_btc, 155025729419, True
btc_pax, None, 0.8, 3571.29, 23, 1, smm_btc, 155025729420, True
btc_pax, None, 0.8, 3567.48, 21, 1, smm_btc, 155025730923, False
btc_pax, None, 0.8, 3571.25, 23, 1, smm_btc, 155025730924, False
btc_pax, None, 0.8, 3571.25, 23, 1, smm_btc, 155025730924, True
btc_pax, None, 0.8, 3571.25, 23, 1, smm_btc, 155025734226, False
btc_pax, None, 0.8, 3567.48, 21, 1, smm_btc, 155025730923, True
btc_pax, None, 0.8, 3570.08, 21, 1, smm_btc, 155025736328, False
btc_pax, None, 0.8, 3579.72, 23, 1, smm_btc, 155025736329, False
btc_pax, None, 0.8, 3570.08, 21, 1, smm_btc, 155025736328, True
btc_pax, None, 0.8, 3570.18, 21, 1, smm_btc, 155025736931, False
btc_pax, None, 0.8, 3579.72, 23, 1, smm_btc, 155025736329, True
btc_pax, None, 0.8, 3570.18, 21, 1, smm_btc, 155025736931, True
btc_pax, None, 0.8, 3579.72, 23, 1, smm_btc, 155025737234, False
btc_pax, None, 0.8, 3570.39, 21, 1, smm_btc, 155025737535, False
btc_pax, None, 0.8, 3570.39, 21, 1, smm_btc, 155025737535, True
btc_pax, None, 0.8, 3570.43, 21, 1, smm_btc, 155025738237, False
btc_pax, None, 0.8, 3579.72, 23, 1, smm_btc, 155025737234, True
btc_pax, None, 0.8, 3570.43, 21, 1, smm_btc, 155025738237, True
btc_pax, None, 0.8, 3579.72, 23, 1, smm_btc, 155025738540, False
btc_pax, None, 0.8, 3570.46, 21, 1, smm_btc, 155025739041, False
btc_pax, None, 0.8, 3579.72, 23, 1, smm_btc, 155025738540, True
btc_pax, None, 0.8, 3570.46, 21, 1, smm_btc, 155025739041, True
btc_pax, None, 0.8, 3579.74, 23, 1, smm_btc, 155025739544, False
btc_pax, None, 0.8, 3570.49, 21, 1, smm_btc, 155025739845, False
btc_pax, None, 0.8, 3570.49, 21, 1, smm_btc, 155025739845, True
btc_pax, None, 0.8, 3570.64, 21, 1, smm_btc, 155025740447, False
btc_pax, None, 0.8, 3570.64, 21, 1, smm_btc, 155025740447, True
btc_pax, None, 0.8, 3570.41, 21, 1, smm_btc, 155025741949, False
btc_pax, None, 0.8, 3579.74, 23, 1, smm_btc, 155025739544, True
btc_pax, None, 0.8, 3570.41, 21, 1, smm_btc, 155025741949, True
btc_pax, None, 0.8, 3579.74, 23, 1, smm_btc, 155025742652, False
btc_pax, None, 0.8, 3570.45, 21, 1, smm_btc, 155025743853, False
btc_pax, None, 0.8, 3579.74, 23, 1, smm_btc, 155025742652, True
btc_pax, None, 0.8, 3570.45, 21, 1, smm_btc, 155025743853, True
btc_pax, None, 0.8, 3579.74, 23, 1, smm_btc, 155025744256, False
btc_pax, None, 0.8, 3570.48, 21, 1, smm_btc, 155025745057, False
btc_pax, None, 0.8, 3579.74, 23, 1, smm_btc, 155025744256, True
btc_pax, None, 0.8, 3571.75, 23, 1, smm_btc, 155025745359, False
btc_pax, None, 0.8, 3561.2, 21, 1, smm_btc, 155025745960, False
btc_pax, None, 0.8, 3571.75, 23, 1, smm_btc, 155025745359, True
btc_pax, None, 0.8, 3561.2, 21, 1, smm_btc, 155025745960, True
btc_pax, None, 0.8, 3577.64, 23, 1, smm_btc, 155025746263, False
btc_pax, None, 0.8, 3561.2, 21, 1, smm_btc, 155025746564, False
btc_pax, None, 0.8, 3577.64, 23, 1, smm_btc, 155025746263, True
btc_pax, None, 0.8, 3578.28, 23, 1, smm_btc, 155025746866, False
btc_pax, None, 0.8, 3561.2, 21, 1, smm_btc, 155025746564, True
btc_pax, None, 0.8, 3578.28, 23, 1, smm_btc, 155025746866, True
btc_pax, None, 0.8, 3568.52, 21, 1, smm_btc, 155025747669, False
btc_pax, None, 0.8, 3570.28, 23, 1, smm_btc, 155025747670, False
btc_pax, None, 0.8, 3568.52, 21, 1, smm_btc, 155025747669, True
btc_pax, None, 0.8, 3570.28, 23, 1, smm_btc, 155025747670, True
btc_pax, None, 0.8, 3568.48, 21, 1, smm_btc, 155025749373, False
btc_pax, None, 0.8, 3570.17, 23, 1, smm_btc, 155025749374, False
btc_pax, None, 0.8, 3568.48, 21, 1, smm_btc, 155025749373, True
btc_pax, None, 0.8, 3570.17, 23, 1, smm_btc, 155025749374, True
btc_pax, None, 0.8, 3568.48, 21, 1, smm_btc, 155025750077, False
btc_pax, None, 0.8, 3570.17, 23, 1, smm_btc, 155025750078, False
btc_pax, None, 0.8, 3568.48, 21, 1, smm_btc, 155025750077, True
btc_pax, None, 0.8, 3568.52, 21, 1, smm_btc, 155025750780, False
btc_pax, None, 0.8, 3570.17, 23, 1, smm_btc, 155025750078, True
btc_pax, None, 0.8, 3570.13, 23, 1, smm_btc, 155025751082, False
btc_pax, None, 0.8, 3568.52, 21, 1, smm_btc, 155025750780, True
btc_pax, None, 0.8, 3568.08, 21, 1, smm_btc, 155025751784, False
btc_pax, None, 0.8, 3568.08, 21, 1, smm_btc, 155025751784, True
btc_pax, None, 0.8, 3570.13, 23, 1, smm_btc, 155025751082, True
btc_pax, None, 0.8, 3561.16, 21, 1, smm_btc, 155025753087, False
btc_pax, None, 0.8, 3578.46, 23, 1, smm_btc, 155025753088, False
btc_pax, None, 0.8, 3561.16, 21, 1, smm_btc, 155025753087, True
btc_pax, None, 0.8, 3578.46, 23, 1, smm_btc, 155025753088, True
btc_pax, None, 0.8, 3569.61, 21, 1, smm_btc, 155025753691, False
btc_pax, None, 0.8, 3570.31, 23, 1, smm_btc, 155025753692, False
btc_pax, None, 0.8, 3569.61, 21, 1, smm_btc, 155025753691, True
btc_pax, None, 0.8, 3570.31, 23, 1, smm_btc, 155025753692, True
btc_pax, None, 0.8, 3569.64, 21, 1, smm_btc, 155025757095, False
btc_pax, None, 0.8, 3570.28, 23, 1, smm_btc, 155025757096, False
btc_pax, None, 0.8, 3569.64, 21, 1, smm_btc, 155025757095, True
btc_pax, None, 0.8, 3570.28, 23, 1, smm_btc, 155025757096, True
btc_pax, None, 0.8, 3569.61, 21, 1, smm_btc, 155025758799, False
btc_pax, None, 0.8, 3570.31, 23, 1, smm_btc, 155025758800, False
btc_pax, None, 0.8, 3569.61, 21, 1, smm_btc, 155025758799, True
btc_pax, None, 0.8, 3570.31, 23, 1, smm_btc, 155025758800, True
btc_pax, None, 0.8, 3569.64, 21, 1, smm_btc, 155025760003, False
btc_pax, None, 0.8, 3570.28, 23, 1, smm_btc, 155025760004, False
btc_pax, None, 0.8, 3569.64, 21, 1, smm_btc, 155025760003, True
btc_pax, None, 0.8, 3570.28, 23, 1, smm_btc, 155025760004, True
btc_pax, None, 0.8, 3569.61, 21, 1, smm_btc, 155025762207, False
btc_pax, None, 0.8, 3570.31, 23, 1, smm_btc, 155025762208, False
btc_pax, None, 0.8, 3569.61, 21, 1, smm_btc, 155025762207, True
btc_pax, None, 0.8, 3570.31, 23, 1, smm_btc, 155025762208, True
btc_pax, None, 0.8, 3569.64, 21, 1, smm_btc, 155025765011, False
btc_pax, None, 0.8, 3570.28, 23, 1, smm_btc, 155025765012, False
btc_pax, None, 0.8, 3569.64, 21, 1, smm_btc, 155025765011, True
btc_pax, None, 0.8, 3570.28, 23, 1, smm_btc, 155025765012, True
btc_pax, None, 0.8, 3569.61, 21, 1, smm_btc, 155025765915, False
btc_pax, None, 0.8, 3570.31, 23, 1, smm_btc, 155025765916, False
btc_pax, None, 0.8, 3569.61, 21, 1, smm_btc, 155025765915, True
btc_pax, None, 0.8, 3570.31, 23, 1, smm_btc, 155025765916, True
btc_pax, None, 0.8, 3569.64, 21, 1, smm_btc, 155025767719, False
btc_pax, None, 0.8, 3570.28, 23, 1, smm_btc, 155025767720, False
btc_pax, None, 0.8, 3570.28, 23, 1, smm_btc, 155025767720, True
btc_pax, None, 0.8, 3571.72, 23, 1, smm_btc, 155025770122, False
btc_pax, None, 0.8, 3569.64, 21, 1, smm_btc, 155025767719, True
btc_pax, None, 0.8, 3569.23, 21, 1, smm_btc, 155025770824, False
btc_pax, None, 0.8, 3569.23, 21, 1, smm_btc, 155025770824, True
btc_pax, None, 0.8, 3569.96, 21, 1, smm_btc, 155025784926, False
btc_pax, None, 0.8, 3569.96, 21, 1, smm_btc, 155025784926, True
btc_pax, None, 0.8, 3569.26, 21, 1, smm_btc, 155025790528, False
btc_pax, None, 0.8, 3569.26, 21, 1, smm_btc, 155025790528, True
btc_pax, None, 0.8, 3567.48, 21, 1, smm_btc, 155025794830, False
btc_pax, None, 0.8, 3567.48, 21, 1, smm_btc, 155025794830, True
btc_pax, None, 0.8, 3567.69, 21, 1, smm_btc, 155025797332, False
btc_pax, None, 0.8, 3567.69, 21, 1, smm_btc, 155025797332, True
btc_pax, None, 0.8, 3567.69, 21, 1, smm_btc, 155025800234, False
btc_pax, None, 0.8, 3567.69, 21, 1, smm_btc, 155025800234, True
btc_pax, None, 0.8, 3569.88, 21, 1, smm_btc, 155025801736, False
btc_pax, None, 0.8, 3569.88, 21, 1, smm_btc, 155025801736, True
btc_pax, None, 0.8, 3571.72, 23, 1, smm_btc, 155025770122, True
btc_pax, None, 0.8, 3569.88, 21, 1, smm_btc, 155025808539, False
btc_pax, None, 0.8, 3571.72, 23, 1, smm_btc, 155025808540, False
btc_pax, None, 0.8, 3569.88, 21, 1, smm_btc, 155025808539, True
btc_pax, None, 0.8, 3571.72, 23, 1, smm_btc, 155025808540, True
btc_pax, None, 0.8, 3567.48, 21, 1, smm_btc, 155025809743, False
btc_pax, None, 0.8, 3571.72, 23, 1, smm_btc, 155025809744, False
btc_pax, None, 0.8, 3567.48, 21, 1, smm_btc, 155025809743, True
btc_pax, None, 0.8, 3567.49, 21, 1, smm_btc, 155025810346, False
btc_pax, None, 0.8, 3571.72, 23, 1, smm_btc, 155025809744, True
btc_pax, None, 0.8, 3570.28, 23, 1, smm_btc, 155025811548, False
btc_pax, None, 0.8, 3567.49, 21, 1, smm_btc, 155025810346, True
btc_pax, None, 0.8, 3567.5, 21, 1, smm_btc, 155025812350, False
btc_pax, None, 0.8, 3570.28, 23, 1, smm_btc, 155025811548, True
btc_pax, None, 0.8, 3570.3, 23, 1, smm_btc, 155025813552, False
btc_pax, None, 0.8, 3570.3, 23, 1, smm_btc, 155025813552, True
btc_pax, None, 0.8, 3570.27, 23, 1, smm_btc, 155025814154, False
btc_pax, None, 0.8, 3567.5, 21, 1, smm_btc, 155025812350, True
btc_pax, None, 0.8, 3567.51, 21, 1, smm_btc, 155025815356, False
btc_pax, None, 0.8, 3570.27, 23, 1, smm_btc, 155025814154, True
btc_pax, None, 0.8, 3567.51, 21, 1, smm_btc, 155025815356, True
btc_pax, None, 0.8, 3570.28, 23, 1, smm_btc, 155025816059, False
btc_pax, None, 0.8, 3567.52, 21, 1, smm_btc, 155025816360, False
btc_pax, None, 0.8, 3567.52, 21, 1, smm_btc, 155025816360, True
btc_pax, None, 0.8, 3568.77, 21, 1, smm_btc, 155025817962, False
btc_pax, None, 0.8, 3568.77, 21, 1, smm_btc, 155025817962, True
btc_pax, None, 0.8, 3568.04, 21, 1, smm_btc, 155025822164, False
btc_pax, None, 0.8, 3570.28, 23, 1, smm_btc, 155025816059, True
btc_pax, None, 0.8, 3568.04, 21, 1, smm_btc, 155025822164, True
btc_pax, None, 0.8, 3569.28, 23, 1, smm_btc, 155025825167, False
btc_pax, None, 0.062501, 3557.66, 21, 1, smm_btc, 155025825168, False
btc_pax, None, 0.8, 3569.28, 23, 1, smm_btc, 155025825167, True
btc_pax, None, 0.8, 3568.69, 23, 1, smm_btc, 155025825770, False
btc_pax, None, 0.8, 3568.69, 23, 1, smm_btc, 155025825770, True
btc_pax, None, 0.062501, 3557.66, 21, 1, smm_btc, 155025825168, True
btc_pax, None, 0.8, 3568.31, 23, 1, smm_btc, 155025826373, False
btc_pax, None, 0.062501, 3558.96, 21, 1, smm_btc, 155025826374, False
btc_pax, None, 0.8, 3568.31, 23, 1, smm_btc, 155025826373, True
btc_pax, None, 0.062501, 3558.96, 21, 1, smm_btc, 155025826374, True
btc_pax, None, 0.8, 3568.09, 23, 1, smm_btc, 155025826977, False
btc_pax, None, 0.062501, 3560.06, 21, 1, smm_btc, 155025826978, False
btc_pax, None, 0.8, 3568.09, 23, 1, smm_btc, 155025826977, True
btc_pax, None, 0.062501, 3560.06, 21, 1, smm_btc, 155025826978, True
btc_pax, None, 0.8, 3568.04, 23, 1, smm_btc, 155025827581, False
btc_pax, None, 0.062501, 3557.66, 21, 1, smm_btc, 155025827582, False
btc_pax, None, 0.8, 3568.04, 23, 1, smm_btc, 155025827581, True
btc_pax, None, 0.062501, 3557.66, 21, 1, smm_btc, 155025827582, True
btc_pax, None, 0.8, 3567.82, 23, 1, smm_btc, 155025828285, False
btc_pax, None, 0.062501, 3557.15, 21, 1, smm_btc, 155025828286, False
btc_pax, None, 0.8, 3567.82, 23, 1, smm_btc, 155025828285, True
btc_pax, None, 0.8, 3567.62, 23, 1, smm_btc, 155025828888, False
btc_pax, None, 0.062501, 3557.15, 21, 1, smm_btc, 155025828286, True
btc_pax, None, 0.8, 3567.62, 23, 1, smm_btc, 155025828888, True
btc_pax, None, 0.062501, 3557.15, 21, 1, smm_btc, 155025829191, False
btc_pax, None, 0.8, 3567.34, 23, 1, smm_btc, 155025829492, False
btc_pax, None, 0.062501, 3557.15, 21, 1, smm_btc, 155025829191, True
btc_pax, None, 0.8, 3567.34, 23, 1, smm_btc, 155025829492, True
btc_pax, None, 0.062501, 3557.15, 21, 1, smm_btc, 155025829795, False
btc_pax, None, 0.8, 3566.92, 23, 1, smm_btc, 155025830096, False
btc_pax, None, 0.062501, 3557.15, 21, 1, smm_btc, 155025829795, True
btc_pax, None, 0.8, 3566.92, 23, 1, smm_btc, 155025830096, True
btc_pax, None, 0.062501, 3557.16, 21, 1, smm_btc, 155025830499, False
btc_pax, None, 0.8, 3566.61, 23, 1, smm_btc, 155025830700, False
btc_pax, None, 0.8, 3566.61, 23, 1, smm_btc, 155025830700, True
btc_pax, None, 0.8, 3566.57, 23, 1, smm_btc, 155025831402, False
btc_pax, None, 0.062501, 3557.16, 21, 1, smm_btc, 155025830499, True
btc_pax, None, 0.8, 3566.57, 23, 1, smm_btc, 155025831402, True
btc_pax, None, 0.062501, 3557.66, 21, 1, smm_btc, 155025831705, False
btc_pax, None, 0.8, 3566.32, 23, 1, smm_btc, 155025832006, False
btc_pax, None, 0.062501, 3557.66, 21, 1, smm_btc, 155025831705, True
btc_pax, None, 0.8, 3566.32, 23, 1, smm_btc, 155025832006, True
btc_pax, None, 0.062501, 3557.16, 21, 1, smm_btc, 155025832309, False
btc_pax, None, 0.8, 3566.17, 23, 1, smm_btc, 155025832610, False
btc_pax, None, 0.8, 3566.17, 23, 1, smm_btc, 155025832610, True
btc_pax, None, 0.8, 3566.08, 23, 1, smm_btc, 155025833212, False
btc_pax, None, 0.8, 3566.08, 23, 1, smm_btc, 155025833212, True
btc_pax, None, 0.062501, 3557.16, 21, 1, smm_btc, 155025832309, True
btc_pax, None, 0.8, 3566.06, 23, 1, smm_btc, 155025833915, False
btc_pax, None, 0.062501, 3556.99, 21, 1, smm_btc, 155025833916, False
btc_pax, None, 0.8, 3566.06, 23, 1, smm_btc, 155025833915, True
btc_pax, None, 0.062501, 3556.99, 21, 1, smm_btc, 155025833916, True
btc_pax, None, 0.8, 3566.04, 23, 1, smm_btc, 155025834619, False
btc_pax, None, 0.062501, 3557.15, 21, 1, smm_btc, 155025834620, False
btc_pax, None, 0.8, 3566.04, 23, 1, smm_btc, 155025834619, True
btc_pax, None, 0.062501, 3557.15, 21, 1, smm_btc, 155025834620, True
btc_pax, None, 0.8, 3566.02, 23, 1, smm_btc, 155025835223, False
btc_pax, None, 0.062501, 3557.15, 21, 1, smm_btc, 155025835224, False
btc_pax, None, 0.8, 3566.02, 23, 1, smm_btc, 155025835223, True
btc_pax, None, 0.8, 3565.9, 23, 1, smm_btc, 155025835926, False
btc_pax, None, 0.8, 3565.9, 23, 1, smm_btc, 155025835926, True
btc_pax, None, 0.062501, 3557.15, 21, 1, smm_btc, 155025835224, True
btc_pax, None, 0.8, 3565.76, 23, 1, smm_btc, 155025836629, False
btc_pax, None, 0.062501, 3557.15, 21, 1, smm_btc, 155025836630, False
btc_pax, None, 0.8, 3565.76, 23, 1, smm_btc, 155025836629, True
btc_pax, None, 0.062501, 3557.15, 21, 1, smm_btc, 155025836630, True
btc_pax, None, 0.8, 3565.66, 23, 1, smm_btc, 155025837333, False
btc_pax, None, 0.062501, 3557.66, 21, 1, smm_btc, 155025837334, False
btc_pax, None, 0.062501, 3557.66, 21, 1, smm_btc, 155025837334, True
btc_pax, None, 0.062501, 3564.71, 21, 1, smm_btc, 155025838336, False
btc_pax, None, 0.8, 3570.23, 23, 1, smm_btc, 155025838337, False
btc_pax, None, 0.8, 3570.23, 23, 1, smm_btc, 155025838337, True
btc_pax, None, 0.062501, 3564.71, 21, 1, smm_btc, 155025838336, True
btc_pax, None, 0.8, 3570.17, 23, 1, smm_btc, 155025839540, False
btc_pax, None, 0.062501, 3564.75, 21, 1, smm_btc, 155025839841, False
btc_pax, None, 0.062501, 3564.75, 21, 1, smm_btc, 155025839841, True
btc_pax, None, 0.062501, 3565.92, 21, 1, smm_btc, 155025841943, False
btc_pax, None, 0.8, 3570.17, 23, 1, smm_btc, 155025839540, True
btc_pax, None, 0.8, 3570.2, 23, 1, smm_btc, 155025842445, False
btc_pax, None, 0.062501, 3565.92, 21, 1, smm_btc, 155025841943, True
btc_pax, None, 0.8, 3570.2, 23, 1, smm_btc, 155025842445, True
btc_pax, None, 0.062501, 3565.95, 21, 1, smm_btc, 155025843648, False
btc_pax, None, 0.8, 3570.17, 23, 1, smm_btc, 155025843649, False
btc_pax, None, 0.062501, 3565.95, 21, 1, smm_btc, 155025843648, True
btc_pax, None, 0.062501, 3566.71, 21, 1, smm_btc, 155025855551, False
btc_pax, None, 0.062501, 3566.71, 21, 1, smm_btc, 155025855551, True
btc_pax, None, 0.8, 3570.17, 23, 1, smm_btc, 155025843649, True
btc_pax, None, 0.062501, 3568.25, 21, 1, smm_btc, 155025862354, False
btc_pax, None, 0.8, 3570.22, 23, 1, smm_btc, 155025862355, False
btc_pax, None, 0.062501, 3568.25, 21, 1, smm_btc, 155025862354, True
btc_pax, None, 0.8, 3570.22, 23, 1, smm_btc, 155025862355, True
btc_pax, None, 0.062501, 3568.3, 21, 1, smm_btc, 155025863058, False
btc_pax, None, 0.8, 3570.17, 23, 1, smm_btc, 155025863059, False
btc_pax, None, 0.8, 3570.17, 23, 1, smm_btc, 155025863059, True
btc_pax, None, 0.062501, 3568.3, 21, 1, smm_btc, 155025863058, True
btc_pax, None, 0.8, 3570.28, 23, 1, smm_btc, 155025869662, False
btc_pax, None, 0.062501, 3567.47, 21, 1, smm_btc, 155025869963, False
btc_pax, None, 0.062501, 3567.47, 21, 1, smm_btc, 155025869963, True
btc_pax, None, 0.8, 3570.28, 23, 1, smm_btc, 155025869662, True
btc_pax, None, 0.8, 3570.31, 23, 1, smm_btc, 155025876366, False
btc_pax, None, 0.062501, 3567.44, 21, 1, smm_btc, 155025876967, False
btc_pax, None, 0.062501, 3567.44, 21, 1, smm_btc, 155025876967, True
btc_pax, None, 0.8, 3570.31, 23, 1, smm_btc, 155025876366, True
btc_pax, None, 0.062501, 3567.47, 21, 1, smm_btc, 155025878170, False
btc_pax, None, 0.8, 3570.28, 23, 1, smm_btc, 155025878171, False
btc_pax, None, 0.062501, 3567.47, 21, 1, smm_btc, 155025878170, True
btc_pax, None, 0.062501, 3567.48, 21, 1, smm_btc, 155025880273, False
btc_pax, None, 0.8, 3570.28, 23, 1, smm_btc, 155025878171, True
btc_pax, None, 0.8, 3569.14, 23, 1, smm_btc, 155025885675, False
btc_pax, None, 0.8, 3569.14, 23, 1, smm_btc, 155025885675, True
btc_pax, None, 0.8, 3568.99, 23, 1, smm_btc, 155025889377, False
btc_pax, None, 0.062501, 3567.48, 21, 1, smm_btc, 155025880273, True
btc_pax, None, 0.062501, 3567.47, 21, 1, smm_btc, 155025891579, False
btc_pax, None, 0.062501, 3567.47, 21, 1, smm_btc, 155025891579, True
btc_pax, None, 0.062501, 3568.23, 21, 1, smm_btc, 155025893881, False
btc_pax, None, 0.8, 3568.99, 23, 1, smm_btc, 155025889377, True
btc_pax, None, 0.8, 3569.14, 23, 1, smm_btc, 155025894183, False
btc_pax, None, 0.062501, 3568.23, 21, 1, smm_btc, 155025893881, True
btc_pax, None, 0.062501, 3567.55, 21, 1, smm_btc, 155025894985, False
btc_pax, None, 0.062501, 3567.55, 21, 1, smm_btc, 155025894985, True
btc_pax, None, 0.062501, 3569.15, 21, 1, smm_btc, 155025896887, False
btc_pax, None, 0.8, 3579.0, 23, 1, smm_btc, 155025896888, False
btc_pax, None, 0.062501, 3569.15, 21, 1, smm_btc, 155025896887, True
btc_pax, None, 0.8, 3579.0, 23, 1, smm_btc, 155025896888, True
btc_pax, None, 0.062501, 3568.67, 21, 1, smm_btc, 155025897991, False
btc_pax, None, 0.8, 3577.64, 23, 1, smm_btc, 155025897992, False
btc_pax, None, 0.062501, 3568.67, 21, 1, smm_btc, 155025897991, True
btc_pax, None, 0.8, 3577.64, 23, 1, smm_btc, 155025897992, True
btc_pax, None, 0.062501, 3568.69, 21, 1, smm_btc, 155025898695, False
btc_pax, None, 0.8, 3577.64, 23, 1, smm_btc, 155025898796, False
btc_pax, None, 0.8, 3577.64, 23, 1, smm_btc, 155025898796, True
btc_pax, None, 0.8, 3577.82, 23, 1, smm_btc, 155025899398, False
btc_pax, None, 0.8, 3577.82, 23, 1, smm_btc, 155025899398, True
btc_pax, None, 0.062501, 3568.69, 21, 1, smm_btc, 155025898695, True
btc_pax, None, 0.8, 3577.82, 23, 1, smm_btc, 155025900301, False
btc_pax, None, 0.062501, 3568.71, 21, 1, smm_btc, 155025901402, False
btc_pax, None, 0.8, 3577.82, 23, 1, smm_btc, 155025900301, True
btc_pax, None, 0.8, 3577.82, 23, 1, smm_btc, 155025902004, False
btc_pax, None, 0.8, 3577.82, 23, 1, smm_btc, 155025902004, True
btc_pax, None, 0.8, 3578.81, 23, 1, smm_btc, 155025905606, False
btc_pax, None, 0.8, 3578.81, 23, 1, smm_btc, 155025905606, True
btc_pax, None, 0.8, 3578.81, 23, 1, smm_btc, 155025906208, False
btc_pax, None, 0.062501, 3568.71, 21, 1, smm_btc, 155025901402, False
btc_pax, None, 0.8, 3578.81, 23, 1, smm_btc, 155025906208, True
btc_pax, None, 0.8, 3577.82, 23, 1, smm_btc, 155025907511, False
btc_pax, None, 0.8, 3567.49, 21, 1, smm_btc, 155025907812, False
btc_pax, None, 0.8, 3577.82, 23, 1, smm_btc, 155025907511, True
btc_pax, None, 0.8, 3578.83, 23, 1, smm_btc, 155025910314, False
btc_pax, None, 0.8, 3578.83, 23, 1, smm_btc, 155025910314, True
btc_pax, None, 0.8, 3577.82, 23, 1, smm_btc, 155025911116, False
btc_pax, None, 0.8, 3577.82, 23, 1, smm_btc, 155025911116, True
btc_pax, None, 0.8, 3578.83, 23, 1, smm_btc, 155025912618, False
btc_pax, None, 0.8, 3578.83, 23, 1, smm_btc, 155025912618, True
btc_pax, None, 0.8, 3577.82, 23, 1, smm_btc, 155025914320, False
btc_pax, None, 0.8, 3577.82, 23, 1, smm_btc, 155025914320, True
btc_pax, None, 0.8, 3578.82, 23, 1, smm_btc, 155025918322, False
btc_pax, None, 0.8, 3578.82, 23, 1, smm_btc, 155025918322, True
btc_pax, None, 0.8, 3577.82, 23, 1, smm_btc, 155025920224, False
btc_pax, None, 0.8, 3577.82, 23, 1, smm_btc, 155025920224, True
btc_pax, None, 0.8, 3577.64, 23, 1, smm_btc, 155025922526, False
btc_pax, None, 0.8, 3577.64, 23, 1, smm_btc, 155025922526, True
btc_pax, None, 0.8, 3577.64, 23, 1, smm_btc, 155025923828, False
btc_pax, None, 0.8, 3577.64, 23, 1, smm_btc, 155025923828, True
btc_pax, None, 0.8, 3567.49, 21, 1, smm_btc, 155025907812, True
btc_pax, None, 0.8, 3577.61, 23, 1, smm_btc, 155025924931, False
btc_pax, None, 0.8, 3567.6, 21, 1, smm_btc, 155025925832, False
btc_pax, None, 0.8, 3567.6, 21, 1, smm_btc, 155025925832, True
btc_pax, None, 0.8, 3567.6, 21, 1, smm_btc, 155025926634, False
btc_pax, None, 0.8, 3567.6, 21, 1, smm_btc, 155025926634, True
btc_pax, None, 0.8, 3567.6, 21, 1, smm_btc, 155025927836, False
btc_pax, None, 0.8, 3577.61, 23, 1, smm_btc, 155025924931, True
btc_pax, None, 0.8, 3567.6, 21, 1, smm_btc, 155025927836, True
btc_pax, None, 0.8, 3577.61, 23, 1, smm_btc, 155025928139, False
btc_pax, None, 0.8, 3567.6, 21, 1, smm_btc, 155025928440, False
btc_pax, None, 0.8, 3567.6, 21, 1, smm_btc, 155025928440, True
btc_pax, None, 0.8, 3567.6, 21, 1, smm_btc, 155025929942, False
btc_pax, None, 0.8, 3567.6, 21, 1, smm_btc, 155025929942, True
btc_pax, None, 0.8, 3577.61, 23, 1, smm_btc, 155025928139, True
btc_pax, None, 0.8, 3567.49, 21, 1, smm_btc, 155025931145, False
btc_pax, None, 0.8, 3577.64, 23, 1, smm_btc, 155025931146, False
btc_pax, None, 0.8, 3577.64, 23, 1, smm_btc, 155025931146, True
btc_pax, None, 0.8, 3577.64, 23, 1, smm_btc, 155025933948, False
btc_pax, None, 0.8, 3577.64, 23, 1, smm_btc, 155025933948, True
btc_pax, None, 0.8, 3577.64, 23, 1, smm_btc, 155025936250, False
btc_pax, None, 0.8, 3577.64, 23, 1, smm_btc, 155025936250, True
btc_pax, None, 0.8, 3577.64, 23, 1, smm_btc, 155025941452, False
btc_pax, None, 0.8, 3577.64, 23, 1, smm_btc, 155025941452, True
btc_pax, None, 0.8, 3577.64, 23, 1, smm_btc, 155025942354, False
btc_pax, None, 0.8, 3577.64, 23, 1, smm_btc, 155025942354, True
btc_pax, None, 0.8, 3577.61, 23, 1, smm_btc, 155025944056, False
btc_pax, None, 0.8, 3577.61, 23, 1, smm_btc, 155025944056, True
btc_pax, None, 0.8, 3577.61, 23, 1, smm_btc, 155025944658, False
btc_pax, None, 0.8, 3577.61, 23, 1, smm_btc, 155025944658, True
btc_pax, None, 0.8, 3577.58, 23, 1, smm_btc, 155025945360, False
btc_pax, None, 0.8, 3567.49, 21, 1, smm_btc, 155025931145, True
btc_pax, None, 0.8, 3577.58, 23, 1, smm_btc, 155025945360, True
btc_pax, None, 0.8, 3567.51, 21, 1, smm_btc, 155025947463, False
btc_pax, None, 0.8, 3577.61, 23, 1, smm_btc, 155025947464, False
btc_pax, None, 0.8, 3567.51, 21, 1, smm_btc, 155025947463, True
btc_pax, None, 0.8, 3567.53, 21, 1, smm_btc, 155025948266, False
btc_pax, None, 0.8, 3577.61, 23, 1, smm_btc, 155025947464, True
btc_pax, None, 0.8, 3567.53, 21, 1, smm_btc, 155025948266, True
btc_pax, None, 0.8, 3577.58, 23, 1, smm_btc, 155025948569, False
btc_pax, None, 0.8, 3567.89, 21, 1, smm_btc, 155025948870, False
btc_pax, None, 0.8, 3577.58, 23, 1, smm_btc, 155025948569, True
btc_pax, None, 0.8, 3577.61, 23, 1, smm_btc, 155025950172, False
btc_pax, None, 0.8, 3577.61, 23, 1, smm_btc, 155025950172, True
btc_pax, None, 0.8, 3577.61, 23, 1, smm_btc, 155025950874, False
btc_pax, None, 0.8, 3577.61, 23, 1, smm_btc, 155025950874, True
btc_pax, None, 0.8, 3577.58, 23, 1, smm_btc, 155025951976, False
btc_pax, None, 0.8, 3577.58, 23, 1, smm_btc, 155025951976, True
btc_pax, None, 0.8, 3577.61, 23, 1, smm_btc, 155025954278, False
btc_pax, None, 0.8, 3577.61, 23, 1, smm_btc, 155025954278, True
btc_pax, None, 0.8, 3577.58, 23, 1, smm_btc, 155025956780, False
btc_pax, None, 0.8, 3577.58, 23, 1, smm_btc, 155025956780, True
btc_pax, None, 0.8, 3576.42, 23, 1, smm_btc, 155025958282, False
btc_pax, None, 0.8, 3576.42, 23, 1, smm_btc, 155025958282, True
btc_pax, None, 0.8, 3576.42, 23, 1, smm_btc, 155025961684, False
btc_pax, None, 0.8, 3576.42, 23, 1, smm_btc, 155025961684, True
btc_pax, None, 0.8, 3575.71, 23, 1, smm_btc, 155025962586, False
btc_pax, None, 0.8, 3575.71, 23, 1, smm_btc, 155025962586, True
btc_pax, None, 0.8, 3577.58, 23, 1, smm_btc, 155025963388, False
btc_pax, None, 0.8, 3577.58, 23, 1, smm_btc, 155025963388, True
btc_pax, None, 0.8, 3568.7, 23, 1, smm_btc, 155025964090, False
btc_pax, None, 0.8, 3564.18, 21, 1, smm_btc, 155025965091, False
btc_pax, None, 0.8, 3568.7, 23, 1, smm_btc, 155025964090, True
btc_pax, None, 0.8, 3564.18, 21, 1, smm_btc, 155025965091, True
btc_pax, None, 0.8, 3566.57, 23, 1, smm_btc, 155025965694, False
btc_pax, None, 0.8, 3563.46, 21, 1, smm_btc, 155025965995, False
btc_pax, None, 0.8, 3563.46, 21, 1, smm_btc, 155025965995, True
btc_pax, None, 0.8, 3566.57, 23, 1, smm_btc, 155025965694, True
btc_pax, None, 0.8, 3563.41, 21, 1, smm_btc, 155025968598, False
btc_pax, None, 0.8, 3566.62, 23, 1, smm_btc, 155025968599, False
btc_pax, None, 0.8, 3566.62, 23, 1, smm_btc, 155025968599, True
btc_pax, None, 0.8, 3563.41, 21, 1, smm_btc, 155025968598, True
btc_pax, None, 0.8, 3563.46, 21, 1, smm_btc, 155025970002, False
btc_pax, None, 0.8, 3566.53, 23, 1, smm_btc, 155025970003, False
btc_pax, None, 0.8, 3563.46, 21, 1, smm_btc, 155025970002, True
btc_pax, None, 0.8, 3564.19, 21, 1, smm_btc, 155025971905, False
btc_pax, None, 0.8, 3566.53, 23, 1, smm_btc, 155025970003, True
btc_pax, None, 0.8, 3566.49, 23, 1, smm_btc, 155025972907, False
btc_pax, None, 0.8, 3564.19, 21, 1, smm_btc, 155025971905, True
btc_pax, None, 0.8, 3567.47, 21, 1, smm_btc, 155025979909, False
btc_pax, None, 0.8, 3576.42, 23, 1, smm_btc, 155025980010, False
btc_pax, None, 0.8, 3567.47, 21, 1, smm_btc, 155025979909, True
btc_pax, None, 0.8, 3576.42, 23, 1, smm_btc, 155025980010, True
btc_pax, None, 0.8, 3567.17, 21, 1, smm_btc, 155025980513, False
btc_pax, None, 0.8, 3577.12, 23, 1, smm_btc, 155025980614, False
btc_pax, None, 0.8, 3577.12, 23, 1, smm_btc, 155025980614, True
btc_pax, None, 0.8, 3567.17, 21, 1, smm_btc, 155025980513, True
btc_pax, None, 0.8, 3577.57, 23, 1, smm_btc, 155025982217, False
btc_pax, None, 0.8, 3566.22, 21, 1, smm_btc, 155025982618, False
btc_pax, None, 0.8, 3566.22, 21, 1, smm_btc, 155025982618, True
btc_pax, None, 0.8, 3566.24, 21, 1, smm_btc, 155025983420, False
btc_pax, None, 0.8, 3566.24, 21, 1, smm_btc, 155025983420, True
btc_pax, None, 0.8, 3577.57, 23, 1, smm_btc, 155025982217, True
btc_pax, None, 0.8, 3566.95, 21, 1, smm_btc, 155025984023, False
btc_pax, None, 0.8, 3577.57, 23, 1, smm_btc, 155025984024, False
btc_pax, None, 0.8, 3566.95, 21, 1, smm_btc, 155025984023, True
btc_pax, None, 0.8, 3566.99, 21, 1, smm_btc, 155025984726, False
btc_pax, None, 0.8, 3577.57, 23, 1, smm_btc, 155025984024, True
btc_pax, None, 0.8, 3566.99, 21, 1, smm_btc, 155025984726, True
btc_pax, None, 0.8, 3577.57, 23, 1, smm_btc, 155025985229, False
btc_pax, None, 0.741312, 3566.94, 21, 1, smm_btc, 155025986430, False
btc_pax, None, 0.741312, 3566.94, 21, 1, smm_btc, 155025986430, True
btc_pax, None, 0.741312, 3566.95, 21, 1, smm_btc, 155025987232, False
btc_pax, None, 0.8, 3577.57, 23, 1, smm_btc, 155025985229, True
btc_pax, None, 0.741312, 3566.95, 21, 1, smm_btc, 155025987232, True
btc_pax, None, 0.8, 3577.57, 23, 1, smm_btc, 155025988235, False
btc_pax, None, 0.741312, 3567.0, 21, 1, smm_btc, 155025988636, False
btc_pax, None, 0.8, 3577.57, 23, 1, smm_btc, 155025988235, True
btc_pax, None, 0.741312, 3567.0, 21, 1, smm_btc, 155025988636, True
btc_pax, None, 0.8, 3577.57, 23, 1, smm_btc, 155025990439, False
btc_pax, None, 0.737681, 3567.0, 21, 1, smm_btc, 155025990940, False
btc_pax, None, 0.8, 3577.57, 23, 1, smm_btc, 155025990439, True
btc_pax, None, 0.8, 3577.64, 23, 1, smm_btc, 155025992042, False
btc_pax, None, 0.8, 3577.64, 23, 1, smm_btc, 155025992042, True
btc_pax, None, 0.8, 3577.61, 23, 1, smm_btc, 155025995444, False
btc_pax, None, 0.8, 3577.61, 23, 1, smm_btc, 155025995444, True
btc_pax, None, 0.8, 3577.61, 23, 1, smm_btc, 155025996646, False
btc_pax, None, 0.8, 3577.61, 23, 1, smm_btc, 155025996646, True
btc_pax, None, 0.8, 3578.13, 23, 1, smm_btc, 155025998248, False
btc_pax, None, 0.737681, 3567.0, 21, 1, smm_btc, 155025990940, True
btc_pax, None, 0.737681, 3567.87, 21, 1, smm_btc, 155025998850, False
btc_pax, None, 0.8, 3578.13, 23, 1, smm_btc, 155025998248, True
btc_pax, None, 0.737681, 3567.87, 21, 1, smm_btc, 155025998850, True
btc_pax, None, 0.8, 3579.48, 23, 1, smm_btc, 155025999453, False
btc_pax, None, 0.737681, 3568.76, 21, 1, smm_btc, 155025999854, False
btc_pax, None, 0.737681, 3568.76, 21, 1, smm_btc, 155025999854, True
btc_pax, None, 0.8, 3579.48, 23, 1, smm_btc, 155025999453, True
btc_pax, None, 0.737681, 3567.99, 21, 1, smm_btc, 155026000557, False
btc_pax, None, 0.8, 3578.13, 23, 1, smm_btc, 155026000558, False
btc_pax, None, 0.737681, 3567.99, 21, 1, smm_btc, 155026000557, True
btc_pax, None, 0.8, 3578.13, 23, 1, smm_btc, 155026000558, True
btc_pax, None, 0.737681, 3567.2, 21, 1, smm_btc, 155026001161, False
btc_pax, None, 0.8, 3577.64, 23, 1, smm_btc, 155026001162, False
btc_pax, None, 0.8, 3577.64, 23, 1, smm_btc, 155026001162, True
btc_pax, None, 0.8, 3578.13, 23, 1, smm_btc, 155026001864, False
btc_pax, None, 0.8, 3578.13, 23, 1, smm_btc, 155026001864, True
btc_pax, None, 0.8, 3577.61, 23, 1, smm_btc, 155026002666, False
btc_pax, None, 0.8, 3577.61, 23, 1, smm_btc, 155026002666, True
btc_pax, None, 0.8, 3577.15, 23, 1, smm_btc, 155026005968, False
btc_pax, None, 0.8, 3577.15, 23, 1, smm_btc, 155026005968, True
btc_pax, None, 0.8, 3577.61, 23, 1, smm_btc, 155026007670, False
btc_pax, None, 0.8, 3577.61, 23, 1, smm_btc, 155026007670, True
btc_pax, None, 0.737681, 3567.2, 21, 1, smm_btc, 155026001161, True
btc_pax, None, 0.8, 3577.64, 23, 1, smm_btc, 155026008873, False
btc_pax, None, 0.737681, 3567.95, 21, 1, smm_btc, 155026009374, False
btc_pax, None, 0.8, 3577.64, 23, 1, smm_btc, 155026008873, True
btc_pax, None, 0.8, 3577.61, 23, 1, smm_btc, 155026009676, False
btc_pax, None, 0.737681, 3567.95, 21, 1, smm_btc, 155026009374, True
btc_pax, None, 0.723091, 3567.8, 21, 1, smm_btc, 155026010278, False
btc_pax, None, 0.8, 3577.61, 23, 1, smm_btc, 155026009676, True
btc_pax, None, 0.8, 3577.15, 23, 1, smm_btc, 155026010780, False
btc_pax, None, 0.8, 3577.15, 23, 1, smm_btc, 155026010780, True
btc_pax, None, 0.723091, 3567.8, 21, 1, smm_btc, 155026010278, True
btc_pax, None, 0.8, 3577.15, 23, 1, smm_btc, 155026014583, False
btc_pax, None, 0.324805, 3567.8, 21, 1, smm_btc, 155026014884, False
btc_pax, None, 0.8, 3577.15, 23, 1, smm_btc, 155026014583, True
btc_pax, None, 0.8, 3567.76, 21, 1, smm_btc, 155026017586, False
btc_pax, None, 0.8, 3570.09, 23, 1, smm_btc, 155026017587, False
btc_pax, None, 0.8, 3567.76, 21, 1, smm_btc, 155026017586, True
btc_pax, None, 0.8, 3570.09, 23, 1, smm_btc, 155026017587, True
btc_pax, None, 0.8, 3567.79, 21, 1, smm_btc, 155026019390, False
btc_pax, None, 0.8, 3570.06, 23, 1, smm_btc, 155026019391, False
btc_pax, None, 0.8, 3570.06, 23, 1, smm_btc, 155026019391, True
btc_pax, None, 0.8, 3570.09, 23, 1, smm_btc, 155026020093, False
btc_pax, None, 0.8, 3570.09, 23, 1, smm_btc, 155026020093, True
btc_pax, None, 0.8, 3570.02, 23, 1, smm_btc, 155026022795, False
btc_pax, None, 0.8, 3570.02, 23, 1, smm_btc, 155026022795, True
btc_pax, None, 0.8, 3570.09, 23, 1, smm_btc, 155026023397, False
btc_pax, None, 0.8, 3567.79, 21, 1, smm_btc, 155026019390, True
btc_pax, None, 0.8, 3565.51, 21, 1, smm_btc, 155026025499, False
btc_pax, None, 0.8, 3565.51, 21, 1, smm_btc, 155026025499, True
btc_pax, None, 0.8, 3565.52, 21, 1, smm_btc, 155026027801, False
btc_pax, None, 0.8, 3565.52, 21, 1, smm_btc, 155026027801, True
btc_pax, None, 0.8, 3565.53, 21, 1, smm_btc, 155026029803, False
btc_pax, None, 0.8, 3570.09, 23, 1, smm_btc, 155026023397, True
btc_pax, None, 0.8, 3570.11, 23, 1, smm_btc, 155026030505, False
btc_pax, None, 0.8, 3565.53, 21, 1, smm_btc, 155026029803, True
btc_pax, None, 0.8, 3565.54, 21, 1, smm_btc, 155026032507, False
btc_pax, None, 0.8, 3565.54, 21, 1, smm_btc, 155026032507, True
btc_pax, None, 0.8, 3565.55, 21, 1, smm_btc, 155026035509, False
btc_pax, None, 0.8, 3565.55, 21, 1, smm_btc, 155026035509, True
btc_pax, None, 0.8, 3570.11, 23, 1, smm_btc, 155026030505, True
btc_pax, None, 0.8, 3565.56, 21, 1, smm_btc, 155026038212, False
btc_pax, None, 0.8, 3568.98, 23, 1, smm_btc, 155026038213, False
btc_pax, None, 0.8, 3565.56, 21, 1, smm_btc, 155026038212, True
btc_pax, None, 0.8, 3565.57, 21, 1, smm_btc, 155026041415, False
btc_pax, None, 0.8, 3568.98, 23, 1, smm_btc, 155026038213, True
btc_pax, None, 0.8, 3568.7, 23, 1, smm_btc, 155026043517, False
btc_pax, None, 0.8, 3565.57, 21, 1, smm_btc, 155026041415, True
btc_pax, None, 0.8, 3565.58, 21, 1, smm_btc, 155026045519, False
btc_pax, None, 0.8, 3565.58, 21, 1, smm_btc, 155026045519, True
btc_pax, None, 0.8, 3568.7, 23, 1, smm_btc, 155026043517, True
btc_pax, None, 0.8, 3565.55, 21, 1, smm_btc, 155026047022, False
btc_pax, None, 0.8, 3568.73, 23, 1, smm_btc, 155026047023, False
btc_pax, None, 0.8, 3565.55, 21, 1, smm_btc, 155026047022, True
btc_pax, None, 0.8, 3565.51, 21, 1, smm_btc, 155026047625, False
btc_pax, None, 0.8, 3568.73, 23, 1, smm_btc, 155026047023, True
btc_pax, None, 0.8, 3568.7, 23, 1, smm_btc, 155026049327, False
btc_pax, None, 0.8, 3565.51, 21, 1, smm_btc, 155026047625, True
btc_pax, None, 0.8, 3568.7, 23, 1, smm_btc, 155026049327, True
btc_pax, None, 0.8, 3565.48, 21, 1, smm_btc, 155026052830, False
btc_pax, None, 0.8, 3568.73, 23, 1, smm_btc, 155026052831, False
btc_pax, None, 0.8, 3568.73, 23, 1, smm_btc, 155026052831, True
btc_pax, None, 0.8, 3565.48, 21, 1, smm_btc, 155026052830, True
btc_pax, None, 0.8, 3568.98, 23, 1, smm_btc, 155026053634, False
btc_pax, None, 0.8, 3565.51, 21, 1, smm_btc, 155026053835, False
btc_pax, None, 0.8, 3568.98, 23, 1, smm_btc, 155026053634, True
btc_pax, None, 0.8, 3565.51, 21, 1, smm_btc, 155026053835, True
btc_pax, None, 0.8, 3568.69, 23, 1, smm_btc, 155026055938, False
btc_pax, None, 0.8, 3565.48, 21, 1, smm_btc, 155026056239, False
btc_pax, None, 0.8, 3565.48, 21, 1, smm_btc, 155026056239, True
btc_pax, None, 0.8, 3568.69, 23, 1, smm_btc, 155026055938, True
btc_pax, None, 0.8, 3565.51, 21, 1, smm_btc, 155026057742, False
btc_pax, None, 0.8, 3568.98, 23, 1, smm_btc, 155026058543, False
btc_pax, None, 0.8, 3568.98, 23, 1, smm_btc, 155026058543, True
btc_pax, None, 0.8, 3565.51, 21, 1, smm_btc, 155026057742, True
btc_pax, None, 0.8, 3568.42, 23, 1, smm_btc, 155026061246, False
btc_pax, None, 0.8, 3565.46, 21, 1, smm_btc, 155026061647, False
btc_pax, None, 0.8, 3565.46, 21, 1, smm_btc, 155026061647, True
btc_pax, None, 0.8, 3568.42, 23, 1, smm_btc, 155026061246, True
btc_pax, None, 0.8, 3565.51, 21, 1, smm_btc, 155026062250, False
btc_pax, None, 0.8, 3568.37, 23, 1, smm_btc, 155026062251, False
btc_pax, None, 0.8, 3565.51, 21, 1, smm_btc, 155026062250, True
btc_pax, None, 0.8, 3562.66, 21, 1, smm_btc, 155026063353, False
btc_pax, None, 0.8, 3562.66, 21, 1, smm_btc, 155026063353, True
btc_pax, None, 0.8, 3562.67, 21, 1, smm_btc, 155026065555, False
btc_pax, None, 0.8, 3568.37, 23, 1, smm_btc, 155026062251, True
btc_pax, None, 0.8, 3568.98, 23, 1, smm_btc, 155026065857, False
btc_pax, None, 0.8, 3562.67, 21, 1, smm_btc, 155026065555, True
btc_pax, None, 0.8, 3562.68, 21, 1, smm_btc, 155026067959, False
btc_pax, None, 0.8, 3568.98, 23, 1, smm_btc, 155026065857, True
btc_pax, None, 0.8, 3568.17, 23, 1, smm_btc, 155026068261, False
btc_pax, None, 0.8, 3562.68, 21, 1, smm_btc, 155026067959, True
btc_pax, None, 0.8, 3562.69, 21, 1, smm_btc, 155026071163, False
btc_pax, None, 0.8, 3562.69, 21, 1, smm_btc, 155026071163, True
btc_pax, None, 0.8, 3562.7, 21, 1, smm_btc, 155026073265, False
btc_pax, None, 0.8, 3568.17, 23, 1, smm_btc, 155026068261, True
btc_pax, None, 0.8, 3567.76, 23, 1, smm_btc, 155026075567, False
btc_pax, None, 0.8, 3562.7, 21, 1, smm_btc, 155026073265, True
btc_pax, None, 0.8, 3562.71, 21, 1, smm_btc, 155026078669, False
btc_pax, None, 0.8, 3567.76, 23, 1, smm_btc, 155026075567, True
btc_pax, None, 0.8, 3567.8, 23, 1, smm_btc, 155026080071, False
btc_pax, None, 0.8, 3567.8, 23, 1, smm_btc, 155026080071, True
btc_pax, None, 0.8, 3568.89, 23, 1, smm_btc, 155026080673, False
btc_pax, None, 0.8, 3568.89, 23, 1, smm_btc, 155026080673, True
btc_pax, None, 0.8, 3567.72, 23, 1, smm_btc, 155026081775, False
btc_pax, None, 0.8, 3567.72, 23, 1, smm_btc, 155026081775, True
btc_pax, None, 0.8, 3567.67, 23, 1, smm_btc, 155026082377, False
btc_pax, None, 0.8, 3562.71, 21, 1, smm_btc, 155026078669, True
btc_pax, None, 0.8, 3562.72, 21, 1, smm_btc, 155026083279, False
btc_pax, None, 0.8, 3567.67, 23, 1, smm_btc, 155026082377, True
btc_pax, None, 0.8, 3567.72, 23, 1, smm_btc, 155026083881, False
btc_pax, None, 0.8, 3567.72, 23, 1, smm_btc, 155026083881, True
btc_pax, None, 0.8, 3567.51, 23, 1, smm_btc, 155026084883, False
btc_pax, None, 0.8, 3567.51, 23, 1, smm_btc, 155026084883, True
btc_pax, None, 0.8, 3562.72, 21, 1, smm_btc, 155026083279, True
btc_pax, None, 0.8, 3568.25, 23, 1, smm_btc, 155026085786, False
btc_pax, None, 0.8, 3562.68, 21, 1, smm_btc, 155026086087, False
btc_pax, None, 0.8, 3568.25, 23, 1, smm_btc, 155026085786, True
btc_pax, None, 0.8, 3568.3, 23, 1, smm_btc, 155026086389, False
btc_pax, None, 0.8, 3562.68, 21, 1, smm_btc, 155026086087, True
btc_pax, None, 0.8, 3568.3, 23, 1, smm_btc, 155026086389, True
btc_pax, None, 0.8, 3562.73, 21, 1, smm_btc, 155026088092, False
btc_pax, None, 0.8, 3568.25, 23, 1, smm_btc, 155026088093, False
btc_pax, None, 0.8, 3568.25, 23, 1, smm_btc, 155026088093, True
btc_pax, None, 0.8, 3562.73, 21, 1, smm_btc, 155026088092, True
btc_pax, None, 0.8, 3567.59, 23, 1, smm_btc, 155026088796, False
btc_pax, None, 0.8, 3562.74, 21, 1, smm_btc, 155026089197, False
btc_pax, None, 0.8, 3562.74, 21, 1, smm_btc, 155026089197, True
btc_pax, None, 0.8, 3567.59, 23, 1, smm_btc, 155026088796, True
btc_pax, None, 0.8, 3562.75, 21, 1, smm_btc, 155026092100, False
btc_pax, None, 0.8, 3568.25, 23, 1, smm_btc, 155026092101, False
btc_pax, None, 0.8, 3562.75, 21, 1, smm_btc, 155026092100, True
btc_pax, None, 0.8, 3568.25, 23, 1, smm_btc, 155026092101, True
btc_pax, None, 0.8, 3562.81, 21, 1, smm_btc, 155026095504, False
btc_pax, None, 0.8, 3568.25, 23, 1, smm_btc, 155026095505, False
btc_pax, None, 0.8, 3562.81, 21, 1, smm_btc, 155026095504, True
btc_pax, None, 0.8, 3562.82, 21, 1, smm_btc, 155026098507, False
btc_pax, None, 0.8, 3568.25, 23, 1, smm_btc, 155026095505, True
btc_pax, None, 0.8, 3567.65, 23, 1, smm_btc, 155026098909, False
btc_pax, None, 0.8, 3562.82, 21, 1, smm_btc, 155026098507, True
btc_pax, None, 0.8, 3567.65, 23, 1, smm_btc, 155026098909, True
btc_pax, None, 0.8, 3562.79, 21, 1, smm_btc, 155026100612, False
btc_pax, None, 0.8, 3567.68, 23, 1, smm_btc, 155026100613, False
btc_pax, None, 0.8, 3562.79, 21, 1, smm_btc, 155026100612, True
btc_pax, None, 0.8, 3567.68, 23, 1, smm_btc, 155026100613, True
btc_pax, None, 0.8, 3562.82, 21, 1, smm_btc, 155026101516, False
btc_pax, None, 0.8, 3567.65, 23, 1, smm_btc, 155026101517, False
btc_pax, None, 0.8, 3562.82, 21, 1, smm_btc, 155026101516, True
btc_pax, None, 0.8, 3562.83, 21, 1, smm_btc, 155026102119, False
btc_pax, None, 0.8, 3567.65, 23, 1, smm_btc, 155026101517, True
btc_pax, None, 0.8, 3568.25, 23, 1, smm_btc, 155026103621, False
btc_pax, None, 0.8, 3562.83, 21, 1, smm_btc, 155026102119, True
btc_pax, None, 0.8, 3562.84, 21, 1, smm_btc, 155026104923, False
btc_pax, None, 0.8, 3562.84, 21, 1, smm_btc, 155026104923, True
btc_pax, None, 0.8, 3562.87, 21, 1, smm_btc, 155026107725, False
btc_pax, None, 0.8, 3562.87, 21, 1, smm_btc, 155026107725, True
btc_pax, None, 0.8, 3562.89, 21, 1, smm_btc, 155026111327, False
btc_pax, None, 0.8, 3562.89, 21, 1, smm_btc, 155026111327, True
btc_pax, None, 0.8, 3568.25, 23, 1, smm_btc, 155026103621, True
btc_pax, None, 0.8, 3562.9, 21, 1, smm_btc, 155026113730, False
btc_pax, None, 0.8, 3568.9, 23, 1, smm_btc, 155026113731, False
btc_pax, None, 0.8, 3562.9, 21, 1, smm_btc, 155026113730, True
btc_pax, None, 0.8, 3562.91, 21, 1, smm_btc, 155026117633, False
btc_pax, None, 0.8, 3562.91, 21, 1, smm_btc, 155026117633, True
btc_pax, None, 0.8, 3563.21, 21, 1, smm_btc, 155026118835, False
btc_pax, None, 0.8, 3563.21, 21, 1, smm_btc, 155026118835, True
btc_pax, None, 0.8, 3563.22, 21, 1, smm_btc, 155026119637, False
btc_pax, None, 0.8, 3563.22, 21, 1, smm_btc, 155026119637, True
btc_pax, None, 0.8, 3567.64, 21, 1, smm_btc, 155026121439, False
btc_pax, None, 0.8, 3567.64, 21, 1, smm_btc, 155026121439, True
btc_pax, None, 0.8, 3568.9, 23, 1, smm_btc, 155026113731, True
btc_pax, None, 0.793696, 3564.25, 21, 1, smm_btc, 155026130542, False
btc_pax, None, 0.8, 3569.21, 23, 1, smm_btc, 155026130543, False
btc_pax, None, 0.793696, 3564.25, 21, 1, smm_btc, 155026130542, True
btc_pax, None, 0.8, 3569.21, 23, 1, smm_btc, 155026130543, True
btc_pax, None, 0.793696, 3564.35, 21, 1, smm_btc, 155026132746, False
btc_pax, None, 0.8, 3569.16, 23, 1, smm_btc, 155026132747, False
btc_pax, None, 0.793696, 3564.35, 21, 1, smm_btc, 155026132746, True
btc_pax, None, 0.793696, 3564.36, 21, 1, smm_btc, 155026134049, False
btc_pax, None, 0.793696, 3564.36, 21, 1, smm_btc, 155026134049, True
btc_pax, None, 0.8, 3569.16, 23, 1, smm_btc, 155026132747, True
btc_pax, None, 0.793696, 3564.34, 21, 1, smm_btc, 155026135852, False
btc_pax, None, 0.8, 3569.21, 23, 1, smm_btc, 155026135853, False
btc_pax, None, 0.793696, 3564.34, 21, 1, smm_btc, 155026135852, True
btc_pax, None, 0.793696, 3565.5, 21, 1, smm_btc, 155026136455, False
btc_pax, None, 0.8, 3576.79, 23, 1, smm_btc, 155026136456, False
btc_pax, None, 0.793696, 3565.5, 21, 1, smm_btc, 155026136455, True
btc_pax, None, 0.793696, 3565.52, 21, 1, smm_btc, 155026137458, False
btc_pax, None, 0.793696, 3565.52, 21, 1, smm_btc, 155026137458, True
btc_pax, None, 0.793696, 3565.54, 21, 1, smm_btc, 155026138360, False
btc_pax, None, 0.793696, 3565.54, 21, 1, smm_btc, 155026138360, True
btc_pax, None, 0.793696, 3565.56, 21, 1, smm_btc, 155026139162, False
btc_pax, None, 0.793696, 3565.56, 21, 1, smm_btc, 155026139162, True
btc_pax, None, 0.8, 3576.79, 23, 1, smm_btc, 155026136456, True
btc_pax, None, 0.793696, 3565.58, 21, 1, smm_btc, 155026139865, False
btc_pax, None, 0.8, 3577.19, 23, 1, smm_btc, 155026139866, False
btc_pax, None, 0.793696, 3565.58, 21, 1, smm_btc, 155026139865, True
btc_pax, None, 0.793696, 3565.6, 21, 1, smm_btc, 155026140568, False
btc_pax, None, 0.8, 3577.19, 23, 1, smm_btc, 155026139866, True
btc_pax, None, 0.793696, 3565.6, 21, 1, smm_btc, 155026140568, True
btc_pax, None, 0.8, 3576.95, 23, 1, smm_btc, 155026140871, False
btc_pax, None, 0.793696, 3565.77, 21, 1, smm_btc, 155026141172, False
btc_pax, None, 0.793696, 3565.77, 21, 1, smm_btc, 155026141172, True
btc_pax, None, 0.8, 3576.95, 23, 1, smm_btc, 155026140871, True
btc_pax, None, 0.793696, 3565.79, 21, 1, smm_btc, 155026143375, False
btc_pax, None, 0.8, 3577.19, 23, 1, smm_btc, 155026143376, False
btc_pax, None, 0.793696, 3565.79, 21, 1, smm_btc, 155026143375, True
btc_pax, None, 0.8, 3577.19, 23, 1, smm_btc, 155026143376, True
btc_pax, None, 0.793696, 3565.81, 21, 1, smm_btc, 155026143979, False
btc_pax, None, 0.8, 3576.91, 23, 1, smm_btc, 155026143980, False
btc_pax, None, 0.793696, 3565.81, 21, 1, smm_btc, 155026143979, True
btc_pax, None, 0.8, 3576.91, 23, 1, smm_btc, 155026143980, True
btc_pax, None, 0.793696, 3565.83, 21, 1, smm_btc, 155026145583, False
btc_pax, None, 0.8, 3577.25, 23, 1, smm_btc, 155026145584, False
btc_pax, None, 0.793696, 3565.83, 21, 1, smm_btc, 155026145583, True
btc_pax, None, 0.8, 3577.25, 23, 1, smm_btc, 155026145584, True
btc_pax, None, 0.793696, 3565.89, 21, 1, smm_btc, 155026146287, False
btc_pax, None, 0.8, 3577.19, 23, 1, smm_btc, 155026146388, False
btc_pax, None, 0.793696, 3565.89, 21, 1, smm_btc, 155026146287, True
btc_pax, None, 0.8, 3577.19, 23, 1, smm_btc, 155026146388, True
btc_pax, None, 0.793696, 3565.91, 21, 1, smm_btc, 155026147391, False
btc_pax, None, 0.8, 3577.24, 23, 1, smm_btc, 155026147392, False
btc_pax, None, 0.793696, 3565.91, 21, 1, smm_btc, 155026147391, True
btc_pax, None, 0.793696, 3565.93, 21, 1, smm_btc, 155026147994, False
btc_pax, None, 0.8, 3577.24, 23, 1, smm_btc, 155026147392, True
btc_pax, None, 0.793696, 3565.93, 21, 1, smm_btc, 155026147994, True
btc_pax, None, 0.8, 3577.24, 23, 1, smm_btc, 155026148897, False
btc_pax, None, 0.793696, 3565.95, 21, 1, smm_btc, 155026149298, False
btc_pax, None, 0.793696, 3565.95, 21, 1, smm_btc, 155026149298, True
btc_pax, None, 0.793696, 3565.97, 21, 1, smm_btc, 155026150100, False
btc_pax, None, 0.793696, 3565.97, 21, 1, smm_btc, 155026150100, True
btc_pax, None, 0.8, 3577.24, 23, 1, smm_btc, 155026148897, True
btc_pax, None, 0.793696, 3565.99, 21, 1, smm_btc, 155026150803, False
btc_pax, None, 0.8, 3577.19, 23, 1, smm_btc, 155026150804, False
btc_pax, None, 0.793696, 3565.99, 21, 1, smm_btc, 155026150803, True
btc_pax, None, 0.793696, 3566.01, 21, 1, smm_btc, 155026151506, False
btc_pax, None, 0.793696, 3566.01, 21, 1, smm_btc, 155026151506, True
btc_pax, None, 0.8, 3577.19, 23, 1, smm_btc, 155026150804, True
btc_pax, None, 0.793696, 3566.05, 21, 1, smm_btc, 155026152109, False
btc_pax, None, 0.8, 3577.26, 23, 1, smm_btc, 155026152110, False
btc_pax, None, 0.793696, 3566.05, 21, 1, smm_btc, 155026152109, True
btc_pax, None, 0.8, 3577.26, 23, 1, smm_btc, 155026152110, True
btc_pax, None, 0.793696, 3566.07, 21, 1, smm_btc, 155026155213, False
btc_pax, None, 0.8, 3577.24, 23, 1, smm_btc, 155026155214, False
btc_pax, None, 0.793696, 3566.07, 21, 1, smm_btc, 155026155213, True
btc_pax, None, 0.8, 3577.24, 23, 1, smm_btc, 155026155214, True
btc_pax, None, 0.793696, 3566.09, 21, 1, smm_btc, 155026156117, False
btc_pax, None, 0.8, 3577.27, 23, 1, smm_btc, 155026156118, False
btc_pax, None, 0.793696, 3566.09, 21, 1, smm_btc, 155026156117, True
btc_pax, None, 0.793696, 3566.11, 21, 1, smm_btc, 155026156820, False
btc_pax, None, 0.8, 3577.27, 23, 1, smm_btc, 155026156118, True
btc_pax, None, 0.793696, 3566.11, 21, 1, smm_btc, 155026156820, True
btc_pax, None, 0.8, 3577.56, 23, 1, smm_btc, 155026157123, False
btc_pax, None, 0.793696, 3566.13, 21, 1, smm_btc, 155026157824, False
btc_pax, None, 0.8, 3577.56, 23, 1, smm_btc, 155026157123, True
btc_pax, None, 0.793696, 3566.13, 21, 1, smm_btc, 155026157824, True
btc_pax, None, 0.8, 3577.39, 23, 1, smm_btc, 155026158227, False
btc_pax, None, 0.793696, 3566.15, 21, 1, smm_btc, 155026158928, False
btc_pax, None, 0.793696, 3566.15, 21, 1, smm_btc, 155026158928, True
btc_pax, None, 0.793696, 3566.17, 21, 1, smm_btc, 155026161230, False
btc_pax, None, 0.793696, 3566.17, 21, 1, smm_btc, 155026161230, True
btc_pax, None, 0.793696, 3566.19, 21, 1, smm_btc, 155026162132, False
btc_pax, None, 0.8, 3577.39, 23, 1, smm_btc, 155026158227, True
btc_pax, None, 0.793696, 3566.19, 21, 1, smm_btc, 155026162132, True
btc_pax, None, 0.8, 3577.56, 23, 1, smm_btc, 155026162835, False
btc_pax, None, 0.793696, 3566.21, 21, 1, smm_btc, 155026163236, False
btc_pax, None, 0.793696, 3566.21, 21, 1, smm_btc, 155026163236, True
btc_pax, None, 0.793696, 3566.23, 21, 1, smm_btc, 155026164238, False
btc_pax, None, 0.793696, 3566.23, 21, 1, smm_btc, 155026164238, True
btc_pax, None, 0.793696, 3566.29, 21, 1, smm_btc, 155026165740, False
btc_pax, None, 0.793696, 3566.29, 21, 1, smm_btc, 155026165740, True
btc_pax, None, 0.8, 3577.56, 23, 1, smm_btc, 155026162835, True
btc_pax, None, 0.793696, 3566.31, 21, 1, smm_btc, 155026166343, False
btc_pax, None, 0.8, 3577.49, 23, 1, smm_btc, 155026166344, False
btc_pax, None, 0.793696, 3566.31, 21, 1, smm_btc, 155026166343, True
btc_pax, None, 0.793696, 3566.33, 21, 1, smm_btc, 155026166946, False
btc_pax, None, 0.793696, 3566.33, 21, 1, smm_btc, 155026166946, True
btc_pax, None, 0.8, 3577.49, 23, 1, smm_btc, 155026166344, True
btc_pax, None, 0.793696, 3566.35, 21, 1, smm_btc, 155026167549, False
btc_pax, None, 0.8, 3577.64, 23, 1, smm_btc, 155026167550, False
btc_pax, None, 0.793696, 3566.35, 21, 1, smm_btc, 155026167549, True
btc_pax, None, 0.8, 3577.64, 23, 1, smm_btc, 155026167550, True
btc_pax, None, 0.793696, 3566.37, 21, 1, smm_btc, 155026169853, False
btc_pax, None, 0.8, 3577.75, 23, 1, smm_btc, 155026169854, False
btc_pax, None, 0.793696, 3566.37, 21, 1, smm_btc, 155026169853, True
btc_pax, None, 0.8, 3577.75, 23, 1, smm_btc, 155026169854, True
btc_pax, None, 0.793696, 3566.39, 21, 1, smm_btc, 155026171957, False
btc_pax, None, 0.8, 3577.75, 23, 1, smm_btc, 155026171958, False
btc_pax, None, 0.793696, 3566.39, 21, 1, smm_btc, 155026171957, True
btc_pax, None, 0.793696, 3566.41, 21, 1, smm_btc, 155026173260, False
btc_pax, None, 0.793696, 3566.41, 21, 1, smm_btc, 155026173260, True
btc_pax, None, 0.793696, 3566.44, 21, 1, smm_btc, 155026174162, False
btc_pax, None, 0.793696, 3566.44, 21, 1, smm_btc, 155026174162, True
btc_pax, None, 0.793696, 3566.46, 21, 1, smm_btc, 155026174864, False
btc_pax, None, 0.793696, 3566.46, 21, 1, smm_btc, 155026174864, True
btc_pax, None, 0.793696, 3566.48, 21, 1, smm_btc, 155026175766, False
btc_pax, None, 0.793696, 3566.48, 21, 1, smm_btc, 155026175766, True
btc_pax, None, 0.8, 3577.75, 23, 1, smm_btc, 155026171958, True
btc_pax, None, 0.793696, 3566.5, 21, 1, smm_btc, 155026176369, False
btc_pax, None, 0.8, 3577.64, 23, 1, smm_btc, 155026176370, False
btc_pax, None, 0.793696, 3566.5, 21, 1, smm_btc, 155026176369, True
btc_pax, None, 0.793696, 3566.52, 21, 1, smm_btc, 155026176972, False
btc_pax, None, 0.793696, 3566.52, 21, 1, smm_btc, 155026176972, True
btc_pax, None, 0.793696, 3566.58, 21, 1, smm_btc, 155026177774, False
btc_pax, None, 0.793696, 3566.58, 21, 1, smm_btc, 155026177774, True
btc_pax, None, 0.793696, 3566.6, 21, 1, smm_btc, 155026179176, False
btc_pax, None, 0.8, 3577.64, 23, 1, smm_btc, 155026176370, True
btc_pax, None, 0.793696, 3566.6, 21, 1, smm_btc, 155026179176, True
btc_pax, None, 0.8, 3577.64, 23, 1, smm_btc, 155026179579, False
btc_pax, None, 0.793696, 3566.62, 21, 1, smm_btc, 155026179880, False
btc_pax, None, 0.793696, 3566.62, 21, 1, smm_btc, 155026179880, True
btc_pax, None, 0.8, 3577.64, 23, 1, smm_btc, 155026179579, True
btc_pax, None, 0.793696, 3566.68, 21, 1, smm_btc, 155026180783, False
btc_pax, None, 0.8, 3577.96, 23, 1, smm_btc, 155026180784, False
btc_pax, None, 0.793696, 3566.68, 21, 1, smm_btc, 155026180783, True
btc_pax, None, 0.793696, 3566.7, 21, 1, smm_btc, 155026181986, False
btc_pax, None, 0.793696, 3566.7, 21, 1, smm_btc, 155026181986, True
btc_pax, None, 0.8, 3577.96, 23, 1, smm_btc, 155026180784, True
btc_pax, None, 0.793696, 3566.72, 21, 1, smm_btc, 155026183089, False
btc_pax, None, 0.8, 3577.96, 23, 1, smm_btc, 155026183090, False
btc_pax, None, 0.793696, 3566.72, 21, 1, smm_btc, 155026183089, True
btc_pax, None, 0.793696, 3566.74, 21, 1, smm_btc, 155026183692, False
btc_pax, None, 0.793696, 3566.74, 21, 1, smm_btc, 155026183692, True
btc_pax, None, 0.793696, 3566.76, 21, 1, smm_btc, 155026184494, False
btc_pax, None, 0.793696, 3566.76, 21, 1, smm_btc, 155026184494, True
btc_pax, None, 0.8, 3577.96, 23, 1, smm_btc, 155026183090, True
btc_pax, None, 0.793696, 3566.78, 21, 1, smm_btc, 155026185297, False
btc_pax, None, 0.8, 3579.0, 23, 1, smm_btc, 155026185298, False
btc_pax, None, 0.793696, 3566.78, 21, 1, smm_btc, 155026185297, True
btc_pax, None, 0.8, 3579.0, 23, 1, smm_btc, 155026185298, True
btc_pax, None, 0.793696, 3566.84, 21, 1, smm_btc, 155026185801, False
btc_pax, None, 0.8, 3579.13, 23, 1, smm_btc, 155026185802, False
btc_pax, None, 0.793696, 3566.84, 21, 1, smm_btc, 155026185801, True
btc_pax, None, 0.8, 3579.13, 23, 1, smm_btc, 155026185802, True
btc_pax, None, 0.793696, 3568.04, 21, 1, smm_btc, 155026186405, False
btc_pax, None, 0.8, 3579.72, 23, 1, smm_btc, 155026186406, False
btc_pax, None, 0.793696, 3568.04, 21, 1, smm_btc, 155026186405, True
btc_pax, None, 0.8, 3579.72, 23, 1, smm_btc, 155026186406, True
btc_pax, None, 0.793696, 3568.06, 21, 1, smm_btc, 155026187009, False
btc_pax, None, 0.8, 3579.45, 23, 1, smm_btc, 155026187010, False
btc_pax, None, 0.793696, 3568.06, 21, 1, smm_btc, 155026187009, True
btc_pax, None, 0.8, 3579.45, 23, 1, smm_btc, 155026187010, True
btc_pax, None, 0.793696, 3568.12, 21, 1, smm_btc, 155026187613, False
btc_pax, None, 0.8, 3579.45, 23, 1, smm_btc, 155026187614, False
btc_pax, None, 0.793696, 3568.12, 21, 1, smm_btc, 155026187613, True
btc_pax, None, 0.793696, 3568.16, 21, 1, smm_btc, 155026188216, False
btc_pax, None, 0.8, 3579.45, 23, 1, smm_btc, 155026187614, True
btc_pax, None, 0.793696, 3568.16, 21, 1, smm_btc, 155026188216, True
btc_pax, None, 0.8, 3579.71, 23, 1, smm_btc, 155026188619, False
btc_pax, None, 0.793696, 3568.18, 21, 1, smm_btc, 155026189020, False
btc_pax, None, 0.8, 3579.71, 23, 1, smm_btc, 155026188619, True
btc_pax, None, 0.793696, 3568.18, 21, 1, smm_btc, 155026189020, True
btc_pax, None, 0.8, 3579.36, 23, 1, smm_btc, 155026189423, False
btc_pax, None, 0.793696, 3569.43, 21, 1, smm_btc, 155026189724, False
btc_pax, None, 0.793696, 3569.43, 21, 1, smm_btc, 155026189724, True
btc_pax, None, 0.8, 3579.36, 23, 1, smm_btc, 155026189423, True
btc_pax, None, 0.793696, 3569.49, 21, 1, smm_btc, 155026190327, False
btc_pax, None, 0.8, 3579.45, 23, 1, smm_btc, 155026190328, False
btc_pax, None, 0.793696, 3569.49, 21, 1, smm_btc, 155026190327, True
btc_pax, None, 0.793696, 3569.51, 21, 1, smm_btc, 155026191030, False
btc_pax, None, 0.8, 3579.45, 23, 1, smm_btc, 155026190328, True
btc_pax, None, 0.793696, 3569.51, 21, 1, smm_btc, 155026191030, True
btc_pax, None, 0.8, 3579.64, 23, 1, smm_btc, 155026191333, False
btc_pax, None, 0.793696, 3569.53, 21, 1, smm_btc, 155026191634, False
btc_pax, None, 0.793696, 3569.53, 21, 1, smm_btc, 155026191634, True
btc_pax, None, 0.793696, 3569.55, 21, 1, smm_btc, 155026192336, False
btc_pax, None, 0.8, 3579.64, 23, 1, smm_btc, 155026191333, True
btc_pax, None, 0.793696, 3569.55, 21, 1, smm_btc, 155026192336, True
btc_pax, None, 0.8, 3579.72, 23, 1, smm_btc, 155026192739, False
btc_pax, None, 0.793696, 3569.57, 21, 1, smm_btc, 155026193140, False
btc_pax, None, 0.793696, 3569.57, 21, 1, smm_btc, 155026193140, True
btc_pax, None, 0.8, 3579.72, 23, 1, smm_btc, 155026192739, True
btc_pax, None, 0.793696, 3569.72, 21, 1, smm_btc, 155026193743, False
btc_pax, None, 0.8, 3580.19, 23, 1, smm_btc, 155026193844, False
btc_pax, None, 0.793696, 3569.72, 21, 1, smm_btc, 155026193743, True
btc_pax, None, 0.8, 3580.19, 23, 1, smm_btc, 155026193844, True
btc_pax, None, 0.793696, 3569.74, 21, 1, smm_btc, 155026194347, False
btc_pax, None, 0.8, 3580.22, 23, 1, smm_btc, 155026194448, False
btc_pax, None, 0.793696, 3569.74, 21, 1, smm_btc, 155026194347, True
btc_pax, None, 0.8, 3580.22, 23, 1, smm_btc, 155026194448, True
btc_pax, None, 0.793696, 3569.78, 21, 1, smm_btc, 155026195151, False
btc_pax, None, 0.8, 3580.38, 23, 1, smm_btc, 155026195152, False
btc_pax, None, 0.793696, 3569.78, 21, 1, smm_btc, 155026195151, True
btc_pax, None, 0.793696, 3569.8, 21, 1, smm_btc, 155026196154, False
btc_pax, None, 0.8, 3580.38, 23, 1, smm_btc, 155026195152, True
btc_pax, None, 0.793696, 3569.8, 21, 1, smm_btc, 155026196154, True
btc_pax, None, 0.8, 3580.39, 23, 1, smm_btc, 155026196657, False
btc_pax, None, 0.793696, 3569.81, 21, 1, smm_btc, 155026196958, False
btc_pax, None, 0.8, 3580.39, 23, 1, smm_btc, 155026196657, True
btc_pax, None, 0.793696, 3569.81, 21, 1, smm_btc, 155026196958, True
btc_pax, None, 0.8, 3580.27, 23, 1, smm_btc, 155026197261, False
btc_pax, None, 0.793696, 3569.88, 21, 1, smm_btc, 155026197562, False
btc_pax, None, 0.793696, 3569.88, 21, 1, smm_btc, 155026197562, True
btc_pax, None, 0.793696, 3569.9, 21, 1, smm_btc, 155026198264, False
btc_pax, None, 0.793696, 3569.9, 21, 1, smm_btc, 155026198264, True
btc_pax, None, 0.793696, 3569.92, 21, 1, smm_btc, 155026199466, False
btc_pax, None, 0.793696, 3569.92, 21, 1, smm_btc, 155026199466, True
btc_pax, None, 0.8, 3580.27, 23, 1, smm_btc, 155026197261, True
btc_pax, None, 0.793696, 3569.94, 21, 1, smm_btc, 155026200269, False
btc_pax, None, 0.8, 3580.19, 23, 1, smm_btc, 155026200270, False
btc_pax, None, 0.793696, 3569.94, 21, 1, smm_btc, 155026200269, True
btc_pax, None, 0.8, 3580.19, 23, 1, smm_btc, 155026200270, True
btc_pax, None, 0.793696, 3570.36, 21, 1, smm_btc, 155026201173, False
btc_pax, None, 0.8, 3579.72, 23, 1, smm_btc, 155026201174, False
btc_pax, None, 0.793696, 3570.36, 21, 1, smm_btc, 155026201173, True
btc_pax, None, 0.793696, 3570.0, 21, 1, smm_btc, 155026205676, False
btc_pax, None, 0.793696, 3570.0, 21, 1, smm_btc, 155026205676, True
btc_pax, None, 0.8, 3579.72, 23, 1, smm_btc, 155026201174, True
btc_pax, None, 0.793696, 3570.06, 21, 1, smm_btc, 155026206279, False
btc_pax, None, 0.8, 3580.39, 23, 1, smm_btc, 155026206280, False
btc_pax, None, 0.793696, 3570.06, 21, 1, smm_btc, 155026206279, True
btc_pax, None, 0.793696, 3570.08, 21, 1, smm_btc, 155026207082, False
btc_pax, None, 0.793696, 3570.08, 21, 1, smm_btc, 155026207082, True
btc_pax, None, 0.793696, 3570.1, 21, 1, smm_btc, 155026207984, False
btc_pax, None, 0.793696, 3570.1, 21, 1, smm_btc, 155026207984, True
btc_pax, None, 0.8, 3580.39, 23, 1, smm_btc, 155026206280, True
btc_pax, None, 0.793696, 3570.12, 21, 1, smm_btc, 155026209587, False
btc_pax, None, 0.8, 3580.19, 23, 1, smm_btc, 155026209588, False
btc_pax, None, 0.793696, 3570.12, 21, 1, smm_btc, 155026209587, True
btc_pax, None, 0.793696, 3570.14, 21, 1, smm_btc, 155026210290, False
btc_pax, None, 0.793696, 3570.14, 21, 1, smm_btc, 155026210290, True
btc_pax, None, 0.8, 3580.19, 23, 1, smm_btc, 155026209588, True
btc_pax, None, 0.793696, 3570.19, 21, 1, smm_btc, 155026211793, False
btc_pax, None, 0.8, 3579.72, 23, 1, smm_btc, 155026211794, False
btc_pax, None, 0.793696, 3570.19, 21, 1, smm_btc, 155026211793, True
btc_pax, None, 0.793696, 3570.2, 21, 1, smm_btc, 155026212396, False
btc_pax, None, 0.8, 3579.72, 23, 1, smm_btc, 155026211794, True
btc_pax, None, 0.793696, 3570.2, 21, 1, smm_btc, 155026212396, True
btc_pax, None, 0.8, 3579.83, 23, 1, smm_btc, 155026212699, False
btc_pax, None, 0.793696, 3570.22, 21, 1, smm_btc, 155026213200, False
btc_pax, None, 0.793696, 3570.22, 21, 1, smm_btc, 155026213200, True
btc_pax, None, 0.793696, 3570.24, 21, 1, smm_btc, 155026213802, False
btc_pax, None, 0.793696, 3570.24, 21, 1, smm_btc, 155026213802, True
btc_pax, None, 0.793696, 3570.26, 21, 1, smm_btc, 155026215204, False
btc_pax, None, 0.793696, 3570.26, 21, 1, smm_btc, 155026215204, True
btc_pax, None, 0.793696, 3570.28, 21, 1, smm_btc, 155026215806, False
btc_pax, None, 0.8, 3579.83, 23, 1, smm_btc, 155026212699, True
btc_pax, None, 0.8, 3579.75, 23, 1, smm_btc, 155026216108, False
btc_pax, None, 0.8, 3579.75, 23, 1, smm_btc, 155026216108, True
btc_pax, None, 0.8, 3579.75, 23, 1, smm_btc, 155026216810, False
btc_pax, None, 0.793696, 3570.28, 21, 1, smm_btc, 155026215806, True
btc_pax, None, 0.8, 3579.75, 23, 1, smm_btc, 155026216810, True
btc_pax, None, 0.793696, 3570.7, 21, 1, smm_btc, 155026217413, False
btc_pax, None, 0.8, 3580.44, 23, 1, smm_btc, 155026217414, False
btc_pax, None, 0.793696, 3570.7, 21, 1, smm_btc, 155026217413, True
btc_pax, None, 0.8, 3580.44, 23, 1, smm_btc, 155026217414, True
btc_pax, None, 0.793696, 3570.74, 21, 1, smm_btc, 155026218217, False
btc_pax, None, 0.8, 3581.03, 23, 1, smm_btc, 155026218218, False
btc_pax, None, 0.793696, 3570.74, 21, 1, smm_btc, 155026218217, True
btc_pax, None, 0.793696, 3572.01, 21, 1, smm_btc, 155026219520, False
btc_pax, None, 0.8, 3581.03, 23, 1, smm_btc, 155026218218, True
btc_pax, None, 0.8, 3580.93, 23, 1, smm_btc, 155026220422, False
btc_pax, None, 0.8, 3562.12, 21, 1, smm_btc, 155026220723, False
btc_pax, None, 0.8, 3562.12, 21, 1, smm_btc, 155026220723, True
btc_pax, None, 0.8, 3580.93, 23, 1, smm_btc, 155026220422, True
btc_pax, None, 0.8, 3570.74, 21, 1, smm_btc, 155026221726, False
btc_pax, None, 0.8, 3572.91, 23, 1, smm_btc, 155026221727, False
btc_pax, None, 0.8, 3570.74, 21, 1, smm_btc, 155026221726, True
btc_pax, None, 0.8, 3572.91, 23, 1, smm_btc, 155026221727, True
btc_pax, None, 0.8, 3570.78, 21, 1, smm_btc, 155026223930, False
btc_pax, None, 0.8, 3572.87, 23, 1, smm_btc, 155026223931, False
btc_pax, None, 0.8, 3572.87, 23, 1, smm_btc, 155026223931, True
btc_pax, None, 0.8, 3572.88, 23, 1, smm_btc, 155026225933, False
btc_pax, None, 0.8, 3570.78, 21, 1, smm_btc, 155026223930, True
btc_pax, None, 0.8, 3572.88, 23, 1, smm_btc, 155026225933, True
btc_pax, None, 0.8, 3570.74, 21, 1, smm_btc, 155026230236, False
btc_pax, None, 0.8, 3572.92, 23, 1, smm_btc, 155026230237, False
btc_pax, None, 0.8, 3570.74, 21, 1, smm_btc, 155026230236, True
btc_pax, None, 0.8, 3572.92, 23, 1, smm_btc, 155026230237, True
btc_pax, None, 0.8, 3570.78, 21, 1, smm_btc, 155026231840, False
btc_pax, None, 0.8, 3572.88, 23, 1, smm_btc, 155026231841, False
btc_pax, None, 0.8, 3570.78, 21, 1, smm_btc, 155026231840, True
btc_pax, None, 0.8, 3569.34, 21, 1, smm_btc, 155026235043, False
btc_pax, None, 0.8, 3569.34, 21, 1, smm_btc, 155026235043, True
btc_pax, None, 0.8, 3570.9, 21, 1, smm_btc, 155026236045, False
btc_pax, None, 0.8, 3570.9, 21, 1, smm_btc, 155026236045, True
btc_pax, None, 0.8, 3569.35, 21, 1, smm_btc, 155026236747, False
btc_pax, None, 0.8, 3569.35, 21, 1, smm_btc, 155026236747, True
btc_pax, None, 0.8, 3569.36, 21, 1, smm_btc, 155026238849, False
btc_pax, None, 0.8, 3569.36, 21, 1, smm_btc, 155026238849, True
btc_pax, None, 0.8, 3569.37, 21, 1, smm_btc, 155026240251, False
btc_pax, None, 0.8, 3569.37, 21, 1, smm_btc, 155026240251, True
btc_pax, None, 0.8, 3569.38, 21, 1, smm_btc, 155026242753, False
btc_pax, None, 0.8, 3569.38, 21, 1, smm_btc, 155026242753, True
btc_pax, None, 0.8, 3572.88, 23, 1, smm_btc, 155026231841, True
btc_pax, None, 0.8, 3569.34, 21, 1, smm_btc, 155026243456, False
btc_pax, None, 0.8, 3572.92, 23, 1, smm_btc, 155026243457, False
btc_pax, None, 0.8, 3569.34, 21, 1, smm_btc, 155026243456, True
btc_pax, None, 0.8, 3572.92, 23, 1, smm_btc, 155026243457, True
btc_pax, None, 0.8, 3569.38, 21, 1, smm_btc, 155026244560, False
btc_pax, None, 0.8, 3572.88, 23, 1, smm_btc, 155026244561, False
btc_pax, None, 0.8, 3569.38, 21, 1, smm_btc, 155026244560, True
btc_pax, None, 0.8, 3569.51, 21, 1, smm_btc, 155026247263, False
btc_pax, None, 0.8, 3572.88, 23, 1, smm_btc, 155026244561, True
btc_pax, None, 0.8, 3569.51, 21, 1, smm_btc, 155026247263, True
btc_pax, None, 0.8, 3573.03, 23, 1, smm_btc, 155026247566, False
btc_pax, None, 0.8, 3569.46, 21, 1, smm_btc, 155026247867, False
btc_pax, None, 0.8, 3569.46, 21, 1, smm_btc, 155026247867, True
btc_pax, None, 0.8, 3573.03, 23, 1, smm_btc, 155026247566, True
btc_pax, None, 0.8, 3569.51, 21, 1, smm_btc, 155026248870, False
btc_pax, None, 0.8, 3572.98, 23, 1, smm_btc, 155026248871, False
btc_pax, None, 0.8, 3569.51, 21, 1, smm_btc, 155026248870, True
btc_pax, None, 0.8, 3572.98, 23, 1, smm_btc, 155026248871, True
btc_pax, None, 0.8, 3569.46, 21, 1, smm_btc, 155026253274, False
btc_pax, None, 0.8, 3573.03, 23, 1, smm_btc, 155026253275, False
btc_pax, None, 0.8, 3569.46, 21, 1, smm_btc, 155026253274, True
btc_pax, None, 0.8, 3569.52, 21, 1, smm_btc, 155026254377, False
btc_pax, None, 0.8, 3573.03, 23, 1, smm_btc, 155026253275, True
btc_pax, None, 0.8, 3572.98, 23, 1, smm_btc, 155026254679, False
btc_pax, None, 0.8, 3569.52, 21, 1, smm_btc, 155026254377, True
btc_pax, None, 0.8, 3569.53, 21, 1, smm_btc, 155026257681, False
btc_pax, None, 0.8, 3569.53, 21, 1, smm_btc, 155026257681, True
btc_pax, None, 0.8, 3568.63, 21, 1, smm_btc, 155026258883, False
btc_pax, None, 0.8, 3568.63, 21, 1, smm_btc, 155026258883, True
btc_pax, None, 0.8, 3568.64, 21, 1, smm_btc, 155026262085, False
btc_pax, None, 0.8, 3568.64, 21, 1, smm_btc, 155026262085, True
btc_pax, None, 0.8, 3569.53, 21, 1, smm_btc, 155026262987, False
btc_pax, None, 0.8, 3569.53, 21, 1, smm_btc, 155026262987, True
btc_pax, None, 0.8, 3568.64, 21, 1, smm_btc, 155026264089, False
btc_pax, None, 0.8, 3568.64, 21, 1, smm_btc, 155026264089, True
btc_pax, None, 0.8, 3568.65, 21, 1, smm_btc, 155026265691, False
btc_pax, None, 0.8, 3568.65, 21, 1, smm_btc, 155026265691, True
btc_pax, None, 0.8, 3568.66, 21, 1, smm_btc, 155026267293, False
btc_pax, None, 0.8, 3568.66, 21, 1, smm_btc, 155026267293, True
btc_pax, None, 0.8, 3568.67, 21, 1, smm_btc, 155026269195, False
btc_pax, None, 0.8, 3568.67, 21, 1, smm_btc, 155026269195, True
btc_pax, None, 0.8, 3568.68, 21, 1, smm_btc, 155026272997, False
btc_pax, None, 0.8, 3568.68, 21, 1, smm_btc, 155026272997, True
btc_pax, None, 0.8, 3572.98, 23, 1, smm_btc, 155026254679, True
btc_pax, None, 0.8, 3568.64, 21, 1, smm_btc, 155026274900, False
btc_pax, None, 0.8, 3573.03, 23, 1, smm_btc, 155026274901, False
btc_pax, None, 0.8, 3568.64, 21, 1, smm_btc, 155026274900, True
btc_pax, None, 0.8, 3573.03, 23, 1, smm_btc, 155026274901, True
btc_pax, None, 0.8, 3568.69, 21, 1, smm_btc, 155026275904, False
btc_pax, None, 0.8, 3572.98, 23, 1, smm_btc, 155026276005, False
btc_pax, None, 0.8, 3568.69, 21, 1, smm_btc, 155026275904, True
btc_pax, None, 0.8, 3568.7, 21, 1, smm_btc, 155026277407, False
btc_pax, None, 0.8, 3568.7, 21, 1, smm_btc, 155026277407, True
btc_pax, None, 0.8, 3572.98, 23, 1, smm_btc, 155026276005, True
btc_pax, None, 0.8, 3568.67, 21, 1, smm_btc, 155026279710, False
btc_pax, None, 0.8, 3573.01, 23, 1, smm_btc, 155026279711, False
btc_pax, None, 0.8, 3573.01, 23, 1, smm_btc, 155026279711, True
btc_pax, None, 0.8, 3568.67, 21, 1, smm_btc, 155026279710, True
btc_pax, None, 0.8, 3572.86, 23, 1, smm_btc, 155026282314, False
btc_pax, None, 0.8, 3568.7, 21, 1, smm_btc, 155026282915, False
btc_pax, None, 0.8, 3568.7, 21, 1, smm_btc, 155026282915, True
btc_pax, None, 0.8, 3572.86, 23, 1, smm_btc, 155026282314, True
btc_pax, None, 0.8, 3568.68, 21, 1, smm_btc, 155026284518, False
btc_pax, None, 0.8, 3572.89, 23, 1, smm_btc, 155026284519, False
btc_pax, None, 0.8, 3568.68, 21, 1, smm_btc, 155026284518, True
btc_pax, None, 0.8, 3572.89, 23, 1, smm_btc, 155026284519, True
btc_pax, None, 0.8, 3568.71, 21, 1, smm_btc, 155026286122, False
btc_pax, None, 0.8, 3568.71, 21, 1, smm_btc, 155026286122, True
btc_pax, None, 0.8, 3579.0, 23, 1, smm_btc, 155026286624, False
btc_pax, None, 0.8, 3568.72, 21, 1, smm_btc, 155026287025, False
btc_pax, None, 0.8, 3579.0, 23, 1, smm_btc, 155026286624, True
btc_pax, None, 0.8, 3572.78, 23, 1, smm_btc, 155026287327, False
btc_pax, None, 0.8, 3568.72, 21, 1, smm_btc, 155026287025, True
btc_pax, None, 0.8, 3572.78, 23, 1, smm_btc, 155026287327, True
btc_pax, None, 0.8, 3568.69, 21, 1, smm_btc, 155026288830, False
btc_pax, None, 0.8, 3572.81, 23, 1, smm_btc, 155026288831, False
btc_pax, None, 0.8, 3568.69, 21, 1, smm_btc, 155026288830, True
btc_pax, None, 0.8, 3572.81, 23, 1, smm_btc, 155026288831, True
btc_pax, None, 0.8, 3568.72, 21, 1, smm_btc, 155026290234, False
btc_pax, None, 0.8, 3572.78, 23, 1, smm_btc, 155026290235, False
btc_pax, None, 0.8, 3568.72, 21, 1, smm_btc, 155026290234, True
btc_pax, None, 0.8, 3568.73, 21, 1, smm_btc, 155026291237, False
btc_pax, None, 0.8, 3568.73, 21, 1, smm_btc, 155026291237, True
btc_pax, None, 0.8, 3568.74, 21, 1, smm_btc, 155026293739, False
btc_pax, None, 0.8, 3568.74, 21, 1, smm_btc, 155026293739, True
btc_pax, None, 0.8, 3568.75, 21, 1, smm_btc, 155026296241, False
btc_pax, None, 0.8, 3572.78, 23, 1, smm_btc, 155026290235, True
btc_pax, None, 0.8, 3572.12, 23, 1, smm_btc, 155026297043, False
btc_pax, None, 0.8, 3572.12, 23, 1, smm_btc, 155026297043, True
btc_pax, None, 0.8, 3570.44, 23, 1, smm_btc, 155026299145, False
btc_pax, None, 0.8, 3556.48, 21, 1, smm_btc, 155026299246, False
btc_pax, None, 0.8, 3570.44, 23, 1, smm_btc, 155026299145, True
btc_pax, None, 0.8, 3556.48, 21, 1, smm_btc, 155026299246, True
btc_pax, None, 0.8, 3568.88, 23, 1, smm_btc, 155026300049, False
btc_pax, None, 0.8, 3556.86, 21, 1, smm_btc, 155026300150, False
btc_pax, None, 0.8, 3568.88, 23, 1, smm_btc, 155026300049, True
btc_pax, None, 0.8, 3568.86, 23, 1, smm_btc, 155026300852, False
btc_pax, None, 0.8, 3568.86, 23, 1, smm_btc, 155026300852, True
btc_pax, None, 0.8, 3568.84, 23, 1, smm_btc, 155026301454, False
btc_pax, None, 0.8, 3568.84, 23, 1, smm_btc, 155026301454, True
btc_pax, None, 0.8, 3568.82, 23, 1, smm_btc, 155026302056, False
btc_pax, None, 0.8, 3568.82, 23, 1, smm_btc, 155026302056, True
btc_pax, None, 0.8, 3556.86, 21, 1, smm_btc, 155026300150, True
btc_pax, None, 0.8, 3568.8, 23, 1, smm_btc, 155026302859, False
btc_pax, None, 0.8, 3557.57, 21, 1, smm_btc, 155026302860, False
btc_pax, None, 0.8, 3568.8, 23, 1, smm_btc, 155026302859, True
btc_pax, None, 0.8, 3568.78, 23, 1, smm_btc, 155026305462, False
btc_pax, None, 0.8, 3568.78, 23, 1, smm_btc, 155026305462, True
btc_pax, None, 0.8, 3557.57, 21, 1, smm_btc, 155026302860, True
btc_pax, None, 0.8, 3568.76, 23, 1, smm_btc, 155026306265, False
btc_pax, None, 0.8, 3558.62, 21, 1, smm_btc, 155026306266, False
btc_pax, None, 0.8, 3568.76, 23, 1, smm_btc, 155026306265, True
btc_pax, None, 0.8, 3568.74, 23, 1, smm_btc, 155026306968, False
btc_pax, None, 0.8, 3558.62, 21, 1, smm_btc, 155026306266, True
btc_pax, None, 0.8, 3568.74, 23, 1, smm_btc, 155026306968, True
btc_pax, None, 0.8, 3557.57, 21, 1, smm_btc, 155026307271, False
btc_pax, None, 0.8, 3568.72, 23, 1, smm_btc, 155026307572, False
btc_pax, None, 0.8, 3557.57, 21, 1, smm_btc, 155026307271, True
btc_pax, None, 0.8, 3568.72, 23, 1, smm_btc, 155026307572, True
btc_pax, None, 0.8, 3558.62, 21, 1, smm_btc, 155026307875, False
btc_pax, None, 0.8, 3568.7, 23, 1, smm_btc, 155026308276, False
btc_pax, None, 0.8, 3568.7, 23, 1, smm_btc, 155026308276, True
btc_pax, None, 0.8, 3568.68, 23, 1, smm_btc, 155026309278, False
btc_pax, None, 0.8, 3568.68, 23, 1, smm_btc, 155026309278, True
btc_pax, None, 0.8, 3568.66, 23, 1, smm_btc, 155026311780, False
btc_pax, None, 0.8, 3568.66, 23, 1, smm_btc, 155026311780, True
btc_pax, None, 0.8, 3568.64, 23, 1, smm_btc, 155026312482, False
btc_pax, None, 0.8, 3558.62, 21, 1, smm_btc, 155026307875, True
btc_pax, None, 0.8, 3568.64, 23, 1, smm_btc, 155026312482, True
btc_pax, None, 0.8, 3557.15, 21, 1, smm_btc, 155026312785, False
btc_pax, None, 0.8, 3568.62, 23, 1, smm_btc, 155026313386, False
btc_pax, None, 0.8, 3557.15, 21, 1, smm_btc, 155026312785, True
btc_pax, None, 0.8, 3568.62, 23, 1, smm_btc, 155026313386, True
btc_pax, None, 0.8, 3557.15, 21, 1, smm_btc, 155026313989, False
btc_pax, None, 0.8, 3568.6, 23, 1, smm_btc, 155026314290, False
btc_pax, None, 0.8, 3557.15, 21, 1, smm_btc, 155026313989, True
btc_pax, None, 0.8, 3568.6, 23, 1, smm_btc, 155026314290, True
btc_pax, None, 0.8, 3557.15, 21, 1, smm_btc, 155026314593, False
btc_pax, None, 0.8, 3568.54, 23, 1, smm_btc, 155026315294, False
btc_pax, None, 0.8, 3568.54, 23, 1, smm_btc, 155026315294, True
btc_pax, None, 0.8, 3568.48, 23, 1, smm_btc, 155026316796, False
btc_pax, None, 0.8, 3557.15, 21, 1, smm_btc, 155026314593, True
btc_pax, None, 0.8, 3568.48, 23, 1, smm_btc, 155026316796, True
btc_pax, None, 0.8, 3557.57, 21, 1, smm_btc, 155026317099, False
btc_pax, None, 0.8, 3568.46, 23, 1, smm_btc, 155026317300, False
btc_pax, None, 0.8, 3568.46, 23, 1, smm_btc, 155026317300, True
btc_pax, None, 0.8, 3568.44, 23, 1, smm_btc, 155026318102, False
btc_pax, None, 0.8, 3568.44, 23, 1, smm_btc, 155026318102, True
btc_pax, None, 0.8, 3557.57, 21, 1, smm_btc, 155026317099, True
btc_pax, None, 0.8, 3568.42, 23, 1, smm_btc, 155026318705, False
btc_pax, None, 0.8, 3556.86, 21, 1, smm_btc, 155026318706, False
btc_pax, None, 0.8, 3568.42, 23, 1, smm_btc, 155026318705, True
btc_pax, None, 0.8, 3556.86, 21, 1, smm_btc, 155026318706, True
btc_pax, None, 0.8, 3568.4, 23, 1, smm_btc, 155026319609, False
btc_pax, None, 0.8, 3556.86, 21, 1, smm_btc, 155026319610, False
btc_pax, None, 0.8, 3568.4, 23, 1, smm_btc, 155026319609, True
btc_pax, None, 0.8, 3556.86, 21, 1, smm_btc, 155026319610, True
btc_pax, None, 0.8, 3568.38, 23, 1, smm_btc, 155026320213, False
btc_pax, None, 0.8, 3556.86, 21, 1, smm_btc, 155026320214, False
btc_pax, None, 0.8, 3568.38, 23, 1, smm_btc, 155026320213, True
btc_pax, None, 0.8, 3568.36, 23, 1, smm_btc, 155026322016, False
btc_pax, None, 0.8, 3556.86, 21, 1, smm_btc, 155026320214, True
btc_pax, None, 0.8, 3568.36, 23, 1, smm_btc, 155026322016, True
btc_pax, None, 0.8, 3556.82, 21, 1, smm_btc, 155026322519, False
btc_pax, None, 0.8, 3568.3, 23, 1, smm_btc, 155026322820, False
btc_pax, None, 0.8, 3568.3, 23, 1, smm_btc, 155026322820, True
btc_pax, None, 0.8, 3568.21, 23, 1, smm_btc, 155026323622, False
btc_pax, None, 0.8, 3568.21, 23, 1, smm_btc, 155026323622, True
btc_pax, None, 0.8, 3568.16, 23, 1, smm_btc, 155026324324, False
btc_pax, None, 0.8, 3568.16, 23, 1, smm_btc, 155026324324, True
btc_pax, None, 0.8, 3568.1, 23, 1, smm_btc, 155026325526, False
btc_pax, None, 0.8, 3568.1, 23, 1, smm_btc, 155026325526, True
btc_pax, None, 0.8, 3556.82, 21, 1, smm_btc, 155026322519, True
btc_pax, None, 0.8, 3568.08, 23, 1, smm_btc, 155026326229, False
btc_pax, None, 0.8, 3556.86, 21, 1, smm_btc, 155026326230, False
btc_pax, None, 0.8, 3568.08, 23, 1, smm_btc, 155026326229, True
btc_pax, None, 0.8, 3568.06, 23, 1, smm_btc, 155026327332, False
btc_pax, None, 0.8, 3568.06, 23, 1, smm_btc, 155026327332, True
btc_pax, None, 0.8, 3568.04, 23, 1, smm_btc, 155026327934, False
btc_pax, None, 0.8, 3568.04, 23, 1, smm_btc, 155026327934, True
btc_pax, None, 0.8, 3556.86, 21, 1, smm_btc, 155026326230, True
btc_pax, None, 0.8, 3568.02, 23, 1, smm_btc, 155026328837, False
btc_pax, None, 0.8, 3556.82, 21, 1, smm_btc, 155026328838, False
btc_pax, None, 0.8, 3568.02, 23, 1, smm_btc, 155026328837, True
btc_pax, None, 0.8, 3556.82, 21, 1, smm_btc, 155026328838, True
btc_pax, None, 0.8, 3568.0, 23, 1, smm_btc, 155026329741, False
btc_pax, None, 0.8, 3556.86, 21, 1, smm_btc, 155026329742, False
btc_pax, None, 0.8, 3568.0, 23, 1, smm_btc, 155026329741, True
btc_pax, None, 0.8, 3556.86, 21, 1, smm_btc, 155026329742, True
btc_pax, None, 0.8, 3567.98, 23, 1, smm_btc, 155026330345, False
btc_pax, None, 0.8, 3557.15, 21, 1, smm_btc, 155026330346, False
btc_pax, None, 0.8, 3567.98, 23, 1, smm_btc, 155026330345, True
btc_pax, None, 0.8, 3565.98, 23, 1, smm_btc, 155026331648, False
btc_pax, None, 0.8, 3565.98, 23, 1, smm_btc, 155026331648, True
btc_pax, None, 0.8, 3557.15, 21, 1, smm_btc, 155026330346, True
btc_pax, None, 0.8, 3565.96, 23, 1, smm_btc, 155026332251, False
btc_pax, None, 0.8, 3556.86, 21, 1, smm_btc, 155026332252, False
btc_pax, None, 0.8, 3565.96, 23, 1, smm_btc, 155026332251, True
btc_pax, None, 0.8, 3556.86, 21, 1, smm_btc, 155026332252, True
btc_pax, None, 0.8, 3565.94, 23, 1, smm_btc, 155026332955, False
btc_pax, None, 0.8, 3557.15, 21, 1, smm_btc, 155026332956, False
btc_pax, None, 0.8, 3565.94, 23, 1, smm_btc, 155026332955, True
btc_pax, None, 0.8, 3565.93, 23, 1, smm_btc, 155026334058, False
btc_pax, None, 0.8, 3565.93, 23, 1, smm_btc, 155026334058, True
btc_pax, None, 0.8, 3565.93, 23, 1, smm_btc, 155026334860, False
btc_pax, None, 0.8, 3565.93, 23, 1, smm_btc, 155026334860, True
btc_pax, None, 0.8, 3557.15, 21, 1, smm_btc, 155026332956, True
btc_pax, None, 0.8, 3578.46, 23, 1, smm_btc, 155020960659, False
btc_pax, None, 0.550785, 3577.0, 21, 1, smm_btc, 155020968065, False
btc_pax, None, 0.8, 3557.15, 21, 1, smm_btc, 155026332956, True
btc_pax, None, 0.8, 3578.46, 23, 1, smm_btc, 155020960659, False
btc_pax, None, 0.550785, 3577.0, 21, 1, smm_btc, 155020968065, False
btc_pax, None, 0.8, 3578.46, 23, 1, smm_btc, 155020960659, False
btc_pax, None, 0.550785, 3577.0, 21, 1, smm_btc, 155020968065, False
